07954017000127
06185371000414
19553962000104
17611656000143
72068935000110
00033613000397
11136425000149
02294780000155
16562851000168
11319757000169
08632253000270
14668281000160
12529340000193
42469510000152
07496743000143
06233110000180
00776806001571
12462606000128
07084727000143
05883596000139
07334648000143
08678135000112
07510926000176
07562904000150
11575892000175
16241150000127
02466142000174
01109184000195
11054199000157
04382346000152
58537952000129
98102924010409
07021250000157
10298132000103
73457657000156
01463526000170
19709344000607
12510940000100
09165662000196
01389888000169
05859011000145
78415056000102
09119158000150
86499001000148
02055899000175
40432544025301
42351304000143
04644171000104
15325063000195
14136568000149
07533601000109
75196584000111
12356100001106
08181706000109
10987779000134
74100454000170
94872595000119
13570056000123
16542501000130
94105541000128
77044618001826
09326065000104
01819620000110
04125446000101
06042750000102
95754248000154
19344706000107
05257695000105
00907958000160
11986489000139
05534759000178
85270205000140
96418264004800
93209765025616
06964537000158
23605222000133
01892654000130
00461093000151
67056747000132
03369369000164
03130508000100
00289259000102
07094387000131
29513918000116
00863548000165
33014556103246
08964503000199
08739130000152
02829985000198
16816196000127
07482781000147
17900878000186
02905110011677
27185415000133
73656407000145
02389821000197
03339560000163
08600054000108
16721101000272
79476172000196
09236947000170
01811372000160
19811747000158
07109733000108
82321845000143
09722702000153
20351305000155
03632934000134
14811313000134
12067522000190
11336822000164
06981967000188
11871702000167
29995487000171
71085328000104
04696176000180
33516154000190
12768968000141
10876698000167
01673583000265
15022249000175
18546933000306
11403094000166
69954212000104
10948646000159
02808494000160
03069472000199
10497542000175
06023835000143
00398167000233
26675223000142
11481280000113
02250994000391
23433843000187
47432570000114
87311288000101
16823151000180
07822748000119
03931831000175
09033078000187
05509824000105
26641981000140
09355855000100
23515935000106
05014638000103
17085884000127
09942737000106
13991078000167
03163462000118
05565836000157
19886868000169
05353295000101
89731988000172
11830323000129
23505231000233
62976063000135
15537907000161
01264671000122
45543915038154
17251160000106
12941682000116
08140272000107
07705545000142
91190579000158
21936806000166
11047161000157
04990440000194
47508411118076
14204583000187
14271195000119
02007034000133
37645074000195
45543915044120
24553365000101
12002506000119
67459305000137
81512519000150
06002819000174
33438250022640
15731658000140
34677021000168
04273060000139
10338680000101
07207491000195
88769724000145
07130191000155
05000932000158
39276548000102
01792440000191
12473601000109
05425074000193
01549160000157
03872403000119
07308403000141
82240375000193
20446668000174
11357067000102
12137729000193
11519114000169
24286739000170
20078006000199
59527572000176
10968970000139
10708694000331
04016141000153
14396402000161
02263544000171
00250260000115
41710021000188
92973643000725
77256741000162
04057418000196
03537824000193
20088574000170
36184943000169
35368331000244
85474013000155
33003294000164
00306597006804
68529072000164
10957267000125
02819709000149
25588716000182
27171883000906
07456462000167
01574386000299
19017606000168
06140766000158
82247214000121
05411801000163
27947936000180
22728765000185
07869414000109
10280765004173
01976860000632
18725011000102
23522606000192
42591651133615
07392116000162
07019590000143
05908919000100
17812642000198
03832974000120
07280740000178
17163262000170
92770262000153
61350765000146
22855198000128
97425789000164
29167763000103
28037548000125
06182600000102
03002339002240
03023342000115
10562906000153
82261694000185
79164307000188
04881067000133
31982738000125
08071224000104
11013861000120
73471427000141
05233132000187
11852643000180
09585558000150
09131960000165
04641376008200
07115970000181
05138015000134
06302885000160
27756881000121
14345062000140
07779796000171
90300534000398
37083474000405
15201176000189
21780877000112
14854936000194
07239950000112
01357644000102
19382368000190
00735260000105
02681911000157
03918434000163
07272712000109
11436945000177
68604222000157
03389590000184
05004708000134
01723080000176
19599043000163
02312399000171
15403420000196
16778258000153
84641331000605
30785802000115
96643218000133
15529825002038
67774679000147
27010101000108
04518084000100
20228437000194
02985142000180
07278887000123
08038276000170
78921533000101
02894801000173
68062827002379
42288563000177
06656656001620
20601837000101
08326867000224
05688165000111
61585865121293
12271388000144
04444941000175
17272616000114
12117324000193
13413954000178
14728378000110
01520667000501
06062742000470
01754762000146
31923766000171
92016484002552
16911062000195
22101690000108
64402696000165
07628437000113
70120662007002
05830825000157
04442186000351
03380259000101
06998437000223
13857945000176
14063494000168
17660613000158
01426618000180
26204046000116
25431016000180
07093661000158
27184883000193
85515559000107
15778736000162
13032285000194
09355774000100
63004030007441
04860249000128
01544636000167
03011048000193
03521835000185
04033848000178
01520667000420
06261968000158
43283811016587
01740627000737
01844150000144
43598531000211
60835667000136
03904783000126
79683892000122
07087016000122
58594128000100
03329046000147
17248831000180
02602418000102
07071741000102
06264434000185
15398914000120
19561022000159
09160226002330
10359477000111
11394895000102
10362772000127
09058890000167
08108756000160
22881352000136
12578988000150
15046306000156
97313654000107
10879024000116
13909786000106
17332256000107
17680665000196
69608784000131
03721564000101
13004510025173
08790519000122
04264091000123
10819115000166
00937804000111
04357481000148
09198713000186
05148644000145
12868259000138
23314933000159
00838374000180
02987452000134
07306162000444
13124400000150
13091943000119
03004219000157
00848848000175
08912508000178
26297716000196
14576814000183
47508411224429
10347300000103
21879399000100
60076676000190
00712682000165
39346861030311
13318047000140
06862627000561
68765171000145
10995481000176
09134593000153
15328036000176
47508411035960
11206461000131
01621271000127
06182123000177
03289935000128
25867680000176
57850224000100
04688027000170
04277348000181
02879779000192
82600834000100
07130323000149
10670871000176
12977901000117
09044455000183
17862883000141
23663918000116
92820877000147
21034387000177
83238022000111
04800604000173
01961155000157
06057223004169
08071937000160
02137708000114
91714477000194
47209796000150
10222686000119
27956310000130
02674088000403
04937272000688
69425734000208
34772491000100
35716679000366
07679989000150
87359568000262
05602936000106
43969997000103
43283811009106
47003728000211
34028316583613
30776602000104
05786211000115
08628887000179
04634310000119
97064737000100
02180297000140
27178607000112
11092554000182
08147519000109
92781343000159
06180484000184
95030086000101
00369169000113
05680215000114
08924057000199
01460635000134
01714914000187
04603481000180
14208136000104
13491214000150
04084574000146
35495878000120
27591882000163
13890625000118
07651275000134
03001214000170
26633542000195
07068988000170
49682198000120
09675751000182
91417329000108
06133762000142
07108907000118
07790953000220
03590418000607
02326961000116
04729627000139
23496359000601
08197731000504
18616581000156
84983857000169
05499372000128
10823651000135
18137914000164
07138405000130
16808529000419
08836289000195
00403968000169
05318526000138
24813731000114
07780326000128
00639811000137
07001808000132
17081258000162
14025614000132
15607296000180
21146072000111
75301119000101
13646929000134
04029424000130
07706057000150
09161983000112
34830570000120
33040262000210
21511950000150
09337112000107
60587110000123
11304898000108
13707846000108
42946129000480
06059920000161
02951472000155
09278987000690
10249515000183
12847388000140
07115500000118
16874138000150
03413550000120
12147278000175
25255233000166
41550112000101
08996540000189
09017063000125
13664851000180
33639725000183
06919210000164
01684610000114
07759967000109
07313735000114
08042680000118
08074685000122
68955459000182
06057223029820
00250421000170
03628888000108
08635885000107
03290773000148
01856694000126
73925489000186
12789211000134
53964227000113
08947313000163
00398121000133
04401229000199
00986764000106
06866663000170
00065562000113
04099559000171
91151969000119
05985315000159
03752936000167
21297785000186
14721998000209
77873271000348
10990495000105
11169421000248
16613299000190
00129888000167
01973424000103
07479291000191
11032598000117
09392341000477
07647018000129
07699864000192
01611848000110
07316480000143
06828859000501
12001677000123
02496240000154
53541405000101
07674776000136
05291353000101
37435328001112
06993922000123
24100554000129
07861357000103
89431209000113
33130543000263
18071807000180
08928024000117
05670192000167
11375494000105
03308374000167
13344241000108
02464291000102
86459385000175
01952265000152
31019569000122
76581289000141
16286742000165
79379491009997
12710001000109
04751615000100
04086172000180
01606925000143
14223604000101
28899635000191
08367816000160
30071523000190
03065624000185
14208021000101
01098983010680
02624558000173
08003499000100
10293585000139
12621828000146
25449663000119
07231952000165
05247321000109
10510099000125
00366036000193
10217903000182
06998219000108
11781168000106
37644838000128
09609009000179
07275031001419
06162854000150
06008085000130
09240053000154
19532514000205
04078841000172
43283811006271
11107673000161
80359003000155
26891507000176
00917218000105
07115091000150
15530882000174
14223134000186
08358853000101
11183848000110
14165743000126
03538129000146
04985329000100
04796040000142
76484161000674
10573094000141
27505847000184
14057710000162
40575870000103
13513681000133
20952963000100
20415295002975
37453735000180
14932176000196
17365332000172
18979708001173
07853692000160
09521357000190
11406987000165
14261407000187
05447263000329
15087034000132
24212365000148
11513187000143
12098577000167
93639631000136
03267414000170
25229330000184
03300540000189
78637030000109
19433872000171
08767553000186
11356166000595
03642837000203
06025901000114
11686222000126
01294495000171
09352655000101
26858712000130
02947007000140
04621700000154
09448028000160
02938301000196
27624923000170
22893580000126
84646934000357
07047159000100
07809127000103
13286896000169
42137836000182
17476547000160
04074980000128
93209765024130
03810332000804
45642204000164
11727143000116
61084018000294
00112364000163
09010668000194
23459686000189
02288588000156
76840198000183
08379705000173
65949547000183
02929752000167
93209765026850
20116960000129
17347078000180
02939491000166
06912558000120
08764845000165
54584057000104
94057338000123
17524672000107
00643406000192
04029720000130
74034810000103
33188475000102
55917116000181
88860226000103
01754671000100
06027143000173
06626253027009
17967374000264
23237033000155
07419217000180
10325781000148
81554644000123
17330410000101
13669325000103
34028316775369
15127372000150
17680499000128
06174327000166
04781244000100
19758023000350
42800318000105
28109561000142
22707233000161
83817858006454
28048452000162
03358054000111
20461964000144
19752621000150
08543097000190
61585865030492
73592404000195
00612043000128
01443757000112
02895408000102
11473163000108
00536048000119
17890048000115
10939670000121
03866011000147
08399617000214
90144197000125
14769504000185
58752130000160
33066440000109
17743650000120
44383321000198
84143114000180
16988606000117
00171814001675
02876834000190
17581836000120
25747551000144
04895538000162
18520421000290
68504224000174
90399312000102
27545380000104
73029308000133
04466875000215
85779031000145
10530633000165
19178664000173
32603292000143
15459431001089
00756455000131
09232193000180
33014556076761
09028889000190
05948842000193
24930309000149
07912785000118
02955222000193
19515519000130
07240450000443
12111552000156
56045677000443
03074821000160
33476375000181
85188118000148
09334133000179
00323439000155
52736758000510
17994158000127
64779507000178
05141410000176
13004510002637
09616078000100
01654377000127
21170879000190
59531715000113
08353104000191
68168145000130
41673112000190
33381286006273
06198737000147
17820808000118
78794674000100
00827270000170
10575987000126
18397996000186
17043352000127
28609306000169
02744088000181
05414632000115
07633864000190
13836114000207
11714121000111
05878352000168
23209771000199
71322150002537
08986856000190
13153658000185
12058092000140
85072098000226
14775203000164
07581592000474
02957189000130
03369835000101
07571746000102
22870412000115
02650875000245
15197000000109
05240196000105
12869186000107
10352344000113
16561450000193
30118426000105
96409172000192
05676850000128
26445742000114
15599548000177
30967541000154
02471339000100
14215927000153
04441081000116
01107826000117
24252029000129
11118868000107
15606913000123
05887701000108
17745613002790
00388909000169
13675016000146
07236419000196
09477652000358
02106206000126
83874305000150
08899581000157
15759459000140
04126937000169
19680006000185
01228234000153
26367929000147
04337524000123
17286915000108
09495209000148
84855436000152
08787133000161
02885584000155
17249318000103
13708197000160
09311643000120
18357562000152
07738050000110
41473497000142
06146660000161
08863191000127
04979271000191
08865774000197
92346824000136
20512228000178
37482981000160
03656245000160
77044618003012
77905586000168
18163258000174
19045297000130
07551516000173
12537073000104
43283811021823
07315918000179
10742195000107
18508957000109
11370394000196
09013914000161
17256512008524
24018574000155
20835103000189
16869330000158
14700772000140
77884559000156
07387717000187
09042481000172
24073694000317
02916914000122
72193022000126
07205302000145
03800481000108
02558157028849
05469022000119
49024557000151
17462168000111
61843256001631
13737219000110
05788462000139
02619171000129
04133163000101
02604802000136
00058819000100
00976256000139
02276456000104
22475642000180
25444696000176
25630682000147
90240938000171
01606183000156
01465849000101
14636363000122
10563837000100
07174329000622
09175604000143
02771537000180
21596887000100
13078474000106
17143831000115
20658478000110
42806117000107
03829481000130
12665282000206
69982627000191
83262006000164
01132478001967
27500322000156
13354243000170
95790754000107
01960847000180
97422620001041
10470541000137
17768754000199
00740727000105
10831301000110
33350612000163
07699275000457
04843831000186
01331236000173
11990733000137
09265251000172
86935483000131
47508411252473
46476883000101
03232675000588
03790418000138
47508411244292
27917727000194
87486098000117
00683770000186
05417380000188
23496359000520
31250367000197
01332179000147
03599795000194
01205306000147
22013079000128
01254108000173
39272380000159
72908353002300
10757090000113
07186713000130
18428558000219
05783355000118
60190873000136
13004510013590
61585865080244
07597949000160
05642284000133
35266113000118
02737422000170
09370368000116
05003634000111
27458285000165
03166232000102
07274270000130
07970903000144
12388585000148
03013781000147
10371535000122
05731164000102
11886613000275
91848614000183
33014556055845
60211984000181
35945039000166
23731565000144
22543464000187
17379156000128
12744205000160
05429401000185
05291418000976
07491888000151
01669084000113
01175632000159
08526451000250
07383820000159
19978225000145
12163982000111
87215299000180
80220791000102
14464536000172
13581807000107
09355546000997
13532033000124
16577656000101
01874166000280
03438594000458
04757459002139
10885089000174
07317044000199
06819531000197
14202019000125
01852437000205
02599412000115
34028316765720
27787608000164
18452848000117
20625966000121
09295281000121
26133615000180
17030824000107
10503227000103
12258928000150
02436214000130
20784981000112
06291409000190
16721101000191
32200354000176
21024975000200
07581644000160
04074440000144
01055040000365
04024900000120
07679827000112
10254047000135
00509364000100
94846755002107
07305275000182
02610033000189
10694855000113
01551620000181
07642987000197
22579618000190
07501073000106
89470462002472
03466032000175
06220427000181
06055722000120
00660993000128
61585865097309
55738371000167
02142999000139
86524246000188
25136293000160
03182153000195
07242658000159
07257764000106
11903789000107
17161658000188
14087359000152
07630349000156
09354250000102
02652963000103
07122595000105
05983192000893
10884209000119
11130116000161
02779787000167
09278666000180
64691488000123
07840255000101
19299209000126
88459433000150
15010023000154
37136082000106
85096675000139
08267083000191
00403760000140
05318447000127
33200056015928
01211223000160
61585865217215
05966367000188
84025279000158
27427265000127
26467761000141
01344651000161
06043973000194
13252109000168
79956058000163
87156345000117
15527551000185
13140660000110
08399883000166
13449663000130
09645024000172
20420276000136
90188327000121
10823397000175
00139583000136
01046666000143
13747471000290
18933736000188
26916469000169
03211652000163
05312752000101
08509167000194
08931035001047
01860222000147
13560349000120
02854233000187
05896616000106
02113329000194
02872929000136
01444775000119
31567704000174
29366671000152
07650786000131
28478378000114
92660406001786
02983226000185
05540926000193
43508613000147
13973181000184
04223845000105
02337524000602
14585242000107
11975836000128
05800317000126
34262154000173
10497786000158
08223865000129
02245329000148
40285355000199
15616397000118
12512646000137
60277423000185
80800196000138
02397485000124
92850486000175
03550647000851
20415561000169
05919938000123
14509667000129
57032427000512
08189107000131
72539943000106
03640467000607
04464938000113
23083986000106
14064976000132
19509557000180
04898102000127
42225938006603
01754239000896
25093807000147
00770819000138
04713736000168
07781007002776
03024145000110
57500837000117
13852663000186
21967923000197
01412845000157
07297332000129
68706233000148
07038703000158
15410861000115
18008510000170
06217361000170
42244780000165
25152312000141
26835348000192
07473735008751
08611754000190
05875079000118
31387855000140
05232901000122
12004551000102
09203370000109
03040772000307
29721607000142
06981082000189
12812520000188
47508411167603
11114284008229
33399221000133
77700334000100
15336998000177
06960077000190
05488836000109
23069651000567
02359273000233
14637808000199
08267557000103
23621717000318
00529240000188
09067520000196
12075503000105
02975877000123
10957972000122
01402548000120
05302618000120
60048717000135
83039115000117
13562960000197
11608003000129
14596054000176
00255722000278
11491799000182
05563824000193
13665479000127
12144276000122
08795032000132
03382970000197
16496705000505
12300740000122
75614073000172
10373883000139
17256512019801
05876931000171
15754929000183
88621073000141
07866336000180
07040765000102
08543504000160
15016488000112
17266548000180
02874688000164
01363336000181
03271844000165
08148513000156
07060388000165
68246206000130
03757619000133
82322082000155
04212482000102
11524216000172
13397470000182
04214987000360
11192828000105
40884595000452
67174094000196
10321537000107
00301860000165
14557159000116
03131833000180
88212113003206
01136252000105
17457365000142
05609885000144
08033187000131
12378274000106
18118596000194
18326727000129
92754738019777
25193242000170
03081556000148
84320365000193
52378825000148
68916527000102
12826182000133
84028125000110
09628632000179
76576198001190
06626253111735
78815958000985
76189406000711
06181261000131
08756024000187
03535332000169
08161065000120
06971179000100
22831895000149
04006733000194
02012862001131
02492310000104
04753832000130
37989605000167
78456928000334
24542254000108
01455117000122
37030103000104
41550112004190
28705999000193
06940387000142
18759928000110
07549282000120
11814594000190
95387197000170
05945551000141
54502364000107
07604826000109
41769803000192
85028223000110
17854495000119
05215132000154
18994763000160
17909887000138
07281261000176
09521079000170
04140287000106
02741944000226
05377159000143
95031258000161
14013090000160
11485899000287
20727930000159
00096442000183
16624611015504
25288903000140
15755663000193
21631647000191
11733705000134
07751257000205
05369850000266
11564834000146
07216984000191
83031948000131
07005908000137
70391230000104
20295332000158
04316951000125
10900806000190
06223065000182
34099119000185
36971166000100
06957459000164
89982086000109
05657534000109
14345585000196
77767523000192
14562236000126
09309297000146
05395927000191
10904904000103
03168677000121
21745126000165
74620386000170
08859069000187
94022605000127
26606228000113
16670085072733
75071894000100
06990608000197
04877350000191
16593759000165
06969530000129
04587577000100
06161719000190
16842351000180
19169504000168
00094154000190
17505053000167
83240333003564
22700532000174
69424885000152
09123755000158
05893097000203
38144119000100
01667254000120
04707983000232
54360623004000
08285124000172
26668087000678
36883106000128
11994520000183
01661362000196
67107391000119
01477978000101
06347409007410
02019579000160
04999800000119
48264980000166
20959333000150
87396172013354
28270122000117
07629282000130
11089251000100
02889438000106
00447821013825
08337193000182
01842170000186
21613825000151
24584499000190
07481893000183
13628573000106
15497878000151
05215132002360
02427729000174
07287265000161
19747357000166
15010263000159
05527652000100
24660953000144
15138534000156
00565793000196
72934722000124
02938216000209
03387537000144
11280745000178
10250432000104
15275540000317
41956236000183
14764553000125
64322217000109
09098163000123
05080020000133
00603738000305
02713228000154
00068440000180
05893176000133
04642118000174
10925640000166
11066276000199
19408157000189
13008349000111
11871315000120
07931811000155
15832626000131
00647652000201
91685560000182
10828405000176
08700302000184
55299440002631
09066368000127
07415485000123
08619793000133
35331545000165
13664058000181
04458326000118
05992070000197
15533520000137
18492760000129
32296378001142
17435347000160
23634808000126
96273511000156
12800275000199
76157205000147
09304468000144
07528131000195
00061776000111
02510859000338
51782969000100
04988104000107
17273228000158
00473138000108
19206243000109
01712479000151
01057712000100
03164372000141
27377235000153
03476811035290
24054382000102
11510868000158
13159332000165
13760036000115
22338410000180
91393645000197
75289157000188
30689848001374
11445593000116
02489087000138
07701243000104
15805520000149
05593212000143
70939582000151
53158044000100
13173991000156
34940106000197
12732327000137
44561777000109
10273666000177
06145309000156
36918951000191
12194984000178
05160078000197
17600625000197
00631075000170
17961651000140
01390442000740
03741861000119
07436712000105
22368198000101
01272374000129
06966087000132
29107795000113
03199383000167
03932292000270
33207093000189
09647252000181
30364269000118
04522053000123
15712587000139
26354252000102
32403800000140
01172463000101
33306986000181
23318857000150
12972302000100
06094827000198
09039849000496
14599561000163
05825216000290
05027288000101
06136230000240
06626253013130
49687635000106
28170107000105
01322949000170
95425369001205
06234531000125
04644820000177
60605342000167
03659621000170
13445006000114
18448026000162
15742382000104
00707052000100
00077017000147
13404679000126
01402144000137
06202512000117
03111934000199
85072817000209
29079965000101
68994011000178
01362131000181
07196825000172
13597137000117
05905355000143
01937635003602
07202798000101
22985810000187
00997464000114
10478007000177
01289412000237
27978786000172
03319039000164
05460736000166
10933639000183
16235236000147
07844185000917
00882501000149
03989217000407
01654307000179
00965861000104
04404835000168
04259956000163
38575361000210
19034975000169
02031363000110
00364896000198
17003535000119
05462867000182
13615717000270
39181482000169
08677949000132
00262985000638
10766931000159
05427999000173
04346593000101
01631563000140
33014556016513
03540884000165
14732201000198
06952182000187
13346414000119
13993421000102
15513351000416
86865623000142
33178765000256
45543915003440
03435981000198
47960950072033
89033773000420
00324598000174
04897235000189
11676675000171
55582241000188
08751900000182
13519328000160
10966146000140
02524869000160
13483825000156
05023572000100
08391279000193
08970630000109
09515018000109
01967421000159
10417608000170
01318992000243
10381556000129
34675801000179
11257230000157
09054158000119
32546764000254
03399427000100
01432928000108
39553144000372
08091347000107
05888433000149
47530175000174
12639160000164
41002312000111
01598882000100
03488941000104
22070064001335
11215319000231
03512735000192
14938926000137
32982381000148
03106789000158
26650269000107
05273680000130
42279646000108
05823694000180
04959546000125
31338775000103
01193810000174
01604190000119
07882278000189
05380388000117
73553109000472
87956009000230
06344173000103
32125784000170
01309325000113
93043396000135
11716884000100
21289123000164
09567520000155
09047230000180
30399653000156
79306122000160
10226166000184
13514097000100
10872116000174
63009831000225
01390442000901
27718287000146
02807173000141
19140323000109
19895628000120
10622649000106
24683062000103
32968538000180
14824617000136
22061279000156
07783825000179
07335701000120
39621867000280
02692206000406
33014556075609
04588232000163
22164198000262
02059827000449
17318636000189
17317483000155
04813344000170
11135161000109
03311382000162
13564565000143
09304286000173
08887182000176
12604056000134
84328228000103
09352161000208
21586500000127
11894771000196
22416982000130
33438250032603
04398119000204
97525648000113
10412493000120
04329989000132
02907331000135
02421421000111
23463038000104
69941854000179
50547223000141
04412950000184
18509019000123
01973630000105
08345672000140
77804599000574
73176844000161
10183465000340
21759101000110
87720603000146
02223966007479
05060153000148
04645906000114
31645732000162
16878147000119
06051637000193
03917951000118
34028316569033
18089068000154
29047536000144
03668381000170
05687109000162
80746894000100
21890769000100
46192381000159
08418164000145
04982217000529
08631224000294
10209848000189
04085807000125
11789556000800
03020292000112
24137010000131
23013626000138
03122017000100
03556793000118
21036225000178
13772642000150
21520050000170
05238271000101
24633307000198
02183783000383
04260521000139
07984754000172
10341739000110
06135538001323
01462858000130
05677591000664
05423064000208
02884717000179
05931107000177
89764450000164
