07159536000101
04794374000187
15243308000135
03454572000139
10626821000191
00195725001316
02737867000230
13463157000103
03023491000184
17305094000100
19527401000122
47427653009767
34208652000138
70433578000117
03410971000106
04127616000189
25420209000135
13888075000100
00437450000146
13478834000159
03578635000169
02900638000104
02367453000186
02829283000104
08983711000135
23792508000175
13432240000298
10600949000186
24079500000129
05381715000155
03804714000140
15654145000183
13608538000125
21449149000122
13796719000122
04106473000129
07546711000105
28894958000192
14513975000128
05406114000150
12632438000171
12977236000161
04780603000104
26753886000138
09402204000123
02854213000297
02004027000773
01398595000148
01263021000162
49726615000199
11437841000187
01275982000197
02646927000129
31719834000185
12209660000166
08650773000125
25735457000175
04177274000101
10822430000142
05123728000124
10579409000168
03122078000177
03995515000329
15016313000105
96660394000183
22841169000107
17159880000146
04319118000138
04504687000153
07117602000172
07985130000170
17901740000100
09257649000167
60737533000263
10495673000113
10605901000160
58699232000160
10246790000143
03452650000166
14537128000101
83648477002310
11255025000152
05459764000163
32547499000148
04912815000106
79809489000105
02189399000126
06649818000116
72218266000116
14360308000152
05646305000199
07013245000100
02727214000190
23419428000179
31538424000138
12020757000126
00303644000159
96635511000159
15066915000177
02662281000173
09334668000140
05014648000130
08733374000128
08109587000183
09616915000109
14168991000120
04398144000107
07121733000123
10544641000160
10602507000179
35191022000160
11485356000189
19787477000197
04855682000175
11908752000252
17080276000120
93904670000113
13674094000126
63615587000163
34538850000755
55973366001887
05352915000180
05024942000204
16843303000106
14417013000175
15444570000148
05278511000193
17036666000526
12072231000190
02545534000129
42921999000151
86382033000169
22136741000137
61234985008431
10398545000151
12355320000143
00652150000422
18527671000251
42274696003029
03882231000164
09273885000410
13089884000144
17217072000198
09305029000237
05675042000146
02770502000127
06065492000180
13569064000400
21247340000191
77997187000336
08890622000144
02018338000104
14248482000108
07822477000100
53789582000101
15194430000169
80979107000243
08951075000240
04920912000132
09598688000128
05458289000100
05122335000104
03018950000131
96014725000108
09496274000198
26518916000121
04167885000179
17687284000139
10970806000166
20174104000120
73813149000163
08863966000164
26204187000139
34820670000176
28872638000131
05400398000177
10743012000160
12387303000198
11972841000187
55299440000183
06337534000194
03399220000128
15033454000136
08758257000119
04958077000120
13406585000196
08385769000187
27923258000116
60719531000160
02815418000182
14429624000133
64714553000199
30781858000100
87438974000130
73751406000180
02027459000104
01241613000183
18952965000140
05562858000163
01467160000531
27844178000175
06103240000289
10399082000142
11979303000114
83754234013725
23907801000130
07275571000269
16981572000139
02108881000275
60186376000245
36453744000451
05990840000243
82137415000176
06340422000192
14001275000154
00447821009712
14202259000120
27279876000256
04395792000100
02219288000115
08992066000117
33347873000124
16892322000122
04829385000155
00996187000125
11857966000166
06939556000124
07525771000141
80073570000140
31845258000112
07965809001764
27733195000216
01342497000199
49667371000110
15121120000114
25102146006703
97545012000133
08973249000195
02814573001822
06071407000277
01711568000183
14298987000187
04536808000149
14270473000113
09216768000171
17291362000181
05318900000103
08755013000182
00844122000164
12869532000149
84858307000380
79379491009563
33014556018729
93179133000158
02596804000120
15055991000187
17076181000132
75857300000190
08925735000138
07051719000109
29128652000198
03082952000190
23697559000118
09243029000179
10286956000155
11430412000340
04803521000138
31593632000130
09327652000100
01542240000342
02780019000123
07228583000151
05671436000126
01425536000111
94644671000139
00574139000149
03988378000133
20496985000103
08593489000164
04295676000100
04419593000186
14475645000195
00066716001244
05710348000196
04469890000136
15424886000178
09231544001534
09167787000155
09341802000130
12385346000134
04937174000136
26629278000116
27178359000452
83921429000149
73323412000306
71403620000110
10306642000177
05521468000145
08985357000188
48539548000807
43283811021157
10730700000195
09814960000160
04447635000192
06990416000180
04475382000160
02403335000186
07954414000107
61786729000120
48540470000174
20415295001499
08647386000130
03784644000106
25101114000159
05514674000209
91278184000101
02536352000191
08986525000664
11141349000160
28619111000108
08017391000169
03082443000167
07570615000100
20674619000199
14041186000212
14807075000193
03415199000107
02297043000106
17387819000156
18449804000138
23106252000103
18040198000100
17180692000108
07384441000183
09572841000148
09405126000110
15323722000154
18179154000158
10307545000107
11170530000102
08182235000153
04356743000150
00749616000836
14882330000162
16974524000113
10646398000434
12682549000192
00306597002906
26596742000115
40233686000185
09596758000109
20365241000141
34998146000190
08939804000162
63590103000330
74085358000109
11010905000169
08057917000134
30117113000132
02149213000105
67945071004630
48066047000184
00792114000111
18787822000120
02223621000160
00280273001370
53647160000193
00506354000102
11102678000100
30026710000151
24932493000166
15106388000187
36495786000102
11673145000501
23144173000189
73888448000167
06922723000124
52563319000129
03442999000117
14392196000111
68569227000196
12829901000170
11409606000100
24436602000154
03623559000166
14816164000368
07094145000148
17101188000167
01466839000182
03695099000181
14378801000876
01280862000773
46838827000170
55615538000283
14151519000185
10836665000193
71767966000105
15315052000124
01218597000108
00093713000147
00837293000166
13284320000162
02875866000171
07799442000199
30742324000590
14263131000257
31059702000174
95098562000126
08895398000183
24426546000177
92779156000483
71449201000119
01355180000197
42047076000112
11187369000171
34028316006578
03656804001537
06928762000139
03203042000118
14055275000137
12447395000154
14254977000140
12658047000126
83754234000232
24201253000191
81340382000102
83187799000102
96636147000141
07654283000134
07536636000100
04858741000169
79453072000144
10385561000100
21241227000107
05215132002017
33219601000149
21582691000159
02871679000110
17338002000198
39893680000155
52935152000180
00883406000160
05612228000156
09315397000185
17673717000288
08455978000150
09546903000147
52078276000196
15426329000196
11955178000102
15194315000194
24021008000364
11863056000196
10590168000158
72644024000194
10651853000147
00808432000123
01926835000130
11500484000154
07032575000135
11097947000260
25809195000146
09439408000139
23095072000165
01160962000170
01536085001080
79257291000310
05021190000147
05391917000188
28323350000108
09037098000126
01824677000107
26246330000155
88318456000498
39346861040112
29193034000121
19106899000150
88465828000166
06340034000101
01034771000162
07008042000118
02182383000191
00379512000100
24303755000123
09245710000156
04162801000104
13574594064402
84493139000538
33646563000100
00544967000134
15203669000158
00911696000108
11820042000195
07202702000105
02242916000183
10280765004254
11822470000157
37083474000154
04224610000120
02081089000193
24749889000172
39697966000165
03443412000275
05666594000198
15375991002299
07342725000107
02570080000146
22330794000194
06291792000187
03655787000118
10435668000115
37207537000137
07498919000287
83669101000187
26686950000105
06945989000192
17281769000128
32751273000164
02357386000119
14297356000143
03581672000126
17803293000148
93064459000130
13150273000164
67534586000145
86959129000147
17142703000157
85523132000150
24434983000132
92094028000153
21772631000107
22436073000163
13821364000184
03793461000157
77752293007796
67805499000185
14282891000120
66122516000117
76062488000143
04046239000153
01520667000692
03796647000160
00800430000198
40756983000377
10760062000155
84477215001402
10512557000165
02184884000107
11598282000197
00761340000135
94921301000444
07363262000160
12298158000179
01668130000321
02226448000153
15665774000109
22991939000360
12548760000117
17228748000149
08761201000113
88212113012370
11105977000190
01703073000102
04304543000153
94834959000176
34946905000251
12975664000155
72908353002815
01228425000115
04342318000101
12173530000110
13619198000138
15437033000170
84013994000170
07544734000180
01362954000107
12039650000120
17256512005347
08350555000507
06061373000159
05291418000461
01649084000151
83817858004168
79592762000184
74268814000148
09942280000121
22562715000170
27303411000102
07753333000130
07796795000135
06863518000135
00273170000220
12419339000106
27693423000190
26594333000180
15418205001483
08990056000142
10841547001145
05196013000282
23257367000190
32300071000104
32487681000150
15591461000153
05214053002253
03432051000180
18874987000139
04522070000160
09435393000130
72981541000159
03445223000150
08488906000109
02841164000177
41005190000389
08927259000194
00491714000140
06020543000157
17511778000168
18534500000179
03369597000134
09161421000179
18202336000100
06347409030900
06167774000198
23018799000149
12357506000131
21706176000133
10871779000174
20001760000120
13618168000107
00565813000200
03686744000108
00660183000171
10328386000119
21337320000101
90683889000141
02896671000370
09291023000177
08542833000196
81209355000197
31718042000196
25331893000189
19328895000116
06110224000132
74469685000156
59428847000467
05606682000285
24073694001046
02302005000102
08297424000171
22688211000100
03623357000114
17918488000133
10312055000190
27658628000135
01061074000109
22848824000159
74008798000154
06572192000359
01809048000108
15302708000174
22381246000193
03055135000142
21942167000141
05976886000127
84656305000146
19856549000100
17441866000130
31212889000102
81015505000121
02422700000108
04820462000106
01961784000420
16186108000150
04818528000123
17621789000109
06813688000105
24815474000150
47508411126842
41004391000108
03722582000370
86188091000156
28278922000184
07719588000187
10606105000142
75917096000156
08537392000134
63406383000112
05192858000542
00429022000171
66489485000137
64270952000108
07732132000157
07938474000128
02958902000160
07247407000167
12071886000143
16314692000182
07829414000177
78408085000139
03763096000138
35032390000166
04778911000103
87723417000322
11413629000180
07634756000131
02605135000106
42716225000512
13471194000155
07102868000141
90719501000115
05586707000145
11012248000199
01762469000120
02498610000192
08220491000198
07027900000171
09170656000127
17871109000105
11818664000189
15103047007322
02149766000168
05988846000103
11496466000146
02195311000189
14985349000134
10303937000190
67393801000135
12401885000209
08602550000192
15017453000106
01760211000195
12869928000196
77500049022530
10758353000109
27159607000175
76189406001017
21931941000119
08318071000149
11157947000127
04543947000108
00143059000139
21813857000109
37650272000147
09313077000196
02895028000240
17314329003064
13804141000109
27001140000130
07755022000100
13631599000103
10609021000162
10362486000161
13419363000108
01807639000146
72908353003625
00924845000920
02811884000190
20469060000165
04816618000185
95821310005142
84613165000129
08979084000169
02901314000190
08343281000197
33024555000122
13097719000134
07945889000129
04487977000136
33975954000179
04010325000106
05687269000101
11439729000185
11007272000130
18841392000187
16847729000219
75400218002003
48834840000186
10410100000140
26538777000360
05555355000160
21117479000110
18703093000186
06266533000104
02345150000162
08750774000141
09569546000132
02870734000157
50865773000109
09552823000102
11522562000111
17909637000106
36840064000148
04842563000854
10422552000141
11253498000110
21755509000114
22616277000186
01924739000233
86547940000110
84512037000199
16510710000100
26263022000138
00983332000133
10713208000101
03395603000128
96563192000113
26459210000136
17588249000162
28368061000125
58830837000148
20010551000143
17544840000118
07161806000100
11747984000195
03804904000168
12757614000100
33333162000443
08014110000114
34028316501153
04463663000101
06991212000164
06125935000180
19784554000155
88212113016790
05705882000104
97422620006434
05018212000110
04117168000132
07825865000136
00489408000179
06877166000177
01208169000285
41219429000151
01420327000347
53119582000196
19454387000184
08043026000129
63391148000114
42131276000159
80154818000106
08597473000120
97545319000134
17750701000140
00237003000305
01012260000140
26380099000198
48093892001110
02251776000100
17402254000139
11720582000105
83715003000139
07557122000122
06175740000145
89736037000196
61585865091793
17461363000127
60048717000801
82530080000151
02079167000115
03274186000165
09140911000199
34419432000153
04277857000104
74772070000366
05648072000163
04288035000129
20160383000172
07445710000174
07272616000160
11498042000110
15465203000120
11159090000184
01487371000102
86970084000101
00337255000144
07228418000108
45242914021528
16432883000149
07651914000161
06910185000158
02342989000147
19269853000151
58525999000172
11051446000161
08697592000154
21004935000116
05530072000164
14622930000868
63941496000118
02497147000164
06723175000103
37345410000184
01519767000275
29587623001328
10421843000115
29502960000131
69554442000186
91876821000141
07080972000182
13191045000132
03092428000108
45543915015456
11174989000176
04582329000169
36067726000199
83109504000333
11566214000146
06015521000107
31162621000103
06199932000191
00214391000147
15260215000119
30757298000492
03723339000295
18225223000112
01455905000119
28129260001233
10884549000140
15142901000195
09426760000130
07874901000151
07830892000105
62410352002035
04623889000114
84683432015590
09436414000132
08883866000108
80773963000167
08033253001498
00061191000100
14850883000133
04925414000182
17256512011665
61412110015772
01424961000196
15317610000190
08043758000119
27085967000170
08080821000197
13682759000143
08309065000125
01150842000192
07033825000151
95592440000191
03079586000110
28730691000106
84308980001407
11524093000170
12929998000192
14625224000101
32741993000149
01979969000119
01667805000156
00747009000160
01576708000158
11114284000244
02675449000185
04991265000150
05546634000168
35368331000325
11146212000106
13638240000168
04753474000165
18978327000106
05026685000169
07207034000109
03442165000101
09411302000127
16233389008997
07664993000145
08763294000115
02938216000470
16807879000118
11850995000104
13711091000115
22154877000170
72505852000141
08587138000140
07271800000196
14732842000142
21734161000189
34524090000131
11085079000117
42288043000164
10976424000573
18850040000279
03599599000110
23644392000127
93093714000415
04779685001653
13290815000102
04207989000160
73849952000158
73477945000172
02950028000115
02476827000100
43283811010546
11410018000188
48076228002216
11513989000153
10610706000129
25144090000115
24649287000143
86855962000148
11372187000170
00213688000198
07537178000115
04266275000122
41930199000720
05407997000112
08675461000176
05418619000568
47510763000146
25195271000170
68149848000110
05779270000166
24865974000104
02114229000182
03959426000165
13405166000130
07499652000161
15974314000162
33018599001030
05918029000170
20446291000153
17305026000140
63514947000130
15960776000120
02520592000106
41414822000287
02775760000104
27926262000138
03995515001058
46049961000191
13665305000164
21563534000104
00413719000154
07345999000150
01983518000155
20342061000144
79727236000184
61585865174060
02985880000128
06216481000153
13231377000101
13356779000396
01291562000102
08460192000120
09172184000222
10655138000182
10699578000131
18249961000108
07906439000127
16457106000159
19951366000174
10793539000107
26548172000198
00580242000100
04875833000157
23719638000182
11072021000139
04145589000762
17504212000109
03069175000143
06927988000115
20173581000170
03015859000162
10217154000193
02085150000170
03390883000181
33381286002871
11005890000140
08204102000211
19972249001916
11649176000195
41136250000130
17432228000153
13959289000112
08840811000102
13733233000145
13539591000111
75047498000309
14743374000101
42103267000154
07313952000104
45543915062616
21613707000143
06626253051570
04870663000118
71448047003690
05118043000190
02233699000165
01226420000153
04299398000160
32969917000195
05602007000105
06232046000112
05514527000158
23798085000109
18587494000118
10502324000181
54445879000104
04810799000132
02968830000132
11055363000140
34028316454058
21570545000103
06030812000166
96418264024747
34276766000115
18801989000106
11739439000157
02287243000188
11706434000128
03201303000160
03055851000120
03238203000109
08850759000175
22633119000134
04986940000152
05664961000114
11423322000160
39346861007255
87844924000152
04323228000173
04480999000174
04813353000161
10795278000156
05737568000103
05288312000166
78181583000868
64348857000180
02698102000158
02340825000342
03626094000873
57754285000173
03078283000182
00891070000187
03508283000175
19248282000179
06311523000135
78642303000103
26766730000191
17136274000105
17560534000175
01476669000117
22688303000505
37436110000291
00584060000107
10601762000105
08906442000103
04206050026147
00546176000143
08369286000199
13273664000176
00063960006727
18682460000102
05382507000170
08462844000166
06097699000136
08580668000167
17253723000103
05474129000155
07321021000158
08891676000396
42095281000153
07142841000182
07270650000104
04869200000136
02306789000139
17012387000107
22180897000115
07685434000200
21844676000131
05039567000195
01756915000194
08173660000186
04161886000106
05789791000102
63503007002351
08252158000160
05387694000185
11441152000146
60863784000103
09943395000130
87152831000167
08224043000162
05800557000120
23105359000129
09520292000168
00448693000180
03292509000143
06645163000108
92192368000117
12270435000992
31093824000187
05743125000125
02724345000113
10604794000156
13816028000143
21564899000145
19023173000153
23775143000170
20044698000154
05481475000241
23664537000151
19725411000172
04087116000160
08448780000149
74136284000184
03392256000180
86809464000169
11416133000160
07986164000189
01679582000147
12329957000165
57924326000122
06109070000169
24241929000170
09208587000101
04398484000120
10830939000218
73199465000197
21975824000157
70979083000198
39798186000101
13447546000137
14805998000106
00804721000154
47599980000588
00422793000137
89340616000115
08824171002352
65833410000169
17357484000123
07446071000161
18423857000180
13647050000107
24866203000123
41875311000181
03633563000105
05231506000125
18780254002260
02358081000121
09342580000170
18318925000140
28578037000110
26899845000154
02287394000136
81078941000140
05998660000127
03264423000107
17336502000190
02310040000165
26387455000103
20808140000106
11718293000406
33014556142730
02272175000183
13410397000131
24293755000190
11782924000103
10589943000155
14108975000142
14301227000181
10888036000107
94792389000107
02938374000188
14384494000160
05956039000109
06233146000163
12078557000124
21704870000111
07319170000182
06626253040021
07041551000142
04641376011928
36059772000146
20221548000179
08756308000173
50930270000170
43582584000163
00981369000122
07666047000138
07825000000170
09020288000130
18289953000187
02544373000159
17229476000100
28037034000170
33014556032802
11009219000178
09001879000322
65976490000101
08714748000168
15316814000107
03790904000407
07499086000198
04334725000177
11666521000107
01889812000100
03224603000165
03913987000123
03655582000132
09523386000190
04361577000180
28867063000169
07930336000100
18760050000132
10740164000109
13581424000139
05222267000147
01888323000207
15299756000150
32864795001306
70082243000444
20069378000159
20490719000165
23739449000171
42591651084223
08686132000120
06089553000149
03891401000177
33078718000150
19855542000174
33304809000166
19350180001131
29621547000196
05378824000113
04860915000128
00124352000159
02322298000181
17243004000101
11636459000100
97416234000156
01938795000146
64676778000106
89644819000103
08754353000199
14710914000150
19701354000191
16936335000156
03706592000230
35563881000133
09205686000121
50200708000164
08405407000100
09071772000199
08561866000183
83754234012834
08619907000145
06054208000170
30702296000153
53635371000106
28109594000192
74257064000109
10300594000100
34697540000198
04455630000101
10453809000122
09662986000130
63240717000120
03339786000164
61585865112979
07223429000197
03392794000174
33585415000123
04919212000551
10793843000146
11366702000100
02977286000195
32760308000121
11221734000117
11970924000137
08174692000104
31862584000138
08517940000164
04899316004610
09260721000105
00577709000154
22913651000105
02141747000195
16367702000148
45236791003450
61099834005745
32302895000105
22753129000103
08694745000100
20147592000186
04741506000102
33659863000477
23081193000158
10717170000226
17294821000180
01484373000148
13206113000190
29594892000188
52458379000181
15112602000108
17618639000138
01651091000198
11504074000181
31760737000136
10246989000929
79943007000105
53840542000139
28040277000167
10216511000107
05948460000160
26962381000183
61941555000122
04436217000108
22192169000123
09636209000110
73340564000147
03717087000100
77093615000134
22463675000290
10986821000100
35774611000171
08937511000146
09023215000100
15496177000106
27970687000144
05412154000104
03090254000136
00822313000125
33276361000114
01796235000102
04687240000248
19138606000116
05598928000133
30061402000167
04757781000114
19943536000179
58970047000168
04253123000195
14498998000100
04722027000149
11343782000188
22713341000147
02065163000188
04630097000177
21520178000133
18320015000100
16952022000191
01900858000175
11817301000129
13311069000188
85131704000156
26172448000186
04405657000190
21755942000150
02884053000229
88907654000144
02927765000105
07019811000183
43759901000174
04159220000113
80709926000190
00832939000112
05364819000151
10850950000169
33280538000156
13265468000150
09042113000124
33326307000136
11309637000180
66886144000103
13919450000124
04673550000122
10679609000192
73237158000153
42591651000739
24689315000156
11982113000660
77367076000184
08490833000190
27927838000181
09473276000161
08839096000198
04061234000108
05576489000168
17813443000102
11857295000133
07586195000142
45988227000125
09398315000103
17226676000109
21507576000110
40476368000145
07170943001183
07047257000148
03884938000100
05377160000178
20725932000109
03634113000137
37600541000160
07978618000170
01976860001280
02477407000130
07110332000178
33921008000140
32842916000185
06263001000105
04010130000328
65369985000334
00973796000169
59356204000102
02236879000109
47508411111578
27680115000120
21570564000130
05440733000241
02627451000189
23558968000133
14894293000455
08639267000216
13431153000135
13280205000110
86818614000281
54050349000167
51553063000106
23154446000338
07685995000110
14725556000150
01138442000161
02787731000154
09374122000112
05372919000120
01250440000160
97546803000188
22913560000170
06336990000543
07354383000145
11441286000167
05689649000185
20445315000150
00828490000208
51118909000180
32038762000173
83488882001185
08154425000167
08818109000142
11536696000191
07686897000106
06867316000161
02519370000165
15629579000980
12475537000197
13758914000168
08321743000175
07522420000187
08203497000157
24668170000107
23956510000132
06365969001890
11489279000135
65235855000147
07476560000166
32756306000169
17041010000178
22070811000100
13204884000148
03356982000228
20193740000107
29827276000120
09148184000106
26536011000184
12954262000174
93209765026345
02057533000135
16416394000101
09077327000136
06980407000109
02741609000147
28104454000121
33758848000133
10329460000111
79134789000123
15098216000109
07416963000110
01371535000131
15054283000121
11532702000213
84308980001075
10673170000190
02032856000174
15740028000132
03061134000100
00812632000150
41702085000137
09210054000156
04427875000125
11071162000137
23756205000105
08046657000100
06139804000152
05309117000175
71892863000169
14488955000144
15505822000100
02022158000198
20056615000147
13438310000134
08166098000163
10827676000107
17464590000106
06626253069607
05660173000150
26829531000185
13960606000110
03897723000123
54194766000183
17471821000109
02109928000134
12810755000130
85260214000150
01551980000183
02508004000291
13837804000191
19425836000166
17933767000176
11828725002485
53787040000191
15826413000105
15917461000109
83535252000142
11040104000146
01877629000420
03459833000537
33014556077067
00676486000182
05382901000109
11544774000108
08379106000150
09156622000188
41539099000181
42799940000213
03460990000139
08065638000112
08986228000104
00890315000151
09047116000150
01949116000134
06915883000146
10463436000170
02985873000126
24272357000197
33014556126530
04725956000101
13206755000431
65126328000102
13921427000174
70097530000509
03787232000120
27023574000131
04185877000660
02633736000122
73233850000103
07426852000194
29482064000158
01104751001192
00174282000143
53573671000108
34770602000140
02605229000185
04790232000141
05160767000100
61585865102663
64226285000166
11110576000128
01029098000253
13376640000223
11071082000181
11971558000130
18371267000150
66589565000164
00657363000102
95213591000191
56192974000179
47508411182084
26464930000190
06597587000144
14935418000103
08976580000169
13434982000171
10915246000147
02202651000190
22314448000112
37081379000111
07851862003354
27473148000108
08637564000141
06222792000125
13594751000559
08684156000140
26445884000181
13232515000240
04546376000157
20834194000138
05747923000125
01247609000122
11413856000105
01947007000188
10547378000163
95197893000113
03912154000148
84805324000197
16786231000102
01631968000189
19938417000128
11069285000133
83341784000220
05516292000133
05560569000125
80804719000114
33711409000175
10288638000123
17597402000118
08717115000103
18758021000217
61585865167447
09374177000122
15821738000197
77802684000170
73946899000103
00096861000115
03861264000128
02654269000117
23894330000173
10015942000105
05368371000144
05136725000125
77310589000744
15567813000135
17332343000156
34028316330162
15596937000149
09561664000102
12323172000185
20281927000154
71305874000103
18347432000139
65286312000159
20036278000126
34793661000133
07986993000161
58901075000123
05076269000175
27972007000121
00527082000984
14807557000143
20765959000125
09162516000107
20636595000183
91292086000129
09121004000100
02759017000152
04239700000194
82931551000303
89976179000120
11456759000108
04454749000160
61084018007973
04197575000105
47205927000121
