10531073000163
11596442004822
11115400000169
00074797000171
12044327000144
10926471000189
93200921000189
61412110057343
04657520000122
33260043000165
48845713000182
04185877001550
00956227000105
21286324000108
24336166000141
03296378000415
14228973000430
10402457000186
17436044000161
18303890000176
13983350000167
18563526000145
89996706000169
14169909000182
01127396000103
32932964000164
13607387000190
44071306000104
07664206000165
02257286000110
97545486000185
74098732000100
81033441000191
05132193000158
44826311000180
08370369000106
06066968000105
09461287000121
19559206000184
82368846000143
11324238000199
04172554000127
03959325000194
25186956000150
11140507001058
21785357000100
07975540000130
21964877000172
09259325000168
20196729000192
01183831000109
64239577000133
34805093000143
14419925000186
07368505000152
18504973000123
10934322000161
05418619002269
31192719000103
82519927000105
01048525000160
02800248000162
07473735007356
00353335000193
24455693000175
11462321000124
76725043000104
08694768000114
11384901000140
12275633000191
13055958000121
13619846000237
23897994000196
08993019000198
06153897000250
21228805000167
18378020000166
03280663000103
22760075000103
08726044000105
44473049000137
23179956000106
17327601000106
08510673000101
37506433000123
13705028000176
05066395000149
00774480000148
12538623000100
35825983000180
18092125000154
02756890000191
07016198000140
02688856000399
00643570000108
23433311000140
16595887000148
19223725000177
19009420000167
05112326000124
01925565000142
18209928000146
19461720000182
89237911012661
04095812000119
52488780000164
13842917000185
03880921000184
23584688000108
38976247000110
02349377000186
13568622000162
12057419000169
39375522000103
00338087000101
20214232000150
11074781000185
07219744000140
94196722000107
14534763000127
04605816000108
04554104000107
84112135000139
17189118000102
16596981000111
05423834000123
35868082000175
07561492000133
24563952000181
04448022000170
08858859000148
11350627000199
28453578000112
07127122000192
18142339000198
05356461000115
05358893000165
09085989000158
18295820000113
08876033000101
83648477001853
82222290000182
08284175000180
16748968000130
10912915000127
77708576000566
05882173000285
98587439000248
26404731037006
22082792000123
35500289000192
09160226001953
81613333000350
32033898000190
09278023000137
24206617001793
07127296000155
03556244000143
37380565000151
01609127000175
07287033000103
17334343000195
08695498000166
03316285000243
13356296000120
10595129000143
17192774000164
13182142000169
81396806000142
30616190000137
04436919000183
80160328000104
12628505000184
03659931000194
22380570000197
26399766000184
07337038000101
10588314000100
84553452000190
61585865087419
02202695000110
10441638000200
43283811013308
89101430000103
04658943000167
03993515000128
16367819000121
17289027000149
01632155000294
03187983000105
84751411000109
08378267000129
14893814000107
10346850000108
94772191000153
09295987001165
04945618000185
03412826000156
18248741000151
17297084000170
09320580000179
03996567000158
11515359000118
16648739000144
17231878000130
82395302000170
05401520000120
10405571000160
33014556056060
11078678000707
22861716000116
10414496000101
06194953000114
14549636000100
08850623000165
05774463000124
03086069000330
11762191000145
01262108001782
27116703000136
18864147000195
23611767000152
36279180000130
87755799000457
08001150000121
94265154000310
96716063000118
05363514000125
10142779001105
11165041000154
19431941000108
19283121000116
01566594000165
08390833000118
01129260000124
00970771000616
19283605000165
25550716000193
03292726000133
07189573000405
00581818000145
11759403000135
00850210000179
01802937000143
19706870000109
41494857000192
70035647000134
09405035000185
00230411000173
77044618005066
06020354000184
05948553000194
93720175000154
12261157000150
04069069000122
00098415000140
13471813000101
05960491000136
06015659000106
83109504001062
33041260088312
04697786000107
13779646000160
04511365000131
02497268000106
07236416000152
87397865001517
14102825000121
03951902000100
18908777000114
18177858000191
18286838000159
84425321000209
54406491000102
14365005000122
07643678000131
05808036000110
10908472000362
08405362000174
10897971000130
91640482000108
83764027000188
09580676000176
13338724000191
01388920000191
10953970000165
12977797000160
03532933000118
06991338000139
08854962000110
74398538000132
01391341000106
28806750000174
37543725000217
92665611035043
11495903000107
04150812000174
04533242000100
05044099000147
77897205000146
11363208000191
63521850000155
02892868000179
06102670000103
06703805000501
17284186000150
02900216000139
95627956000124
22308638000127
08027677000125
13427435000169
57255705000177
04661664000152
09396653000106
00518356000200
05198557000100
08299516000190
02461008000180
17745613000746
31793656000132
07944506000106
11377906000146
06007909000158
81192072000180
07710737000147
35466630000130
07446652000101
14577411000159
02577031000135
44758829000123
02722768000102
12768272000115
97165203000170
02088531000103
42423632000108
20900283000135
13320549000105
17238122000113
14247816000129
13516317000127
05292502000157
08422087000105
09064542000100
09599094000131
01548538000106
10706521000112
28981314000131
07360822000122
32199770000525
31975170000115
12572343000100
04153428000125
13880749000112
09452592000157
10824677000289
08361892000168
00749676000182
75581074000168
98593247000163
01425052000172
08217440000107
04071010000179
12493869000102
05051731000180
15524188000144
14105369000173
43283811007910
39201322000134
03975432000106
08954351000143
10732688000158
96704028000189
05088451000146
10379250000138
84746031000186
81684532000197
14152156000100
44972560000183
12095662000171
01253267000153
11137051027700
13093047000199
04008027000181
18254413000168
03987752000186
10795127000106
03356662000197
34060764000275
14957037000117
19191445000124
02567929000122
72738214000170
14740283000112
12302312000139
15440459000183
95842605000136
04167381000159
07465437000140
17157347000145
01750613000109
18859806000103
02555525000119
03317220000131
02483000000115
15413107000139
01606541000120
34028316235097
07776359000102
12342785000160
12927422000196
28114510000109
03890995000100
32119067000136
37611589000174
43283811007596
04701776000190
01063635000109
17556176000127
94938750000152
04557281000139
15657233000139
14635707000189
13944510000169
01506917000125
16995809000130
92981752000107
13258840000109
93489243000892
15550556000129
08844748000506
47674429001361
02587927000103
03404345000107
24563620000288
06121527000150
93805521000105
04996525000180
10961551000175
07380155000140
06156465000112
29472089000170
14079582000158
00784394000116
01648188000141
09386685000120
09301079000165
13692251000126
03809865000191
00447664000101
27673383001006
11151878000144
20241757000184
32463549000109
14588818000181
09118471000173
12289690000200
09056668000125
15605865000159
07234453000121
02345244000131
10616853000106
12993383000125
15396106000123
28845212000199
01157555000880
05647525000137
10776149000110
06072274000172
01541972000156
15377325000165
13030787000186
07308332000187
12069525000162
05353584000100
13413398000130
15219482000142
24504402000191
06070090000173
17266784000105
12546170000155
09469273000154
05771807000141
06150282000190
09160358000156
02783305000142
01083586000168
03913321000175
07966226000190
63004030003101
12485167000179
13609277000168
11308107000118
01719113000104
10280765005145
12284212000127
11778668000180
52788965000194
21228180000133
41168360000184
10848028000137
15783643000126
20008229000180
11100893000163
11700021000136
18774009000115
11203317000141
05539329000149
26408297000112
90951005000192
19416957000141
63796502000190
15626742000102
48525794000486
18624186000204
05509106000139
14191246000100
01054127000156
07327215000160
11776581000174
03765560000125
17143046000162
82796756000153
07384950000106
79115358000462
09069872000180
11737235000187
11250523000102
38155438000111
76361807001436
03033234000123
02806199000507
79379491000264
15211099000148
17739121000152
03561140000399
00773216000190
22171251000171
60701182000150
86880317000185
60494416001298
12963250000106
58422189000190
02282357000135
19384882000164
08080397000180
09489094000189
08881195000138
10703495000179
24140368000113
29669937000136
05171327000140
07798611000176
09484918000128
04688138000429
01501831000100
09378855000125
00920131000197
13772680000103
13426207000174
07971593000344
29233332000106
28291708000168
03861899000125
07484707000160
86862208000135
07344115000142
32719544000102
12043694000123
15383161000189
25865981000160
10592327000234
09422654000269
14523330000176
08932269000118
59965038004309
11117117000176
00859897000103
16515454000135
09426306000189
79100012000148
08100916000125
08362369000156
42165936000112
18451671000134
33113895000120
20280533000181
20174363000150
14099147002139
00000028000129
09608891000138
04988584000106
08883196000200
15766957000110
23107986000107
33229030000719
04518190000194
03458543000145
21846423000105
05075777000139
31503576000103
28450641000167
09500399000144
03772956000108
07132356000128
02889790000133
11401437000153
32864795000504
18968185000198
05455270000100
23511400000167
11724060000173
57924169000155
05983192003566
07820200000130
05819605000122
29230950000194
37368354000101
96833736000110
94306792000170
14730477000137
11102705000136
09024131000183
00095162000150
22401390000144
58136144003418
09201129000132
07264702000121
19297386000173
03943825000138
08084542000100
33550625000186
77385797000117
09561426000350
20816885000109
10981182000182
21802405000113
04718249000198
03731933000147
01878111000249
03983300000983
09220148000106
04491568000103
07940815000108
14416471000190
01336881000189
42794529000174
11295395000113
00896381000139
07500873000102
05913826000165
06061283000249
94275674000142
00169973000159
76430438006102
13037482000104
78185287000169
05604452000104
04673213000135
14968461000167
02503391000192
05939479000140
19035044000185
43394972000110
07527667000196
07364105000179
09079066000193
05612923000118
25084906000162
20513506000101
05673117000150
06120905000181
09397926000137
19393310000141
23105686000180
05078014000141
11600541000177
04289877000103
14449757000171
00877761001106
03876454000119
04757157000117
09416123000182
12485028000145
14434935000190
09576366000188
18027360000142
23425740000175
52923083000194
03810867000109
14245090000195
04290293000140
12965443000104
16793502000157
10786713000186
14267999000144
00358519000146
21646814000178
89534937000150
14014414000184
10319375001306
11936085000130
10953108000152
30635760000136
06626253043985
20983573000190
72315153000139
26928197000117
97249759000144
21014021000136
23300186000108
20607113000167
03069763000500
22770600000171
23556084000140
60450665000129
05024461000118
05823350000171
07829831000110
04364791000190
04147800000190
04880535000155
23003007000162
04970169000206
17528243000108
53788840000127
05393655000190
02598349000100
06049938000182
01632802000187
09466162000194
13087935000107
14769760000172
02077053000136
00066655000162
11400025000107
04050750000129
03647029000158
83314757000187
02878083000141
02476506000105
08612813000144
21719660000105
11412274000104
05052416000177
05001322000179
08624699000172
19537752000971
01363765000159
11630236000128
10546682000196
12595751000187
04755122000149
06258683000168
05240610000186
47508411123401
41623893000370
17256512001783
07233376000195
75868786000162
27179753004745
37061769000987
04858637000174
04010543000140
40384356000190
26837492000168
02251435000134
07965809002493
16668049000157
04983484000197
02168511000142
02386566000129
37630118000456
15619549000136
77883320000838
10608182000131
13478707000150
39514997000133
15046017000157
13698973000198
03050550000103
07931752000115
19301672000165
04899316015816
04172384000180
17703589000197
09294191000116
05809477000136
49572464000161
18855496000140
04776129000147
02259625000106
05040396000114
00055609000168
14761461000191
03873838000188
08645026000107
01211721000103
01101028000188
07324664000155
13483899000192
06579634000127
19643295000142
84629633000153
05748520000109
13871168000114
05016394000190
01571083000131
26452821000152
08836389000111
04899316004881
96413323000186
15688481000147
09800483000183
08931894000145
09164758000210
08911902000191
04173883000192
11656120000168
85388270000174
72199540000157
03242502000117
01591208000276
23679881000114
12633415000181
00102744001008
37158938000144
39240098000190
01185071000179
01278599000192
17830378000204
40825028000182
34028316409850
22991939000106
23305296000154
11783318000102
21329578000166
04446397000281
79914651000147
85097467000154
26923440000104
18009297000111
59169680000114
07203875000130
00205566000150
01451606000106
03743293000195
64089824000324
00870018000144
10822454000100
79638524000405
02794533000118
97498166000111
07891128000131
83754234011005
08571665000167
14289022000128
13296920000140
83917104000192
09282525000131
15237222000108
10662871000124
94511987000152
93209765023915
09217813000102
01513578000104
03688259000165
52320389000156
08956796000162
06057223012854
14400321000198
09125154000427
14714221000136
07672734000166
04354215000161
11174895000105
11353892000120
15730429000101
27957067000175
02002762000233
09321536000183
08018976000101
00331788008101
02562907000250
01371601000173
28226561000122
03912092000174
03041070000186
32809121000175
84683481034586
12614780000149
08735867000105
17689223000100
08623351000160
05438480000190
05764666000130
12959048000100
06343447000140
96168919000168
12246531000733
07808054000127
87206793000188
15530617000196
19005819000170
30644818000108
00482257000127
47688031000140
02951997000190
06337665000171
11527137000115
12013464000111
07251269000190
01805963000125
12940415000124
28502699000107
03460174000125
00058752000537
17310327000243
10233031000146
01280862000340
00822918000116
01907537000100
19422124000193
03923490000196
86398146000314
05487551000145
10742814000155
10869961000190
86802980000161
26835772000137
08990041000184
23017165000171
39346861025075
08628145000143
22511836000193
07175143000183
81713588000122
28439337000119
29910866000111
19967446000118
74510884000160
09378769000112
16319014000102
11164628000149
07629894000122
97523297000101
14697856000172
13660731000105
32736209000104
06927244000109
03613608000180
03398899000130
91399915000177
05909493000109
12620359000140
10337187000177
32001596000130
01525152000170
04902505000100
20758851000377
08056499000160
15576893000195
19139232000153
00682078000133
08945509000119
85667947001932
11101202000146
05141653000104
58865825000159
07081231000116
15213421000178
04513838000130
13277379000123
34028316334079
13085256000190
28676399000144
09422654000188
28126738000119
09230029000134
35589365000340
02667442000707
12219993000176
94890647000180
30226757000169
17058984000164
09026960000103
83201640000197
63296412000130
00567056000122
82945882000122
07584282000160
02556339000102
23407794000108
15134766000136
10728679000193
16926896000174
75761130000146
00704924000179
61412110099186
87397865001940
10364943000157
00500966000198
88153119000498
02120773000137
08798007000102
34158782000103
05626185000168
07661314000184
38936407000106
05695802000187
71259873000161
20336644000162
03476811025570
13846778000168
16879929000172
15278648000100
03851257000145
11072400000129
06173829000172
02221116000348
17101251000165
79939484000199
04417727000120
08264428000315
06498208000169
33348798000116
08907924000188
02268947000103
10410854000108
35627413000690
03496338000174
26282762000111
02794749000345
11827620000115
30094114005097
03250668000185
40359481000140
07345312000186
08425042000186
66108200000170
05032967000179
00819464000124
14921149000118
01754577000151
06074874000170
33381286002367
01422021000168
18391338000187
15441471000102
00569062000119
00066716000272
03849904000184
70942446000110
07891495000135
12160491000117
02197130000191
08926037000157
08868840000182
92845015000179
07002060000192
24468738000146
03957716000170
06970820000192
10294480000102
74858481000298
82956160002893
04684253000182
07972461000256
14932996000188
07464344000109
91238741001566
13659711000114
88914163000120
11485022000105
07850106000204
91292987002326
61585865091874
11460917000195
16580748000302
14783770000162
05379550000187
06346256000131
03983300000711
50543305000380
15624478000240
01890113000253
28022892000140
15103047008566
10318885000125
00090208000149
33633082000160
21564063000140
10939649000126
22658197000193
15219602000101
00000802000282
00706782000189
05168361000165
06166656000165
05949821000192
05563868001780
13988100000209
07272825002743
02371834000139
03530239000161
04641376002694
17501780000156
64141526000174
03190367000103
09721612000148
10830095000124
11036346000166
13104104000198
28382077000192
67949974000197
05411390000106
07319124000183
02553268000186
05216992000102
68932656000186
17279201000172
61612735000160
18760572000134
19260455000174
24542692000168
04723583000130
01830179000177
60097565000160
03582708000196
01964922000181
33695388000141
06308851000182
10566484000194
07148735000106
11707711000117
23610254000127
85376796000134
92228352000117
01031060000720
11081644000178
03508937000160
08807424000174
02691418000118
05283552000178
24477317000181
13617018000189
10214657000105
11270867000183
09262527000169
06885843000107
00237948000165
15151046002475
06240281000217
21203567000135
10859325000269
05434101000194
10226282000101
18816406000102
79658746000147
18146194000101
40462236000598
67314088000197
80183783000125
11623176000116
42030957000120
18005154000131
24208308000195
10694534000119
09546902000100
06057223002891
07602876000157
10741859000105
04610549000159
24927145000281
11937958000120
09561891000120
08316084000189
09336120000139
32144776000171
23101124000169
33326364000115
06305341000151
02299001000104
12448661000163
12341290000116
03528360000159
17800955000126
05483270000114
17717430000121
09355183000132
18237518000109
08045744000134
09268560000104
56927163000330
13930340000163
12498026000190
04918822000107
04604187000193
18688307000192
04976718001493
68083385000131
42985218000192
90508946000156
00715344000187
10909957000370
32327520000108
08576962000103
18253951000138
18073585000135
88212113004512
07925560000104
08293785001111
00159233000131
00598043000110
19429329000109
07306993000173
02699941000190
86931243000169
31588692000164
24394244000164
83008425000174
84967330000140
09625611000108
02828261000120
34704197000161
00306597003384
09192282000140
61412110023449
13715504000130
81590549000185
02236566000142
92366855000159
04811729000107
15346217000125
96418264023694
75700708000154
12305045000153
16370406000104
03824697000103
60494416000569
21126711000187
17485619000136
17224804000177
23278233000156
01033670000177
08926418000136
03412326000114
61585865032940
12528437000181
05653235000104
05273534000377
07149932000140
24523276000465
11797200000133
19054153000140
21054313000100
26404731009576
19041604000104
04191730000178
57507212000187
02849057000195
08719275000191
83512855000129
55334411000105
15138057000129
18466263000156
32160160000194
10684578000168
08293785000735
10543109000129
17187897000107
02226772000171
11467769000130
02673517000177
05006619000127
06626253049835
04802340000197
03217412000257
06702207000194
08448634000113
21380209000289
09494942000148
10939482000101
07576756000203
02766241000171
97359129000122
18096496000104
07844420000284
23374756000104
04400253000103
08999132000180
14668888000140
05868574001767
08090078000156
07930394000126
10342362000114
08930084000174
03403492000154
07605075000498
02802004000119
06077753000181
83900118000101
16104206000100
67502187000100
04809564000120
07660824000137
12317215000110
61412110003847
20710318000173
15525934000114
18357559000139
45543915001404
30285191000146
03530280000138
04156149000115
13521513000190
03933388000171
10816795000164
00558618000171
05958821000159
02445213000152
08178559000118
04567445000109
68684372000118
91533315000150
10342216000199
21830961000101
02548991000177
04765695000153
08898559000192
07407157000185
15685871000163
04106103000191
11706513000139
61721320001105
18076343000286
10456559000184
01603466000144
04539690000102
85403558000170
03188207000120
07724853000115
17442394000130
22441722000114
81213324000100
07446916000119
46583605000153
11402395000175
23734585000179
03084721000387
22253728000168
17324800000160
10328753000184
22071013000194
11117785001256
43283811013804
04279558000109
07582790000100
10877956000200
70081518000263
10280543000163
10224549000113
53860003000161
47427653001944
10761173000186
05060654000124
61585865120564
11124406000100
07980651000134
05409427000161
07023395000197
04327818000174
16785529000106
97270060000166
00749616000160
18228475000103
10969961000162
06373421000144
13019497000131
12273755000149
16674708000168
15448673000186
22290127000125
15718570000199
01867395000197
23154313000108
79379491007510
07187888000162
17648558000180
10546678000128
18460972000124
14567137000137
07053796000270
30624173000141
13519116000183
03808452000192
00437898000160
00235840000133
13985949000130
07624516000156
09389408000171
20126806000138
11396061000136
84308980000346
19966113000174
17658984000103
01272434000618
01113855000353
05792899000146
03552523000139
03790896000733
02524869000403
02978919000180
74760570000116
05536953000192
03708892000178
35868330000188
03107202000125
01689876000150
05670275000156
03374787000140
12095682000142
92706357000531
19315640000119
83778241000193
09004863000101
22245491000173
02570953000110
03005212000583
00013363000161
17332487000102
53015525000167
13254146000105
12646866000153
14286670000120
71988497000146
94235124000108
05097635000172
03540339000179
89237911008397
19286626000134
13214427000134
60957784001306
07361305000178
02583776000107
88827019000157
24925810000117
10685705000143
18670227000100
03397391000118
90462003000130
03144132000185
17214865000153
01602389000108
00326917000180
10792774000156
09815561000113
05523680000141
12270435000135
16906238000110
07581592000121
15957129000160
23655178000176
02863842000100
01953381000196
10629183000162
33785916000153
21801790000184
07529101000101
04103078000192
18365900000106
17685116000104
21497769000137
83646984002153
10770934000166
30011954000160
06778591001008
00798360000261
08271390000146
61199303000250
10957326000165
23246907000130
10080109000130
59675439000167
26898734000123
21878099000107
00397871000190
93839884000153
08112060000108
78577517000135
02463295000249
00929852000168
09182947000640
00829825000113
15867024000110
04756360000179
08397374000102
06170285000195
18717274000161
18574355000150
73823932000108
27698344000172
06271093001813
13663802000123
94477882000396
06342245000183
16369754000153
06282302000186
02570744000339
06011462000190
12141645000123
01065402000137
76087964000342
37355088000174
01343827000160
05960726000190
66190117000193
21399398000150
47508411251663
02770298000144
10664278000117
53153938004367
91893321000460
56939887000132
19826977000190
03263492000104
01032275000765
03443671000115
20319660000147
01140061000117
10629289000166
02135496000217
07309083000144
00842760000146
75821637000148
31764079000150
04646411000100
02932928000130
78743291000103
09285040000100
13689682000567
10293888000151
11254820000126
26756130000142
07721211000243
09456720000211
12361079000165
32061277000110
15426255000198
08817371000172
15323059000198
23365851000133
15470239000100
93049203000749
03691787000173
06983206000165
70097530000185
05556664000155
33285271000190
82600826000156
01419980000124
76430438000414
20817105000145
09545637000138
28917169000120
20628152001627
13804996000130
06050814000117
65237661000180
02005507000163
07555583000166
04240370001471
18120294000150
02148371000140
02114905000118
02780366000156
94513140000107
10827555000327
26346882000135
14034302000195
04724715000300
28166176000137
13292214000120
18558910000150
00653494000103
03585677000127
08622987000350
01609555000106
07400193000117
92599018000170
16607027000187
52779683000120
04085773000179
41597303000544
15688589000130
23024642000126
00788743000178
10176109000138
04881799000123
20395388000184
02883937000188
07193642000101
02981314000148
06331140000129
03231669000182
80666159000189
17420369000156
26362482000113
27075277000130
11322360000126
47508411160196
02072717000174
08736676000583
12986376000104
34458489000161
80265770000103
11629175000189
05355545000215
04798115000124
17052352000193
10833634000189
61130019000147
07117046000215
08919503000177
80224348000100
26295053000170
08612622000263
41127689000520
08370061000152
04136031000125
05956212000160
15777936000109
11352593000252
03519735000114
84941640000196
07559948000120
09254942000170
05207913000105
21043980000180
11346218000119
17100168000171
13617326000104
00555924000154
62153671000140
13920675000109
18207805000176
10801212000121
08638321000128
04096788000132
81779886000115
10720201000117
13933706000158
00890183000168
13798749000178
05815623000136
04132766000261
08453762000155
19676969000105
55783674000100
03291274000175
08117323000171
08913026000132
02523623000174
13393804000140
05125733000176
71821839002859
54116223001543
05420184000162
02814171000180
04987925000129
06060916000113
24747099000239
10829920000170
17220054000165
07272825002239
15624234000187
05886141000177
80227796000159
17835935000190
11618283000156
05407201000121
01699422000160
35214824000149
12139365000180
27046715000131
24580667000179
09061851000119
02141440000194
45217643000120
00063960019462
67954537000161
08315362000183
01285910000120
22872483000157
18452488000153
26768226000120
03707314000117
61506481011211
00985004000257
63348734000186
00216234000170
13547501000134
10391697000122
13226133000122
13619969000197
05735970000159
04479370000104
91156471001110
19785494000195
05136448000150
07584855000156
19162432000127
05977861000148
39693049000102
21472812000100
21104196000134
15931157000108
08860301000105
95843223000127
07607461000176
10702408000169
02776618000173
13253884000138
04749385000145
89237911016578
33041260017059
65643819000112
12272758000168
03795379000161
14504676000127
07448958000199
07023898000162
86860327000159
12356559000138
61585865046909
21568963000166
03983360000572
09008243000140
82631896000171
02124653000108
01823423000174
09191243000129
04827688000139
59266965000173
34762534000177
07586244000147
02641074000132
02441112000103
73232449000159
03393807000120
65124307001707
11565236000191
20232662000102
58845025000176
24867525000197
41223090000167
08058873000167
12226156000174
11114284006609
01723308000128
21652999000123
06084181000168
26219549000165
08598150000150
08605979000133
67377259000127
17722861000186
28340318000130
