28664507000169
41976440000166
02542909000105
21440832000107
84141126000176
90993148000167
03431362000125
01637240000164
16233389010541
10546860000189
06105544000102
03721332000153
00387886000178
23585767000125
15794745000147
29327178000123
00832903000139
13454991000124
12406173000193
04347123000154
08306042000167
39545553000165
07484625000115
12023966001103
10818327000129
13219105000340
11114284003855
06137932000167
02819606000189
83754234006869
04614815000111
03190073000181
06137161000108
13445527000171
27932219000185
02680839000143
01787083000173
36763670000107
02501320000150
55330229000267
01410196000155
89237911006505
01709651000118
12388461000162
27721984000156
15396725000118
00477931000185
17503002000104
04112118003005
13004510004761
05751958000138
02902195000603
01433964000196
15158202000133
74186396000140
17348259000120
14058639000132
18527801000175
10425644000185
04973199000195
31610334001930
12024737000123
61099834007950
16864292000140
25007246000116
28128981000176
22827182000101
31655487000174
16515012000199
01075043000107
13706216000119
17137129000149
10648757000140
30788137000113
08422461000164
08805471000189
16578427000101
09406776000180
01084667000182
02819759000207
01480228000199
08805571000105
47570353000190
11506395000204
06158541000129
88764774000130
02974076000305
02995945000116
97544888000165
14889155000135
00539486000130
08158687000108
05500026000465
08987802000149
06102632000142
17160376000166
39346861019695
11800801000743
23118794000198
33014556014146
03034313000159
39165485000109
06347409000165
45543915050952
11692881000175
01029426000130
91331306000186
05888139000137
04810650000404
03877780000140
07510039000106
01499773000127
34619494000109
25672387000153
38941852000156
04686681000144
20307844000197
01164248000150
43283811015009
05915056000190
36820140000153
07028114000199
07348833000197
09478808000153
36381507000180
14031697000172
16784050000147
02373582000187
13004510012004
01154956001182
71948319000191
07231616000112
61365284019395
10660879000151
01963040000797
04110830000122
30159347000142
05267639000151
22100620000135
05662861000400
03054005000195
28126738000208
27490242000248
03115234000172
08188424000133
11442921000120
10243051000106
08157716000109
01064894000146
18756919000175
25215111000146
08405911000100
13258525000173
27197888014291
16010431005480
11114284004746
08626592000244
02758944000158
08278764000155
28895514000171
14998629000187
10171574000186
94296175021309
13920034000146
04815642000108
20968000000197
62357884000193
08912992000135
16826618000145
01976164000111
09528380000106
16103474000107
15254628000190
08563944000189
59970624001075
19147571000181
04634488000160
02101372000130
33041260163543
35207430000163
16644847000149
21456942000400
02450611000167
24585426000112
21923452000115
02791646000160
78703022000105
95807517000101
05827072000120
15220514000200
85392843000133
88153119000811
03962597000143
20871366000143
00397452000159
14970295000133
11850950000121
10688419000131
83380220000115
07845659000198
05116072000112
22764657000168
09569326000109
30026538000136
10267352000161
03271191000114
65366452000137
32012684000138
17617897000108
05556653000175
09630016000152
19556785000101
82388240000170
01524981000139
02186341000129
06057223014040
26698988000106
08595792000104
22524996000177
08169340000152
04295682000168
17004146000108
11079180000165
14342018000186
86885068000110
07217538000363
03887385000149
06204873000100
00320685000153
32475147000124
15064893000106
14025708000101
94410123000144
00784184000128
03846319000120
10530075000138
18004615000151
05109680000108
90025313000197
10433642000138
08793939000324
02889950000144
03857011000180
11129777000177
41837683000113
15525046000100
23304952000102
28836112000104
18562652000185
05748878000123
24705766000130
04860635000110
00322097000159
16769218000145
03352097000190
12493546000100
04143008000320
02728991000159
11366202000178
81584278000317
24380578002041
77861565000198
82683228000198
61585865107207
68492073000181
01318055000107
00628329000100
19181190000119
03339695000129
04279374000149
03656043000118
93025658000139
57523557000124
63534309000181
17710089000182
77476620000126
14883329000152
17269218000149
07802611000283
97550180000117
93702116000153
10312152000183
03058715000193
07128685000103
11239419000117
01747971000162
15463333000124
76762053000101
06925627000130
12478842000132
11636389000182
35219492000195
06316728000103
39445937000106
13625378000122
10924432000142
82618612000107
08538030000320
17439795000131
04185877000589
11054153000138
82871823000157
04953134000188
23121478000256
34882134000103
21568953000120
03941777000149
05619105000147
08417460000121
90562901000160
15313042000150
79174405000104
07895214000112
07785072000130
12545020000127
05200773000135
08560738000115
08668530000114
04064616000187
10587478000113
03783325000186
18894711000112
13279695000134
21471022000100
09415646000104
18172994000199
18179191000166
07359970000127
15500813000118
41804030000138
12143443000110
14205208000151
03010965000153
15217240000110
56666712000107
05483056000168
42591651155007
09423090000106
00133018000161
08940228000173
13709589000143
04197573000108
21603936000187
79227526000592
37447521000100
01536754000395
07782100000166
04533482000104
45043536000122
10297921000111
90851007000100
31702855000198
07085015000149
05443664000149
49071210000160
87913349000100
14087542000158
16667980000110
10673639000191
04676693000198
69323244000101
10531090000109
00316526000185
29066826000488
18661629000300
40409690000151
07766110000299
08059261000199
27326719000920
06354512000132
10282220000109
33679788000163
54103924000223
09279574000115
11310545000110
12023966002509
11046471000157
13716006000101
01676850000177
07392529002000
30793774000188
06284882000140
01852074000119
28749018000100
53289732000100
85326700000204
13701155000105
02975541000160
04220636000108
19488760000118
48291330000100
05999146000106
01729395000120
07146706000105
01963040001254
13219382000190
21747801000195
18558038000140
08775881000124
15257602000104
01210925000120
43264381000129
01525013000147
12887219000133
04750757000153
95591939000184
03845717001870
47598420000185
02515316000141
07293786000121
09686211000102
03035160000164
05564849000101
13761290000138
06941981000158
11313429000155
10964300000144
11640859000181
14335542000120
10531378000175
13079339000177
03904309000102
37981131000107
33014556027396
31069297000175
10976395000205
10526700000178
03668918000100
64264518000115
06656656001204
07875801000140
13959842000117
09392815000138
27108101000137
10621002000151
07663085000137
04719850000103
23564038000192
02024231000160
14989900000118
33014556008170
83215830000163
72279821000110
51483956000122
20798412000126
22230971000160
24354719000199
05672295000166
13574594004930
19765635000108
13439382000104
15351417000176
61412110079312
04441302000156
04951180000148
12476892000180
01628568000114
05570040000192
03195078000105
17071423000103
19067790000150
07844376000121
09666502000120
11196588000117
04772199000127
12222315000162
15667741000106
10883185000183
24785255000175
02322433000199
04920643000376
12395829000110
07385681000100
52694676000126
10573573000168
18120570000180
41835935000175
06078434000190
00147889000134
12263595000157
07307410000129
01626943000197
85143824000173
27977362000193
02677045000120
10835469000285
13760078000156
10700160000105
10199549000100
13250701000120
07851862000177
02291928000106
02114672000153
14124149000197
00709510000132
83240333003726
14226961000123
39816053000110
03956997000146
13467667000140
12935714000170
09082433000108
02314277000114
23655357000103
16385134000108
17317245000140
19584215000125
04679434000110
22829786000197
01741960000175
17902264000133
10706980000104
05492068000159
08293613000176
89135073000102
28064329000135
08912023000184
08859965000146
16417987000184
76371376000506
05614746000109
17397297000173
11672041000221
06101534000190
24009311000180
05505061000124
09341914000190
02516324000102
00495263000119
52605052000195
93209765033392
14525601000122
46106266000114
07701512000124
20394643000174
17063961000148
20083573000133
03474553000174
05390504000189
05402590000100
03560395000175
04651728000134
08222552000156
07367763000548
04902055000148
17766326000127
34028316064420
13085528000152
11907315000133
07739159000171
04815637000197
26817957000119
26565655000109
84741354000187
39693809000424
16233389004908
90238825000212
27171855000131
21818083000109
13296026000170
19239303000190
92244854000131
19934603000199
47063425000103
18097100000143
18725233000117
06277690000107
09647613000190
31457278000116
05054878000980
09123767000182
03786459000150
50009935000107
01327410000376
05940720000150
04948439000100
05122681000184
18559697000109
29342557000192
06888133000122
05566093000130
04965700000171
09296295002103
20810562000108
61585865071849
05924925000142
10680707000140
00253725000191
04685620000162
14027918000996
11789361000185
05021251000176
09056879000168
02054982000120
08750730000111
08541954000202
07145316000544
10015535000190
02399739000143
26713118000150
32613929000182
12003081000162
09178622000189
68384643000110
20939113000164
25085729000139
03640467002804
03754107000113
12972844000183
85466357000112
01905253000177
28838167000145
34028316334311
01896076000100
08834200000151
20429810000175
00904368000184
10542662000147
78745379000156
00174488000173
27425683000185
11623188002275
12923532000180
16496705000181
33381286002448
20587132000179
09405797000343
23959422000194
08046841000141
10670439000185
00018789000108
03557787000185
10807105000100
12328876000140
12454714000159
07700642000142
02026161000180
14835947000127
11193248000132
03920026000146
25355546000196
13790435000129
11191495000108
07456580000175
66275207000187
16182834005750
23574205000186
21947964000111
28119410000175
13004510025335
02353320000150
07328490000107
03411217000182
12757603000111
41152521000141
02543422000139
17353756000117
06097119000100
15370149000130
20058746000163
10775041000103
64437890000186
38143707000120
63623870000137
13307379000129
02106520000109
33438250030589
95425369001639
08998332000119
15782426000111
05957742000123
04276046000199
23565768000108
18951898000149
04697891000138
08154161000141
02060641000167
13628139000126
30879321000179
09277030000114
42266122000174
00387825000100
08861396000769
07392529001895
11916724000104
07458315000126
14263461000161
02808873000150
19729708000106
63771026000153
04850204000172
13440693000185
11138453000103
10992555000110
21578205000129
12053340000240
54306311000102
66456559000139
22156621000100
09552085000195
02309235000195
52040532000156
76260017000301
04466875000304
07241332000379
83661249000175
04578296000183
01194909000190
09129773000147
19544641000135
43283811017800
85516482000190
02624305000108
02280741000107
11360399000138
00188004000226
12401266000125
17306647000149
03588352000106
75118679000117
06128983000122
20165468000143
89340913000160
04908109000182
70184056000200
04905258000198
05978976000157
05261527000193
04689033000141
01506570000110
02825353000156
24692700000152
88401575000167
07632594000100
04224679000234
08657155000107
00597244000101
42102848000171
24761579000173
14379161000223
13477066002162
11877412000120
05125361000188
26923435000100
09495065000120
18354958000146
08571484000130
05977268000100
18328118001008
21923504000153
18553269000160
21577829000121
10649872000139
04023839000104
33293762000182
60199288000105
05738923000169
28197504000162
28326312000109
08598578000101
04427859000132
42905943000103
07108610000152
20830991000147
84652288000179
07905468000174
11812467000152
06247344000186
61467817000169
17359132000107
02069113000179
00252626000195
08362176000103
05726517000186
05698140000107
13557928000113
59631887000169
18170863000172
04240281000100
07726967000102
00291066000188
17364855000102
09635794000304
91033621000127
49816010000199
02133017000142
07597774000190
11211100000183
01065982000243
07052807000117
12250656000141
07094837000196
03299326000150
24073694006781
02568247000134
15491930000162
15890809000707
05068605000138
11696082000339
12519617000105
07171577000105
12819599000179
16655712000189
16863785000166
08699280000180
09495451000111
96797527000168
73694739000114
82512179000120
11019482000229
69903573000121
44365542000133
96689690000107
10393312000166
01464841000112
02517358000111
11422959000131
03941414000103
10327193000224
03954137000173
55431753000143
29865078000150
97422620003176
06038254000185
01298634000135
03744041000180
13101490000164
14600239000107
40760241000153
87620613000100
13902297000122
19214044000142
04096618000158
07129792000148
11160095000127
21514884000172
05665571000169
05418766000104
15741267000107
03104862000152
09475957000169
23674554000170
01383614000162
08427766000169
38074225000165
18640770000164
01262963000126
06954851000311
41566118000169
01549360000100
93015006001357
04422645000173
12034448000105
08538776000171
04173913000160
11600491000713
08381100000117
01636119000118
07689561000199
04709094000123
02302201000179
23365216000156
11149375000134
21107024000114
09118614000147
19224252000122
04113995000158
03956495000115
14081223000135
03010037000199
03655876000164
06051372000123
19366849000101
70316179000176
08574361000153
13058718000180
25024712000171
10919691000185
05396135000131
08177794000175
07424852000155
15233609000188
08900293000256
09631624000181
10404045000266
94596798000120
02629233000183
11145237000187
09165880000120
63473235001940
88097472000155
12408704000187
14169310000149
10526929000102
03841910000195
08672885000187
23821483000190
96588645000166
18223816000140
07359331000161
31868841000149
29120359000184
02923967000170
00447821010133
08116237000144
00792310000196
83074336000630
02761643000183
60930880000399
06141458000147
04634597000500
09227221000171
03356224000129
22081669000198
02980132000152
11825154000139
22139973000149
07549068000173
09193177000126
07603231000139
00806267000170
04966821000138
20723266000170
79379491010731
40972739000180
05927031000106
08624560000129
07849266000152
13482261000137
08118879000182
14137069000176
12133108000131
13372389000148
09320530000191
92072628000110
11990365000127
47508411252201
19627526000124
18277766000183
08541879000190
20998397000160
00756510000193
04069141000111
07817077000106
87396008000105
13711159000166
06346532000161
05523954000100
07620681000130
06189545000174
41614967000140
88250055000109
03451229000130
17064456000118
09345224000100
07262028000146
02868299000126
08289685000140
40436743000123
01873118000197
22764851000143
04610978000207
01691336000100
03550965000308
02502347000168
07273477000190
75869107000170
00846584000110
92665611032370
07240641000596
03036520000142
11000232000166
06057934000146
07807726000180
45543915047730
53929089000131
37873312000110
09489068000150
60537263096333
03126158000109
00825152000123
76430438005300
17399431000175
92665611000924
27037379000160
11183993000109
76697507000108
01807006000138
08520563000112
08603562000484
03349324000128
07376531000122
10331576000195
14992845000115
09491414000135
07836818000198
04981673000120
07592599000149
10261551000162
05481059000162
05000684000226
04703780000197
11610541000158
26270799000120
09303720000109
06187676000112
09187070000175
01086472000171
01813042000104
04490774000107
06307622000143
20446027000110
13270207000128
03917734000128
00068010000169
15121216000182
61585865049592
63535413000271
31935000000107
07073285000130
16513857000145
02097648000153
81853798000116
02308177000185
10731530000163
00287553000177
07984304000180
17320927000101
19192434000169
89835672000805
79379491004766
00188867000112
14103553000184
02819558000129
57759953000155
07676809000187
11014510000134
19762001000100
02202562000143
12710583000123
17256512006580
04132462000113
82626334000130
01008713002370
03175865000187
70007232000157
03006669000189
55330229002120
21608409000165
32363459000146
13424675000290
00980185000148
78589678000149
03129077000154
06906460000160
01286739000174
00559527000150
07928751000111
04112118006527
06254541000122
44313815000104
11836958000133
84330281000130
02198660000154
07795629000114
06299182000120
00958585000157
18361610000186
46628913000158
39405907000176
32055725000173
35917152000138
02054258000104
12082676000150
11220995000112
82982455000114
04899316014178
10458921000156
17589256000189
83646984008437
34132597000140
02442657000487
04544067000148
05241596000305
04398150000156
82640533000100
09267050001003
02658246000180
12113756000207
07596477000120
04335804000100
01251185000170
33014556033108
28742388000115
00994541000182
07219162000164
03961117000120
56927163003356
21576053000125
13540709000121
97474472000118
53311361008280
87873485000106
14668458000128
10609523000193
03332930000130
16963537000197
12335948000187
10750422000138
04451833000120
75796417000373
07211715000132
20787518000124
20719172000127
05913338000158
21476130000175
02944082000158
17730529000163
08473977000138
31485170000137
26629165000110
05528190000138
18712551000143
13107274000126
07853750000155
10550961000123
51832046000701
45543915034914
09676458000130
10681129000166
15541837000115
04122565000100
10935457000141
04552530000101
01665798000153
03840986002816
08948023000134
05116523000111
07233294000140
13147393000102
28816205000169
69432748000160
43283811004902
09015670000156
19390745000132
07577042000139
04089530000109
02412595000118
01013775000164
07901184000452
77883320000676
75545186000163
87465613000182
59453639000175
05585672000391
03168852000180
28551609000178
01029783000107
96174057000186
12141737000103
13604854000129
02994420000166
16883664000186
04860694000198
15107527000197
10254688000270
11371134000135
25994773000161
17949801000109
08809663000163
03895334000169
25771163000107
93900363000164
79379491002712
11203191000105
20493913000102
07331890000163
12420324000168
07475893000170
03327559000119
08954535000103
06626253041265
14178305000100
32919508000346
03526622000146
00179525000136
07749794000130
06050563000170
10788653000130
03675637000176
00844773000154
18760503000120
07281642000155
03476811070010
22208103000184
13833384000175
06185473000197
04445791000114
22070909000159
30898812000167
10338874000107
34394619000140
21205549000192
01008404000194
14246660000161
27493675000176
13385574000177
61412110028912
11970263000140
19440470000102
09579609000131
02667683000160
07556464000128
04509490000107
91449793000186
05230277000124
14681312000112
01008713003422
12433445000144
01486156000197
01917176000175
02820830000352
79701744000193
05948697000140
11476823000104
20133710000105
16308132000115
08510133001191
89790356001151
13543208000794
79982690000181
13962345000178
16007650000107
33041260005808
08133100000106
41816182000150
14399627000171
13679999000199
02086804000180
05679907000142
23178634000134
08798956000192
06138488000102
08359422000321
17589437000105
12567847000131
21827790000153
04087130000164
07947487000163
29021800000170
07176357000255
00025345000108
07924727000104
03913585000390
05363684000100
06057223033002
18564668000127
19125667000149
09067896000109
09169486000160
20946663000100
42199653000191
03299732000112
22542566000188
19345429000149
22225470000196
10174345000115
00521628000132
83812669000105
04621503000135
09362283000196
43742204000100
97394522000157
12443144000100
02205471000161
11889912000182
03147414000136
09222507000164
00467916000156
09206913000133
17496980000168
33239241000147
04790995000192
08402812000418
17212969000129
09083659000123
65000655000610
34131326000170
21597116000120
29530800000104
10445536000174
11623188000736
01152999000157
10586161000162
18557195000130
60537263071420
32280156000160
92209790000138
91424242000168
14054564000111
53406633000160
06098960000112
22277000000176
04606681000197
22558670000160
03210744000129
23397183000126
10916111000104
07170943004107
05162774000132
09262277000167
01194763000183
27429384000119
14792542000159
63456560000256
08071915000108
14611147000122
07072594000195
61365508000188
35002328000121
15914528000305
24579677000194
17317144000179
08243281000115
13583784000170
08208154000185
00254355000107
14584900000138
04902369000140
01575681000260
08961274000159
35820448001884
08632667000119
42327460000179
11809110000115
27948124000150
14209642000100
03959432000112
16838919000199
03364456000129
05486250000288
52417367000109
13894452000106
93137883000167
03207894000507
03976639000103
82864828000152
01496404000180
14515456000280
11285000000100
96581731000147
17565160000180
18233110000169
79540738000100
33513946000100
30003396000191
04752923000150
01805480000120
26325500000197
06988720000355
10502678000126
01897733000133
02737563000192
02464078000192
18290240000133
09024146000141
33775990000270
14975738000189
15283891000108
30584639000122
05267722000120
09351681000107
88059951000420
72430580000168
06288528000194
26039439000111
05098619000102
04555409000125
03225860000111
13455069000151
15705880000179
14152443000102
05819703000160
18144313000189
10614635000132
10657301000146
32455875000174
25425101000135
06298238000202
04857083000190
09016359000121
02199872000156
10500326000131
33509357000159
04732879000117
06306582000115
15378184000103
18246877000122
19280646000106
03849568000170
08629312000170
47427653009414
05477158000251
07645513000107
08110136000166
03228222000154
13600316000166
21807211000100
09967852009183
59581017000122
15908841000179
07421103000174
12920167000150
10729781000103
02507104000112
02511780000160
24259988000176
12959939000248
07214420000110
09664596000107
03221337000117
15456917000172
03091004000110
04815751000117
11486568000180
20293492000168
77848943000101
31071903000197
08652339000184
77883320001214
18974334000121
10432341000190
74219924000110
07342521000176
12499494000180
09573096000151
04930862000174
00083043000188
85272912000175
34673970000170
10601782000178
02561185000139
04351934000200
02419765001320
09274723000153
93361475000194
00952553000144
17466331000114
33014556057384
29471163000134
03488542000143
09297595000163
16291122000114
04034294000204
00928377000105
05556050000173
31627698000101
10798639000118
06214345000124
02998489000168
09370706000110
85485852000179
01791324001200
79379491000183
94793635000137
10631556000130
00562786000130
17549813000138
12255305000123
13077563000120
04133501000105
10007953000135
11557208000122
70164710000302
12231466000187
07957417000196
09187431000183
95404406000146
07665356000193
01169959000118
15919067000100
10586328000195
01632458000126
67620245000192
37016680000141
72577919000153
07816736000181
06372816000122
32144016000164
36881605000186
21978765000170
04380142000182
20232336000430
09352477000372
04327823000187
01065940000121
17798894000100
12250391000181
15259551000141
01438784004003
10948593000176
12188227000191
12404869000180
08663426000137
06340594000166
01754239001949
05812320000402
60452034000149
05891841000150
08397343000810
73589491000121
07729740000102
81567505000134
16571889000369
22261143000190
02814359000128
17157013000171
14189252000115
19196866000148
14647890000485
06626253010114
13965717000110
04491788000137
10360712000175
11605893000115
17119841000115
08395743000110
25567140000177
05249943000176
01744129000681
15695344000130
03558723000107
63590608000133
19207595000189
15245413000103
07760885001814
00252180000107
09272868000115
20930785000109
00447821000928
20873544000256
65788549000138
14493383000191
06980121000123
34180042000173
00285753001162
79430682002508
06879112000140
08228586000158
13493217000122
08771514000152
02131023000160
18075796000107
27910615000101
06122029000122
04099366000110
06104619000122
05609540000190
10660273000116
83861815000192
92684778000185
09226144000216
01404043000103
04920658000172
24255442000147
18414632000167
26341725000137
02449992023709
18870558000193
16751295000178
12251174000106
82883083000179
09471964000192
05270527000150
80986391000102
02767534000173
49732175005656
05251811000189
00603738000739
05941069000133
15498280000187
09459395000160
13190123000184
47508411242753
03476811058907
19091046000191
51081859000103
11200725000140
61234985017856
04259757000902
14018530000171
08030428000199
04165806000190
74108226000147
09300057000180
16955685000160
33200056005370
02298432000156
14244855000172
13366581000121
10522077000185
19886727000146
03003622000595
06626253033670
14598625000101
24694440000154
94240314000105
03902084000147
86806148000214
04990772000179
06094381000100
09648112000128
00965898000132
08980611000236
07475216000152
06255086000180
02234943001003
16580748000221
17364386000113
12998779000165
21592705000115
19505535000142
26786673000102
88240494000394
01438784005409
13995762000117
11393497000171
21033563000156
21568071000165
02825582000170
39778287000110
07956750000180
09046575000110
02249995000154
21614776000171
06098506000161
10635075000283
26160400000158
32716185000121
08702696000100
07192644000178
09241652000192
07065883000167
10649179000166
03681505000157
02259887000162
34028316317140
08766804000108
00231792000458
03562365000289
07026076001026
10340582000109
08098534000104
14450945000110
23444612000179
13636955000181
21324037000145
78728375000160
04532572000172
10997526000141
90740754000413
14304659000146
34087767000111
08708921000115
61091906001630
31871999000178
12548577000111
08362312000157
05672329000112
22077887000159
00136405000151
04855678000107
18062227000127
31628555000106
10802665000172
12190633000270
10314586000112
05373334000124
09053499000170
07441290000158
14219216000157
12348585000114
03284954000161
76989276000106
08172676000174
10376370000181
33333162000877
04438260000285
05253660000106
91828244000112
08676377000177
73787483000270
08394730000126
06126481000162
79086419000249
40175853000189
10953085000186
06177556000134
13900954000100
15597508000196
01271845000184
03104367000143
00265903000102
19431551000138
24867393000101
06894782000136
07270366000715
24173665000165
05032870000247
83671818000163
01789281000257
22881035000110
22334296000110
01092764000117
03839528000309
96418264028572
05059942000169
08434269000198
21312939000161
14820886000124
17783092000126
09014042000156
05555642000170
10497031000234
05695292000148
08411909000144
09300116000110
05139300000170
06947351000190
08965494000150
00260825000145
01183306000193
03776824000146
13190814000188
07372701000109
04059366000197
01884247000180
75264044000128
12077421000108
00416543000194
00000802006132
01088696000112
52713641000197
08386704000156
17518184000189
18330304000182
25355215000156
19187717000112
03533402000140
13447725000174
30094114003043
07635674000101
11485899000104
14599949000164
22625305000121
41821026000188
00761877000448
26570008000187
25827411000186
11186093000107
10818686000186
28820828000105
23501878000106
04591602000111
17897376000143
10948651003691
93364974000569
