09942963000189
39214077000108
01195982000420
03400299000160
07920623000393
83306969000546
02957467000150
16665259000191
16692551000101
01498409000142
31201924000180
03918429000150
04168479000120
48385165000155
10544528000185
76070994000184
00911603000145
26327402000199
15189671000110
12456772000111
20196334000190
10142779000567
11589020000166
18805263000133
01008713004747
00747099000190
04411581000105
07773452000236
90562042000109
23485791000192
18441939000157
17276866000122
92662618000135
26519510000163
18212890000160
09346994000177
33014556004507
79863890000549
11413417000100
09173891000152
82956160000769
10748928000102
71852784000124
02460332000184
33423930000107
05144907000148
13365673000197
08508712000128
15224456000102
01595724000198
85231694000120
11855765000120
02900459000339
22372486000393
19194212000185
02073281000138
37828985000158
07762252000105
08191811000129
05002731000190
14777183000160
12986614000173
15799829000173
15737092000164
90440645000219
09967852011676
07843047000247
15207983000109
08111859000180
02570563000140
19218074000127
03881622000407
09513241000109
08242236000146
74181348000169
02701161000138
25320003000133
21148007000125
21779871000125
30206984000122
13246724000161
37314846000106
08905207000117
11069593000169
66256264000119
05097668000112
04259864000183
06151463000211
07097252000120
13943276000155
93967644000134
01127591000125
02465981000259
10342755000128
13050278000115
20415295001227
03829431000153
26107831000150
35229707000159
77863223002150
06198002000113
00675553000225
19852529000161
41684333000164
11613159000106
34748137001708
07167236000166
23029382000181
05003071000242
10140642000140
33014556028600
09482537000100
17611573000154
16342016000112
01055583000200
11596442006604
67945071001967
04113039000176
41322918000134
03010795000107
08157613000149
07966334000163
00203752000150
16549860000119
03476811051732
35029289000156
05874692000110
15622802000100
11261772000101
22503959000182
06249332000190
71285704000104
13575127000180
68062827003936
04063577000101
05508706000182
11580827000138
44581056003178
97543268000101
33014556029330
18142939000156
03927792000213
08754803000143
01843792000129
10683578000143
78898160000197
07420112000140
06028148000110
96428529000503
09338237000151
05957033000148
14427158000157
14898422000130
24872499000195
15593743000351
04138780000191
60101888000180
80646755000105
94568607000388
20251790000195
08855303000106
07240641003420
06573000000167
20867365000206
10779859000102
03666503000199
15873421000102
06292993000107
03014241000188
21332803000113
09326429000148
21736850000122
74852781000189
11025459000328
00979021000605
04500226000102
07247546000190
92350339000136
04613523000164
17256512001350
05195368000338
21103130000120
77350692000122
30272884000102
18566842000170
11068230000109
01546949000154
17310080000184
03902992000130
08967272000177
03641745000128
04006809000181
20733149000197
10779409000101
10909753000259
04622380000157
10241026000185
25835778000141
13767207000138
02479751000168
08042763000107
08843433000110
00302595000130
14468185000178
06073123000139
04323582000106
03432326000186
04568899000102
09170834000110
08208171000112
10442466000109
05511277000100
32631616000157
15957715000104
18203012000189
10514776000183
04286314000153
18599435000160
59784868000334
02730629000384
13961387000194
27547405000109
45172608000131
27330829000109
53622825000104
06921577000201
08417793000150
45543915034086
85329126000167
02180206000176
05290367000100
17724532000174
24185522000173
73855132000179
06276991000205
47508411165902
26171645001071
01407847000158
07323451000109
15396269000106
04660554000176
07526698000122
14906175000177
87414991000137
17328883000166
03219653000154
07393665000232
05060850000107
02353738000168
14794376000120
09263250000199
17985909000149
15250836000111
07311881000100
21739663000100
11517013000159
13386263000122
88212113021522
07438787000117
10305824000123
20859180000179
04295641000171
05809204000191
33046189000102
11892271000115
10818500000199
19039003000167
10682264000126
33438250007250
17767210000102
10705688000320
03930449000147
12023966001529
01999145000100
08307870001353
04262678000101
10883806000129
46102836000106
02682303000167
22661482000163
02499405000141
11198245000191
14151916000157
14164545000148
04268241000177
12147261000118
06252245000192
35123447001457
72201791000129
01303903000104
81677239000100
91749135000100
20910691000178
09436686000132
06901678000121
12802687000168
16894273000167
07650136000196
10145410000184
03640068000123
04710241000185
07569311000115
10498318000106
13412674000145
02930181000180
12331157000189
12517654000176
46276143000121
06294055000219
05221485000167
09397459000145
07270617000176
04266141000292
06202130000193
09070569000106
57076556000189
21246832000162
00649778000126
12085081000159
07365911000161
14938319000177
16698330000132
00182220000183
03370378000175
08599661000197
05344315000170
03630240000168
03723008000255
07241433000188
21191171000115
37069853000190
44471498000227
33381286000232
72207475000164
00000802002650
18552041000156
07473820000140
02784195000133
70433693000191
24532560000155
04302869000141
15694005000139
18721321000140
05977646000147
10921252000107
17229547000166
04643369000173
59714014000110
28809339000152
52689049000105
13604896000160
10463444000117
24065229000172
00199897000124
16291064000200
14553565000100
09579673000201
03439316002388
03448670000163
11596966000150
24380578000421
39814835000382
08310234000147
63211668000106
10944261000113
08226817000194
67821223000190
50989581000104
04729247000102
07758594000143
16724073000166
06036686000157
35645647000155
06273004000120
05328082000111
03476811033750
17254168000126
17387204000120
09074829000375
33560848000205
49120280000160
09967852005510
00379858000613
08261189000188
34965640000158
06281627000144
10310491000120
05214053002172
03807452000178
09268757000135
07120312000188
19678759000156
11879292000109
20729312000148
22149603001083
47508411107708
13468543000180
05770091000168
93011286000515
93209765032582
03682340000138
25237123000171
25140208000137
13004510001908
55363568000169
12648126000156
10920897000125
01566318000105
04150685000103
11322064000478
11120062000153
12000598000106
19345773000138
11517841005741
02068079000118
63227763000190
05561565000161
67768853000149
12418015000153
47964911003894
03355487000113
05427585000144
01751730000197
12007184000109
08573618000152
07779590000141
21204313000131
17225102000108
01537169000148
05000487000126
17514018000104
05441341000116
11065130000129
08545851000202
19331453000129
27699084000150
13475792000100
08784942000110
18695064000381
01302585000167
05899817000167
02588773000166
52130481001125
13376006000100
05284806000172
10842440000140
17227885000169
89564843000124
36784908000180
04875361000132
08208729000321
13813285000121
16418107000194
13035462000196
19515038000125
19278990000152
10794382000126
13231670000160
41235961000162
11464533000140
03339851000151
13047681000195
00635623000130
05200895000121
14323717000189
16991887000167
07343392000300
21008888000189
39343199000196
04679753000126
27398370000185
01000159000179
22171437000120
08786585000129
14519010000142
75795625000196
04039705000173
00663304000139
02779800000188
01367007000109
13141081000191
04344941000365
32250377000195
05492353000170
04645347000142
13978621000196
07912416000125
04652877000118
27549244000184
37565827000152
11538836000241
06126291001206
07009655000250
08289545000414
10781599000282
02512394000192
06211443000108
19296355000106
61360038000160
03995078000181
18414361000140
06626253008640
96133152000131
19817766000191
05144049000131
08225197000179
13384515000184
12773916000163
04725086000170
28537271000108
92665611003605
82995937000109
01079166000108
36889558000621
08184963000366
07031055000108
06353777000116
13046372000109
19983704000150
47508411094975
83674085000110
10629940000106
30970719000116
05681075000107
09034978000149
11340604000101
00811396000157
03546131000167
78025889000159
27985929000173
12716804000170
03770053000260
07399516000523
89865158000138
06319202000187
14142479000105
05029691000170
09543798000192
17326864000109
73734832000105
07127296000236
10599951000182
06766295000198
01195351000168
15158399000100
09509299000189
08034550000133
11064126000227
17137831000102
00398308000137
85376119000205
09564636000130
10774594000141
03006935000173
60872306008730
24045751000192
89471957000200
15987496000106
12930946000136
13477066002758
07132377000143
57006983000433
08726058000129
12066123000104
81238073000460
11077263000115
19100009000100
53716171000188
19451991000157
20473173000134
89848543010059
04112118001568
03259425000108
05385061000138
01153332000250
27847318000169
77772234000181
06057223030240
21706496000193
09477652003888
92012467045513
16553657000116
21405095000101
18210447000150
95102455000124
00547313000164
02381298000152
06057223021926
03769515000149
09358347000185
08962936000105
07873622000173
00063960004511
73445298000117
19816040000134
13572350000174
32487654000188
03138238000176
28697381000129
45109691000366
23751165000109
23338197000179
64931595000181
29949955000171
81346140000207
13000452001510
14635893000156
11939925000119
10855572000106
00112968000371
27270966000103
15241573000184
63282537000101
86804416000269
27405752000199
09424309000183
09798307000154
04407752000122
13216698000129
11367438000129
16840815000119
67331538000583
45992724002574
06187916000189
27660548000114
06309176000106
03597245000136
00108969000180
22413371000138
19406529000138
14293842000193
12003052000109
09295071000133
08608460000109
23488349000110
34420299000740
02663424000161
10749112000101
12233055000120
10250610000105
02661074000102
10246989000252
03472391000135
03471957000104
03754912000147
00547721000205
08304574000165
21367621000188
02012862003690
06137899000175
43283811012590
64609027000169
15358516000341
09271861000189
04451626000256
08942554000110
34748137002003
00254258000203
43652502000100
05861937000175
13223031000153
08333050000100
04602854000107
74708967000169
90278201000148
25759283000261
10929707000130
05537561000148
19249980000199
13734079000126
01725901000103
70055017000121
04272338000153
13144945000129
18995939000107
03686569000140
10634587000144
76539600008764
34374702000157
00500966000430
09031466000129
29316650000122
30653232000100
22809842000121
07379791000151
01569403000119
33014556135440
02980666000189
07575651003255
40432544044780
07418552000163
05604570000104
11036961000172
03860081000198
86593340000199
06217837000173
17614414000103
10237073000155
10227022000142
85147726000104
03707574000192
89897201000570
09399633000199
17374945000176
13255598000101
12114393000143
15698425000193
03746111000130
30222540000180
06626253082026
79800199000192
13494568000158
03633620000156
00852563000108
08323515000134
15822385000140
07895460000174
09174133000159
00697509000488
90179862000116
18766525000106
05382497000173
05025625000636
12103222000119
04130055000177
28701290000110
08776396000175
15369660000111
04664029000129
00939795000106
16569454000118
05379141000180
17513996000131
08771850000103
08192593000147
06057223027371
00822635000174
02912729000160
03970812000158
04222598000114
04041097000131
47427653001278
27502098000131
82533886000101
11078521000188
17906130000190
10588324000146
03618056000100
11248057000120
08284377000121
01559046005096
73868895000154
14671145000129
27303156000106
11520281000120
04868412000280
06626253019928
03797182000161
02972473000186
16962930000166
15644821000138
34230953000168
81362485000165
00532401000192
07467929000174
05928542000142
05562095000150
05285273000143
18708549000109
05515577000230
09585790000199
07473735004098
04428572000127
04831073000186
40982464000165
32439853000110
07872397000150
08381059000774
09296295000321
21692698000123
03142273000169
08995429000500
33229410000168
03936535000400
36805851000159
13323490000109
08746070000103
75635573000271
05075674000179
01703837000160
10483781000176
05806404000190
04707711000151
81483935000178
26984692000143
20096496000156
01184725000140
13106365000147
28138113000762
06109206000130
10738291000173
05641841000100
07936130000180
11076052000168
10785683000193
55330229002553
75990291000101
82225624000171
00000802003036
05825216000100
04842765000120
03539371000134
15367631000110
17237952000126
20077977000114
10928875000101
91772376000170
10614770000188
11716224000110
18893950000158
40462038000109
07544880000106
07756288000178
04632374000180
00191498000389
04649613000105
19972854000168
00177247000188
06232339000108
00582795000193
16632628000140
06060748000166
04466714000140
39280680000180
00075026000107
05850546000155
03768443000115
93377935000172
12666317000140
17394128000180
02319342000102
14573705000102
06972658000141
81551913000106
06152323000187
68250471000191
11847632000101
10889696000102
61585865033912
33404914000177
20415295002460
05739662000100
03857252000120
11583598000105
29867660000156
05230702000266
13160548000140
04649613000377
09091872000187
23486258000145
09126345000160
93209765016110
01249878000128
17591861000194
08747197000139
07719233000198
04195668000192
26586743000189
34619494000290
03243846000221
10735646000170
09303096000131
74114612000141
15394711000165
04269694000118
02818190000184
09388606000110
08751512000100
06170396000100
84820059000116
08918753000192
07415625000163
27909654000199
47508411107201
04531191000179
06626253002448
01505846000146
04806084000106
17289516000281
21104452000193
05331201000195
27684133000261
17344230000170
05786836000187
19175988000158
07832119000170
06124274000179
04274687000104
12387597000158
03406722000139
04805323000103
02160731000120
28157312000122
32464992000102
09197286000111
84813856000176
03468092000127
01758188000102
17029443000108
01564993000197
13642676000120
03311475000197
58146952000106
11764014000106
23142388000160
61100202000523
13505126000160
63228910000146
22098091000182
14371083000130
04545217000138
00893669000150
01479187000110
07488002000110
08111871000780
79244463000159
06285215000182
45543915027543
19889023000127
67950709000129
09075209000199
43963933001835
06049213000194
04457980000107
13579150000143
07490711000130
15865625000193
06061175000195
13004833000172
09434790000198
19833492000124
22741851000128
22682761000103
03978643000100
84259027000193
10710781000161
02503428000182
10565169000142
27454987000170
61365284013605
34748137000906
33437492000136
00606688000158
08949898000150
04038066000121
03755347000132
02858779000106
19673181000145
03588462000160
01857439000360
03618829000140
06626253005625
33438250023612
23879331002435
12223678000201
11630938000101
17163726000148
10652994000184
03086069000178
05040454000100
17613766000144
10318092000106
79426243000731
20069991000176
12307276000104
28200947001137
10787856000102
35988013000103
11494239000181
08937354000179
05569543000148
03323841000128
06759096000152
24143993000119
21911839000232
20648835000160
24980362000154
14008566000174
15119425000191
01172655000614
12303073000131
04741042000134
06921970000106
19732483000228
08827124000157
04895732000148
06121331000166
05555684000101
09247752000126
07854671000169
03678419000276
07628940000179
30886642000109
34028316267452
00114357000109
05111512000149
82124470000121
12218206000171
08865235000158
07230535000106
58587361000166
09562087000165
24206976000183
08635237000150
00332511000615
65993453002660
06034420000175
03433762000170
87100723000140
92725910000150
64427040000105
22552761000199
11379018000162
02515497000106
34028316404549
05779262000110
26545789000150
08954068000111
01487187000162
21625805000109
00771641000140
92613413000160
78945730000667
07396700000196
07708956000191
07547030000161
37071230000151
04298168000186
67593020000194
02286263000134
60756582000162
33831108000185
03571835000190
04178673000197
12606312000122
39790183000121
07498618000172
01719949000109
03644587000160
10951141000143
01390442000235
07165156000171
69310753000108
44552685000154
26941278000157
01054727000114
02885756000190
25489287000196
10418619000174
13302490000122
02222953000120
03608197000134
13676146000101
15362463000170
18678177000107
13194301000145
02766553000185
21805919000122
13154722000142
03096409000141
15036858000264
00723741000109
03640285001195
36831683000176
00672350000102
33617945000297
22192363000109
15653562000101
07822823000141
24692842000110
08986525001474
06251852000138
00928300000135
18067916000124
10568596000184
35873793000138
17738195000174
08799516000150
07133903000190
00992059000103
11740620000183
14309498000183
07226729000120
34028316309988
27841824000140
14772561000113
01164588000181
24649708000136
06234065000188
02234417000144
26827381000170
11125971000184
02106085000112
17399032000104
17649642000119
04513196000179
92660406003800
11389391000102
07867920000150
12492122000121
33773607000163
19531788000190
19824627000195
15701605000187
68793462000147
16993697000189
07032581000192
61585865024336
03768073000116
03123142000215
00700876000140
24970280000129
12366751000105
04348153000185
09058997000105
02991119000107
12342601000161
05264937000864
13634523000131
63004030006127
08793939000162
03755750000161
00014855000171
06262966000183
26934596000190
22512453000130
88616214000138
24100133000106
17381671000142
00063960001253
05920648000108
01432041000110
16182834004605
32191667000105
26363770000192
00323702000106
07269201000561
21057745000167
74552068002678
11553888000106
78220522000196
20810747000112
04240370001048
11945375000140
84646934000519
01029361000123
08978193000161
47823810000101
09472240000163
89867162000135
03562811000174
11344915000130
17340678000116
08634871000179
01206640000115
02318826000129
82745738000142
01087686000162
07573769000490
05375461000162
25055161000103
13170164000109
10935399000156
11418445000293
10373022000150
10775026000165
13665563000140
15789242000183
09457989000131
31149190000137
61780615000415
73933632000343
01119035000107
01352631000132
06891105000407
12312038000189
01577555000163
12967789000133
05368603000164
05728789000115
19908131000108
13826458000146
96745799000114
04044355000133
03913585000200
01579956000152
05486338000119
07198252000116
05417572000194
09530840000130
32817574000143
33014556060091
05494572000198
04964424000127
11708919000150
05942646000101
07795017000121
02558157013493
00306597005409
02289707000195
45543915000343
04113545000165
08218593000179
16919003000597
15267969000109
02891717000104
08175327000106
02919630000190
15095398000164
07367763000203
10866990000107
64848765000169
82114513000198
00980008000161
01216627000147
02028784000191
21613189000168
13809027000171
05321848000136
90376542000156
34310409000550
39693809000181
00191498000460
10629619000113
17861071000181
08250125000262
09244667000104
06626253031545
01016989000941
25264147000209
08030363003792
04608139000173
08763127000174
00148007000155
23178496000193
33773359000150
52130481000668
19899733000138
04925648000120
07923645000145
15522345000182
09967852001522
07778694000131
02013546000102
15682172000160
55128599000135
02917989000128
11673755000173
78527595000125
01903488000120
08724515000146
09476956000139
08727003000133
28569296000185
10572800000130
34785261000186
19083157000156
12375667000158
01402351000191
82565433000159
07624206000131
66825043000114
80362189000100
03632328000119
82863291000106
12252258000164
06626253075836
14615104000115
08584605000189
02422535000186
58012824000161
13677034000833
04132832000112
10782826000103
01444504000163
04333377000113
07358761023100
14417151000154
08438071000182
05799676000291
28037624000100
02114575000160
21859801000187
01425640000106
84704683000158
21697658000174
04017207000120
17964631000123
00904538000120
05340392000151
03557843000181
02858376000329
09585025000179
00409098000135
04481032000107
06905607000601
88095641000118
05060677000139
09619157000174
16283038000159
03882790000174
05043517000181
02365976000193
14346533000134
06111354000190
08850185000135
09365596000106
21542525000129
02658670000125
10552433000103
06098795000107
08203113000104
05235203000180
09584467000109
08865561000165
12450523000119
08318039000163
41436635000113
05169165000105
92665611011616
17804724000190
13161251000108
00879266000156
07771223000100
09132188000104
84992312000119
72555758000105
68062827001488
04398151000109
20381877000187
41275819000149
14268955000139
00798468000173
12303847000124
16782421000151
02948927000264
48991533000109
03262645000190
07211498000180
18559688000100
01309199000105
14807558000198
62603519000111
03747018000140
38062600000157
06341940000120
23153317000163
16594720000162
05159709000310
08081673000125
14147890000173
07589745000187
11201145000177
10937665000180
81639429000125
03230779000120
17699799000159
18981362000176
42202333000143
02086087000197
06057223027967
14334558000118
02823003000150
09603693000181
23268105000121
02705847000105
00748569000130
77969251000103
27894839000177
19497650000112
13003418000102
05879152000634
03477535000146
13788078000164
02182438000163
08376376000107
12509676000194
24075186000106
17413530000164
06997596000122
89580310000136
27165787000106
02559225000108
92870161000154
07638436000150
25256741000169
57301368000107
18449504000159
88476874000160
11840014000130
12916534000141
03621367000110
22211412000103
15701494000109
25406467000167
23805396000140
09280439000190
03219654000107
19331537000162
08064723000166
21016908000163
09334209000166
24111100000153
00568076000118
13709919000109
07788281000138
15815297000110
08471873000194
03022054000146
09490476000122
04940846000162
08191854000104
41334079000174
07979104000139
01390510000185
06215907000154
07905345000486
74158338000102
04345539000133
00819201011150
09653039000182
01565589000138
20728950000144
04584866000148
03941821000200
22763502002231
27091227000146
03228455000157
01212984000137
11073016000140
10765690000204
09526989000146
21112711000128
18143843000102
02333515000139
15743908000162
16514998000182
06209600000140
11608356000129
22332947000132
07483654000596
25641085000118
03373128000199
05698737000143
09170151000162
08729068000118
26043277000195
18792311000104
92386499000135
13011428000262
27382753000165
34943035000186
13751912000147
07867406000115
06119417000154
65897910000598
13333305000167
30949291000120
08675856000179
23072096000107
01049344000158
85402477000156
02365386000160
13729422000144
07503094000160
32561144000456
01806602000101
65894297000121
50515162000130
08172138000180
24551013000117
32264764000180
04350706000134
15277675000150
03449173000180
72768179000132
07672176000139
08729111000145
28622230000101
11572404000176
16698671000108
01510586000105
00345323000117
00080519000208
22069520001246
70097068000116
79200325000178
05255141000179
37499225000144
01998483000128
78787744000195
71984256000129
13790622000102
43283811017710
08248916000762
19315971000159
04724646000172
12918148000199
07608952000131
18951337000140
12948538000101
07442498000191
20507505000154
02297007000142
07524456000108
03589447000136
21665282000116
02032894000127
78207537000114
01692313000110
10356649000101
07788231000150
05635869000126
14772757000108
03506260000121
12710052000130
02171873000192
15120083000120
14476104000181
08613843000175
03256129000153
10589092000140
03989217001560
11026684000117
08955479000474
10388190000110
24322862000107
11625868000101
13016235000113
34028316325401
07497814000122
11893824000154
53249017001115
71039283000123
04489715000100
00880826000192
05113009000122
70097530000690
41810623000107
05501574000167
68820893000155
86669264000158
35365550000199
02537532000198
12378859000118
13154588000180
14588269000145
41978578000102
00962421000101
03248460000121
02553552000152
07222565000162
01834158000120
02238969000120
12880259000153
33362500000122
05092261000100
09325683000121
54370044000132
85240869000166
17855151000124
06194561000155
05515224001474
70353677000199
89848543021174
02483800000136
63236335000123
23197644000117
09219022000200
04038409000158
21812204001500
29206909000182
04051845000167
08822247000103
05492088000120
28194383000103
01963157000185
61506481000872
11789835000199
07914802000156
63049522000106
03747761000108
02197730000150
62588751000128
02775087000102
73927857000125
18404658000124
12683328000139
09504729000170
29349123000114
29850583000121
12638667000101
27179753000677
03096812000170
01339514000139
64563257000134
05422596000131
05129835000160
61843256001712
09095027000180
07825873000182
13485442000206
01728250000105
28832963000170
13442239000163
54590021000133
01928075006807
91876037000133
03157725000267
04954155000118
04704259000174
83306027000134
15449247000167
01385017000177
03858927000155
16998708000113
05538848000354
06002985000847
11045336000197
00004402000164
05344951000100
02376509000169
13236189000168
02877387000194
04323575000104
64998032000100
08393399000120
10924846000171
15123699000154
41183930000377
09308265000126
08777873000117
05275800000139
33014556030265
47624697000135
11117459000196
07063443000170
27506989000166
07355049000106
63004030003969
48076228001406
55973366000481
11510703000186
41615501000160
02600159000172
17448071000154
21452363000138
02446840000108
22390775000153
02048392000194
04429478006638
45877115000792
04693852000162
10332959000188
10433547000134
10356850000180
07223970000103
82350695000104
00659899000159
10994061000337
10312173000280
04387627000106
00869672000138
13501187001554
08174282000155
33014556031075
69988038000110
16597313000109
08233148000188
00075021000257
14382639000193
21093757000147
00421124000140
12876949000139
14730952000175
00379619000400
02746274000150
01746251000182
07275813000133
07621833000119
04157583000110
13737837000160
19275471000130
63376925000151
76496462000103
11392879000261
19209018000126
09540687000122
14873493000260
00835869000156
14919532000131
94663275000159
09390539000179
93917102000157
13570827000182
16977852000173
22078792000150
18780254000216
08834230000168
02315932000400
29459843000132
02346268000105
18151777000112
28495916000189
15867024000209
22826921000140
11475352000110
03481796000130
07037473000102
76947126000130
61956561000153
34537522000149
04422288000143
09377346000188
17980997000196
00056777000178
70324777000197
11821499000114
00626625000163
11290933000187
01976860000128
53441986000100
08187326000181
29907570000141
11141445000108
04947539000103
12892666000180
12824584000107
14786777000138
23212958000141
32256557000184
08298476000162
69302552000150
03513682000124
73343998000109
21475820000100
05082661000550
04864189000111
25084542000110
07367977000190
79591384000114
20747459000160
12802275000128
13163173000172
05477796000191
41795196000569
11761842000182
23454833000128
12655933000449
35773126000183
04930849000115
09295241000180
13860520000116
10330775000189
00794530000159
12023966001871
01784926000188
