85349678000137
07976147008811
03301600000188
08261137000101
12930739000181
02354167000186
08971809000172
92058643000104
05423617000133
36777076002461
08708973000191
33014556066880
34911586000168
70018023000109
13658527000150
04120737000107
84959121000155
07959080000156
11738645000142
10531947000182
14016568000105
01161030000142
07575651000825
07958470000101
10512330000110
03364008000125
14949983000111
90336256000167
94772035000516
29911559001046
61549259003449
11514099000166
21089335000106
13107698000190
04917296000594
01904285000158
04125225000125
18515253000163
10746463000150
00314809000350
10481602000161
03485043000100
00370197000150
12991569000145
04707902000113
19068836000156
02024273000100
07976147003771
11033746000118
10976864000105
72812795000143
01648541000193
17225202000134
12972838000126
00715065000113
33014556105028
28574436000103
78941200000136
17037516000103
26588958000139
17342902000109
05925535000197
10996415000110
19604006000104
84720648000122
20679312000180
30075899000172
13659827000153
19644944000391
00715375000642
33988783000112
07809003000110
03540306000129
06050386000122
35345321000374
00085533000113
17008960000109
04948865000216
12483036000152
21589390000157
07540324000161
01671847000160
22063770000116
00694558000114
19812496000126
00986814000147
10442383000101
28116838000164
10689218000159
11471607000176
15692566000107
33014556121570
97422620007597
08943764000122
03970669000102
19921697000161
32250557000177
28942423000140
15387969000134
11457340000243
42515700000169
20167491000177
10220890000281
40756983000105
37525771000455
03517689000114
05996732000105
09625071000154
07368025000191
04852437000104
03220918000134
01130173000197
37614195000170
20339997000116
62307020000167
05835448000149
22069520001750
21457829000198
20879821000238
11376918000156
46241741000408
00209844000147
12388147000180
04423056000100
05127143000263
71967376000118
17818232000154
92556364000170
03502104000192
03238104000127
07200348000333
94460052001166
25794827000145
10704681000122
54473160000691
10322647000193
12781340000186
67964429000250
15111975000164
01466897000106
18576477000185
06013569000178
11972321000174
14487988000170
43627470000192
11210830000160
17359212000162
77885739000152
08456960000172
11364358000110
03609801000147
08267537000124
31009093000149
03141632000163
92665611018700
04868114000109
04673681000100
02720785000100
02724941000101
11137434000154
12097137000195
08112549000180
06626253056378
15282816000122
01790899000156
10851308000102
03049991000195
41930199001459
76189406000479
19315019000155
09177591000141
02019067000284
02997561000132
08806649000106
19264468000111
37546983000176
10545766000105
02870393000110
05747549000168
48031843000181
00310506001330
15487515000135
04598094000101
84047828000195
00564569000180
61585865088229
11928659002504
08083160000153
69943686000312
01608079000109
21339965000426
07190617000166
02427932000140
23393267000787
24514337000185
09482967000121
02393780000293
39346861013654
12764891000131
57546715000676
04360445000133
83301937000124
04413351000185
08039529000120
04171718000100
06277600000188
07503705000170
30922561000109
05637988000118
02687174000108
10364422000108
04159827000101
03884844000130
61234985018666
04406717000199
79379491008672
47818497000113
92554179000147
10961965000102
02254510000110
06536560000141
05623185000104
07664399000154
01383386000120
01888803000197
61585865049240
00068285000100
04782043000127
57174856000109
04366731000106
06995202000105
21009623000103
27579988000141
27853381000108
02830307000145
07508395000187
28665232000188
68523273000154
05161413000171
17557145000190
17969124000182
12387867000120
17952506000101
34028316050801
08267359000131
19583509000132
26404731054369
12219279000188
10960478000117
18192739000108
01661954000108
14378801000523
05868777000196
84683481018467
10873996000101
09242528000141
07151906000156
10900775000177
01150221000109
03575872000176
57984304000158
17447367000150
07187088000141
66732710000114
15871688000152
04792695000142
02701294000104
05488357000184
27357383000106
00464144000107
00306597000440
13278337000107
02302811000253
16826043000241
07560706000157
13530058000199
16865198000882
03688780000100
10283115000194
83754234006940
39405394000101
05879152001444
12223583000107
05885809000161
27523885000160
19244413000140
08044735000129
17992147000108
04125510000146
22773487000188
04415928016272
07801429000127
17093390000194
16154783000106
60737533000182
77285955000167
19040905000113
01156137000100
08357426000109
01615234000106
00727727000175
26817065000118
09150613000180
88231741000124
07628428000122
61412110006781
03204333000120
28378220000172
12928917000210
05337184000101
00749154000180
19834347000168
03360177000197
17339555000165
61365284007702
30661060000116
53741583000178
09117016000153
03792817000219
13465145000100
03740975000306
80224785000549
17744964000147
14355025000112
31754303000123
21832673000188
07497236000124
84832419000108
21721838000144
21514774000100
21758256000132
62670088000106
07518386000177
10781375001161
05876008000210
00612802000152
59694992000147
13526491000150
50427103000100
15777414000107
47508411134004
00759234000117
10651127000124
94284619000119
17005689000140
04853447000164
05955462000186
15087545000154
75400218000647
10717170000730
00558962000160
13392369000139
04899316008798
77559425000240
37212438000143
11630531000184
39189337000124
07508419000955
09389264000153
14103951000109
41461971000116
07554461000155
79454997000100
13054830000143
76539600007016
00135418000106
04191841000265
93209765038351
04568861000121
05008417000203
12224497000100
01889584000160
11353189000112
18326511000163
60957784006960
18007018000261
04529726000177
25628819000129
87910030000113
14601730000152
03255285000108
28587103000119
39488499000163
08893612000162
08852436000110
07511747000153
14526901000126
00589859000188
29467263000197
18440708000129
08317826000190
05152821000167
03216833000182
04356637000176
10422552000222
33014556129806
18101924000140
17802629000158
04663880000137
11963931000292
84683481025404
05584978000161
33014556094310
17605619000122
94927316000177
04444245000169
01994951000510
17144653000147
87540225000623
03579187000118
72962079000142
27179753005121
53978649000148
84201458000107
11047169000113
02125226000144
04810650000315
09355088000139
04207374000133
10556305000138
01289008000182
06215887000111
64956352000106
05323167000107
01331930000190
29320058000102
13066773000112
10862817000122
11818913000136
09456940000164
10561753000120
06994475000127
03794432000100
33444787000210
12243239000171
72616774000152
11107970000107
10900795000148
12514719000120
09498965000120
97468789000141
19023260000100
16749858000193
74361163000136
08052972000131
27628809000119
02960020000130
18804792000112
37427747000130
72633753000145
92022359000188
07342785000804
04737015000198
08248403000166
01242690000239
10921251000162
02980333000150
15767931000197
14873666000169
07559069000107
02139458000151
15393770000119
20366525000152
02358511000105
23404247000179
41626169000643
11376379000155
05618882000177
36882140000188
14014800000176
14976741000117
05996667000100
47179148000107
06063683000374
07873333000174
03662136000236
06128710000188
14959520000130
33657677003252
09067767000102
00680863000157
14376217000105
07965809001179
11094637000100
11272353000167
13534518000157
10302939000164
18634120000106
05806827000100
74033515000124
96761648000150
08033253000769
21021367000161
10233869000130
01912547000126
13610012000180
04967379000164
10318413000172
16775907000162
07487877000106
24365329000114
13970265000164
05054404000424
06084457000108
23523384000980
72141021000138
04032295000139
18810176001570
20007786000186
42113845000133
31424369000155
05543885000199
11732158000172
11892215000180
90091349000179
51051811000314
05271278000117
13485921000133
13495442000106
00380853000104
15077473000164
06259317000123
07807831000119
59618314000103
01339721000355
07241751000149
11352336000130
04522497000169
17830360000113
08184822000181
11206750000130
20288390000154
04679656000133
09200857000120
31465255000153
22090758000109
28065165000160
03539576000110
01807697000170
12467446000100
04027640000146
92477736000173
78632619000106
07614740000167
15194268000189
01426911000148
14207319000105
30062145000188
18500605000107
03590418000194
43283811006000
21115167000178
00966755000145
88153119001206
14428362000192
21122290000116
22200772000100
36392496000133
17471603000174
03318213000154
03593142000106
00912630000132
37583432000182
12026989000272
13258835000198
01345407000113
03247998000111
03022740000117
13076644000105
71522643000143
10704108000208
72308836000169
35233907000185
12328789000193
03465170000130
70005996000103
32696619000179
05472828000166
17213375000132
17449816000108
42591651130438
00070591000173
10691103000107
33438250027529
03855803000116
41930199000487
01305922000170
07301609000140
08517220000107
14490766000106
04636091000107
04204548000104
77883320000323
01626951001962
24414741000187
33136763000113
21866173000167
34028316412053
17776221000159
00732085000100
47508411167018
40779217000166
01928075001333
05023467000170
19558879000110
04680962000190
13419521000120
11672001000107
42489880000151
11470470000135
33381286001557
09283747000179
02138641000132
05539619000192
07663889000136
05600297001707
09312838000195
00220439000120
08639899000107
64042252000166
33567231000130
13197843000171
08931657000184
00469286000159
41124918000120
35439728001251
10320422000106
01146886000149
04288876000136
10310345000103
65735458000134
11606441000158
35031855000164
20146059000108
81326258001237
61234985014598
15359724000101
31341656000100
26752026000180
31823545000121
32877961000175
12651094000148
00656624000161
03060438000153
16355380001431
02950562000121
11656216000126
02344465000195
74552068001272
27404508000101
14302704000123
12975538000109
28016178000140
00759653000159
04130295000171
03107187000115
36872281000110
02601941000106
18969694000135
05270902000242
11465449000141
27277342000100
02571944000144
17316561000288
16992363000190
06626253014888
62021316000117
83074336000126
12504272000108
16567930000161
08259289000170
43283811005380
09267887000153
68545276000199
36390359000160
09369347000180
16098367000120
81800849000737
55394936000136
00102744000702
04815245000128
44358067003436
18745746000190
04653459000145
04031483000142
12110950000158
07145265000127
14082281000183
05994501000154
07094741000128
00877761001017
11992815000110
14092497000120
17166956000160
26537572000106
18178945000163
07755133000117
23174519000515
03271995000113
08318300000125
13802160000104
01353934000170
10267408000188
04428101000119
08604185000155
08530338000167
77751741000139
74086570000182
13912652000144
33014556051777
01991461000802
02667582000190
26376324000112
05550551000142
05365568000120
05983192003647
06936451000111
92138254000199
14567148000117
04382905000124
05362319000180
17616180000133
10287312000181
40511529000437
71531099000104
09944687000198
24606519000186
10545393000172
16712801000110
00287719000155
20303383000184
07119696000119
14869791000103
67808220000117
84683481011454
09063710000135
05972332000151
47508411096161
14278151000110
09315017000102
83373670000180
56717911000199
33212333000133
85076198000140
13491968000100
24050824000134
28312604000192
04618482000280
90148834000131
06911254000148
02278655000151
24829194000109
28673839000100
02480441000163
06164451000140
09571844000167
39790787000178
01757508000100
00203615000115
11700138000110
18458797000130
04287909000123
04576497000141
04230597000111
36958858000100
01101323000134
09633776000113
03987404000109
15015012000167
33402892000610
07149453000123
15055468000150
03054773000149
07575183000112
01744457000173
02395601000176
74179151000357
10742226000383
08469844000198
13594751003736
01121859000111
18275185000102
45543915066603
12023966003068
14719174000113
73999948000176
12002552000207
04771153000193
10572502000140
07521237000167
06010031000100
00905737000153
05427534000112
08107805000140
07061571000185
26845648000152
14158290000100
00858224000139
00300356000140
10502903000124
10799491000136
04125429000166
41057571000220
16921776000184
15418271000139
01394586000189
04886045000166
08692115000104
01200433000153
10752415000175
16649034000141
76586130000110
10553734000151
10208639000110
64340714000121
16503020000115
03615282000120
04441306000134
14644255000100
18219041000139
87184164000102
15330928000101
13825591000188
31125289000107
07301838000164
02002599000128
74522533000170
06635418000151
47508411089203
10305120000150
10202205000103
00087629000110
24144564000166
00741031000101
20143772000190
08504724000184
25552134000146
09236474000101
03900727000113
03299418000130
07408373000145
14327149000194
03921448000136
16586064000156
14441833000100
04830139000113
12312822000197
28138113000339
89821094000173
27897180000102
03865586000145
17960433000191
03139938000185
02255970000163
26565176000184
08258424000162
07512661000145
73796617000643
02876858000140
33311382000123
15103047009295
02303178000137
03457301000137
07170943009249
10431042000211
86504776000245
07447698000137
20761312000125
11592537000104
02317193000134
15666214000250
93015006000547
63784243000188
04956246000192
00870400000239
09493054000100
13615496000150
34028316467389
84414184000126
18918142000289
00620160000133
03992944000180
09635291000169
03179592000149
18936123000102
07907008000185
80940679000561
12798443000310
02058687000141
01449264000190
09060758000190
61468997000101
09605515000190
90589698000387
16079519000147
01887256000125
23917704000129
14431324000199
22887764000345
25273657000153
07245009000101
01820331000130
05378135000109
81894297000269
04565578000146
90145657000130
31438484000189
14705932000144
14969227000154
09150735000257
00062513000127
06626253024255
11368380000138
09555316000114
57072530000162
47508411137100
07624469000140
40310419000164
05541928000105
30166399000146
61585865034480
07792435001218
02789236000184
16614158000191
03897874000181
11645109000100
17296989000125
33130543005222
52083326001286
91080622000122
14967463000131
13697531000127
02291846000153
20776749000132
23226668000157
84418987000310
93209765021033
11162314000107
07531380000130
16646436000192
34028316587368
07766482000134
11297589000239
04028011000130
05221154000127
02389832000177
04384399000102
03523307000327
16965157000191
18137502000124
20981640000137
28329538000163
05015082000161
05574196000141
24937443000171
11734826000109
86422151000153
38143541000141
15087390000156
10481258000100
13852844000102
14951666000130
28809952000170
02509491000126
17155342000426
05035376000155
27871070000252
10778132001506
03189468000164
05290889000102
38719753000124
00133913000267
72366818000133
18361561000181
01616677000111
08246364000168
27413771000167
07066854000110
26003023000143
14772598000656
71687099000190
08376897000164
03533032000140
15361488000150
75967711000139
07280961000570
54558259000181
00734589000151
44367514000236
07233600000149
26910752000183
00593430000164
00361145000118
09408326000127
31755713000199
30556740000170
13535772000250
04746985000150
10806043000112
12646045000117
10239326000120
35999622000150
03661937000104
11491322000105
09628479000180
79937728000102
73198459000115
07408086000135
33394917000177
90895202000131
10345964000125
13498776000125
89252431000159
17550735000191
00486423000163
14858966000179
02418357000110
09424592000143
28191781000168
07605607000144
07299393000125
11453417000126
08960013000114
78830700000109
20667801000112
03576804000121
07608546000179
05238398000112
18752959000149
20503766000104
20767819000196
23552689000162
14294899000107
63864771001623
00821450000145
16346975000106
03763994000196
14032291000104
08267970000160
13698173000177
06164867000169
19991355000118
67736744000140
17992347000160
59603977000146
00306597000954
04014192000146
45236791005665
05872939000160
36868974000481
18813787000176
10651038000188
30286058000104
44581056002520
04706807000103
12528753000153
01103411000175
06209638000113
76539600005404
03711979000102
13547466000153
13329528000150
07514425000400
75052993000144
26785382000108
07438258000113
11874808000114
04637947000169
08327484000190
18153417000400
22026215000114
24930091000122
10861309000120
18656427000108
07012379000280
12077741000150
13178694000101
74187840000141
03134044000100
31197361000101
01928075001252
61177689000119
81129215000109
05135666000170
13619996000160
01673533000105
82704925000188
04930383000158
03815352000193
39325501000183
06126575000131
72900780000218
00131052000105
13004510024010
08628825001139
91872283000117
05892799000191
03105218000107
26714744000161
05867616000188
26286062000103
07835559000180
32724973000160
05166241000390
04224491000105
11457340000162
50757236000145
18448446000149
26100578000103
00135213000120
08264347000153
05588797000375
06215360000197
00942574000189
15121869000161
02687661000162
11917885000104
12445148000119
19033653000103
19370983000186
07637277000179
01220203000156
17745613004229
18842528000173
12810074000172
03447686000151
60829264000265
07269201000138
65208506000306
01433761000108
52609021000102
17856881000140
09035892000130
08731708000124
01468484000160
00576658000146
02691706000172
28318517000142
02899002000190
90704594000376
05728540000100
08460196000109
21510880000116
10384200000149
09094962000121
18621416000192
05008315000107
03559899000175
03312491000102
23522202000107
40935280000144
43283811005895
36970309000151
18150726000176
17679445000142
09097050000103
16752915000193
08655671000100
26171704000110
22496555000109
08626592000163
15332141000189
03632755000105
04145589000410
14553234000170
05135383000129
11310546000165
02761380000293
73263584000161
16466744000136
02191472000528
05815837000102
39631304000192
32446114000156
03214362000416
37577640000179
17615015000167
07351609000154
23866639000150
76763630000180
01300991000352
11399783000144
09200769000128
07141169000100
07221472000466
02999891000167
24048183000183
02850004000194
18728496000260
07840219000148
10600957000122
33657677002280
11851012000146
13755438000121
06277148000154
32837221000105
04138872000171
01582044000130
21941705000183
01703428000163
12652309000145
04959544000136
54450630000197
86244316000144
29765021000180
10739878000105
72954308000500
01108373000143
00076498000176
14577946000120
34880413000120
12571120000128
16677530000109
04491655000160
11649177000130
07045170000131
08278332000144
11186880000159
11404966000100
63606958000140
14007559000158
06131760000114
02879807000171
08282151000191
03147163000513
48017909000189
12270435000720
11488975000127
09564886000170
16585185000183
05783808000106
07970403000102
24372466000186
00278919000141
82765983000111
25144348000183
61365284003472
57199531000172
84641331000877
07607904000129
02590521000171
07246758000153
11176075000144
93489243005002
12482518000198
13756203000154
33678954000107
10299764000183
01793061000116
11372084000704
09943754000230
35304542001376
11768544000114
12911882000398
11248638000162
22938885000107
08796257000294
19230179000100
06124016000192
15768945000125
03977687000108
07917814000134
03165321000134
61129268000112
01399945000190
16263329000185
03199834000166
10972967000199
02450284000143
12551565000146
03479769000122
10909753001735
10257759000108
10862039000171
22152342000160
08714430000187
22480838000162
13959041000151
00278252000187
12829592000138
04496135000140
14472338000150
28192052000126
08968411000187
15427910000122
08240096000177
04163544000125
63320246000160
10477888000101
16465430000119
08323521000191
10909094000170
03564964000150
21302050000101
10409436000192
43311877000106
60637667000121
38640439000151
20634386000109
08545986000197
08048027000166
93069367000142
02507453000134
04556508000121
06057223037920
00442689000104
61585865000828
18321926000144
27597705000194
02372107000196
04599383000117
15288543000123
07186876000113
54360623001176
04778805000111
49732175001820
06347409028507
20386914000140
10484692000144
28205656000160
04886619000104
00610350001656
04143008003698
02419765001672
11029324000179
12453852000113
19018030000234
08759087000278
92954106000142
05055427000100
60376720000188
34108316000113
01155439000156
00285753003025
10524176000104
01253822000147
47508411132575
07394936000193
06868196000117
56226327000130
08112681000191
09664002000150
06018885000213
08832409000186
00599864000171
11343442000157
05580638000162
17631026000130
03635544000118
35581594000156
02641217000106
06169397000126
23357671000100
31304371000190
01101982000170
04597650000117
02320648000170
10899042000160
28900416000185
04027450000129
18284918000175
34028316005415
40928053000191
05311422000100
11021054000150
20698935000109
03754346000173
15375991000598
16731862000124
00482730000176
80408487000185
10345217000197
93648517000253
05307387000147
91009019000235
60990959000143
10980234000104
14362212000123
82618919000108
12226196000116
22189114000164
20808991000140
07790792000194
09166924000137
08147059000119
10343859000157
03349124000175
03646425000160
04611640000199
04776959000417
06123910000148
17423948000152
10433465000190
13113477000397
28130698000189
16797534000120
41122714000150
23167406000169
13033288000738
57797920000108
31809080000154
10440046000266
07372673000111
00461782000166
04601517000278
30133177000127
29780322000182
39229299000196
60768629000108
25853615000191
07647647000159
02039748000123
02212918000120
13356167000131
67115691000140
22701621000135
08170681000148
25269507000176
07275948000107
15074871000127
34028316500424
06078361000137
13663407000140
02257337000104
30883995000147
08221470000197
05120639000124
01320514000197
84638907000170
13004510004257
07095800000182
14919507000158
09537484000187
03634387000126
09396928000101
80384779000125
16950529000106
00197472000186
08160728000192
04641645000164
00159233000565
23774964000192
19713534000193
02736330000175
10394404000160
02731555000139
10363989000151
04500597000194
03022172000154
86467255000184
14158292000108
08275178000157
17366027000103
01300648000146
15316119000226
07062586000168
13026881000161
08662492000192
12933382000195
13614797000240
62488937000105
08924092000108
12396450000124
07482600000182
18361389000166
05883523000147
16492829000199
22141867000108
03799819000159
04979698000190
09335199000183
75572875000167
17833301000522
10791376000115
00068344000132
49423965000186
69613776000183
00285753002053
08289545000252
59076927000158
06923326000177
47508411094703
02895945000497
30341008000182
14980728000131
10626621000139
07479794000167
03587033000178
93782266000114
83754234012400
15507632000113
04966456000161
11406795000582
18856449000111
13378625000133
02602341000162
05511061000137
02818012000315
07048885000148
26462390000105
14851557000140
40893174000145
07577683000193
09215807000205
54838776000104
23960373000100
00337147000171
76354281002277
03070434000156
09545379000190
00610350001818
09183254000167
19392785000113
15383525000120
04977791000165
12528089000142
04954564000114
81265100000141
02297209000194
02995750000176
18709712000140
10617999000176
02996290000109
06720269000129
06974697000188
07734787000164
07083645000184
09339893000179
01575967000164
00495080000101
04192385000197
06269773000154
07052435000129
20614640000107
84492198000168
02944466000170
15912659000191
63541965000101
04681394000141
10175478000106
02613755000197
13049040000170
66720921000137
26048008000111
06289407000167
08658982000115
16741813000172
03669035000106
08529941000129
19698574000103
21440799000107
17274562000126
20498156000151
19345142000119
03081713000115
20843251000145
04599070000169
00146256000101
15810637000110
12252919000151
02867374000134
08950624000181
11376425000205
27996594000865
87045589000475
05081743000157
40959462000155
13027020000106
47508411106817
08272245000180
07476477000197
28036574000139
01831013000175
09356946000160
02550560000145
14369655000146
07318977000109
04673458000162
09449337000155
07875666000132
15809391000167
80221013000200
83261420002011
07181913000109
18468199000576
88741343000158
00591939000178
00092811000160
18167906000160
00447821004834
06126475000105
07140199000100
29891025000104
64263833000128
06159045000190
04746539000145
03711378000191
60710399000126
10572594000169
17936437000134
82858903000504
03714760000159
00527180000164
08958206000130
05537368000107
17032199000566
07229106000100
14467347000153
00803629000170
75667204000180
13621606000196
10738376000151
01542803000130
18869928000172
15912461000108
04730248000169
22683194000100
01183645000501
06233255000180
21608472000100
96827753000144
62317029000159
26574756000138
18061543000184
47508411002442
28474299000135
03533726000935
07771503000100
74708025000180
18152972000167
94831609000156
05261304000126
19359641000165
08834277000121
18872263000156
06102624000104
32860231000676
18321608000183
00992097000166
13080069000114
68536838000138
01748483000170
06626253041346
09220427000170
57699035000188
02043869000149
12422750000130
13200369000190
03377972000198
03819675000155
28617955000101
84641331000362
01596797000102
08490707000135
12397753000161
19374685000164
08942573000146
30065114000180
10535547000145
22479976000121
08486436000225
61585865083502
24203628000233
06274140000134
14413439000231
04260294000141
07821753000107
15571482000107
00480963000130
06217753000130
18417797000192
15143356000151
09115455000127
01817406000124
79563284000184
19586020000114
12876202000180
06003969000100
02004640000103
33200056029554
49604952000103
84551654000101
04963836000495
12871202000198
07528989000150
02485967000136
39346861032870
40455123000131
07528338000160
04535631000166
09190592000126
88658984001034
52870888000621
17499106000184
11957815000180
01616389000167
10656166000114
03980804000192
36831444000116
00840544000161
22267342000105
02221937000112
30450694000120
08362847000128
74283219000181
32732869000117
11117785001175
87305868000188
11963364000193
15448566000158
00135446000123
83260190000103
83296970000103
00111511000504
03458452000100
11122687000154
09326471000169
13880916000125
04021420000105
18977975000130
07272825001852
83646984003630
43283811015696
16558481000195
00447821012420
86916889000177
07383766000141
10980548000107
18758448000134
18694941000138
78889896000107
15354115000151
13411919000110
73830002000181
19605285000112
09091706000180
03485751000133
01446489000192
26165701000174
47508411138930
76496272000196
04086240000101
06945995000140
08814443000128
01820705000541
17910230000190
08863777000191
39404942000170
07108199000115
09080954000126
11793995000101
04588769000123
00544960000112
35410562000198
04827684000150
29810504000159
03001331000134
00624056000117
11800233000195
00692624000117
09384854000193
51769255000154
28214658000115
11585304000184
64254337000108
03093049000124
11944771000153
