29203725000169
09397547000147
14309392000180
26370128000130
13609585000193
54651716002989
40535643000154
33014556022831
14125628000128
81768905000108
84683481038220
03289476000182
17021630000145
05641219000193
01725627000253
08259194000156
08705399000118
10520957000112
26103778000110
05481141000197
07836674000170
01708150000117
05801156000195
04462557000103
08232729000103
08717224000120
02525880000145
08824171000309
09291953000120
10641063000180
08824171002271
43283811016153
11596442001726
24839888000119
17440057000104
20362687000112
10015535000947
14330895000137
09195890000109
07967231000118
01495316000164
73147381000100
12274817000218
93508406000160
08087667000509
11917419000129
07879469000191
34708883000100
94229705000129
65290611000167
73115875000102
18633550000103
05253846000157
02229428000136
07360547000147
06096504000133
97422620004733
01234390000127
08584214000164
10209265000158
02742319000118
05718572000124
84456243000129
21938852000102
04792143000134
07039495000101
04008461000242
12461496000180
40500472000128
41146994000136
00281035000146
03857533000182
06028352000131
04271732000177
10571861000183
14364289000132
21075920000149
90447707000133
06002263000116
06057223005645
68088756000178
13568151000192
72649361000174
03299653000101
82095456000147
04987917000182
20620274000190
00642597000178
18975690000160
03674042000104
15260954000100
11609123000140
25107953000184
03030688000140
05888012000118
04686495000105
59688846000109
09624485000169
09569378000266
10605257000120
28542538000147
03346498000137
23057651000113
04785835000155
17804934000189
54733563000118
15126790000123
08329486000118
13708762000199
08889866000107
09003773000104
01670951000130
07943822000155
09191184000199
07640288000108
02025353000171
87461349000109
23623508000141
37065158000150
26334165000193
07142899000207
28093797000138
14270077000196
01767275000118
02482892000130
11143820000159
03460834000178
08470126000131
01907537000283
81446338000173
05669934000134
14208590000157
04169585000129
07291533000119
37479441000128
05549253000132
19244358000198
93719136000137
14279145000340
79874269000157
04487165000190
12278798000117
56838733000154
24846867000120
28382093000185
08033253000335
80709801000160
13437576000162
17618342000172
61585865152920
06249677000578
01753297000129
01824173000197
71222889000108
02847997000145
14958754000163
24765205000126
96573563001381
03964837000149
06936083000292
02097331000117
17319198000173
01092927000161
47427653005346
21088451000364
07240641003854
01794851000116
08829140000189
04936267000146
02008261000183
17497913000168
14241179000183
06787692000146
20807790000129
02452466000153
24248901000165
03388437000132
00123370000116
19337924000106
09475349000235
13007828001357
16996826000192
45007937000127
10417608000250
11728589000165
21685318000557
49914641000221
51335024000132
07123970000123
03518039000193
21269807000102
28138113000843
18274093000108
08834172000172
07730522000198
18299328000116
01074883000147
01137265000107
19282936000180
21298164000117
09404358000154
53673620000158
24042142000260
25168246000106
87399879000174
08542434000397
11506747000132
12049913000181
68676105000107
00093472000136
14742494000194
03098041000150
13311488000110
00063960049701
30369312000138
21095682000133
05991479000199
91041590000156
00178471000194
03450993000191
14543845000138
09631773000140
03637731000130
17723290000102
02877038000172
11346033000104
02060476000143
71793673000194
19125681000304
24819087000191
03424897000179
09550142000105
09000121000108
16527404000178
14414535000113
05520087000141
00116863000129
33438250004154
03505121000183
07172975000146
20511317000108
04149637004001
00220403000146
05846287000199
10349759000138
06264360000187
37525771000374
29998475000109
18068315000136
05091013000137
35536440000142
72129570000197
05692647000145
24428872000113
05012787000125
35972470000100
06088052000229
06271745000171
07867308000188
09619128000102
04111000000110
01314880000133
04326492000837
76971597000183
07106662000190
10376667000147
45987005020547
09213270000155
00446575000132
93489243002593
02688773000138
09485551000167
18936821000108
04917884000102
08684799000194
18176057000101
51043370000147
09460885000186
03590925000128
72457211000169
25143792000184
11156936000122
03598063000180
13010487000135
31861115000102
00162377000147
14828973000128
10971337000108
33720335000133
01928075006130
06204393000131
81112435000120
06063197000194
20882039000197
01205130000123
85330801000178
03078538000107
16613174000160
00885905000196
50010214000117
12880776000122
13059737000121
03098813000154
33438250028509
13623406000172
64451099000120
13759481000165
08928063000114
30100119000105
02824870000100
32593741000110
78429222000111
09186489000102
17953410000150
07312064000339
47508411093308
27096361000300
05917551000138
18994751000136
04703246000180
00943155000323
01897639000184
20800842000135
04734999000153
07544373000415
05643685000108
17381744000104
01667041000107
09092682000184
39531199000110
13960025000189
05054671003255
15336344000143
96190897000132
04366774000191
11378164000173
23960651000129
19097984000107
82078270000180
03011882000189
95242764000108
74604992000100
10286328000170
09348713000115
10687062000177
08872648000160
31441157000186
86183373000241
11309656000107
82265778000197
46396990000120
14921963000132
04412834000165
14448119000136
11998906000163
52688892000169
07049684000165
04732393000189
00601561000146
90011305000191
69608677000103
37236460000123
11629714000503
09296295004904
10562401000199
40763021000183
22340332000158
39346861005120
10685547000121
04429374000188
09437163000100
17249964000170
00665657000178
10227645000115
05849430000287
15254136000103
05494557000140
13984506000124
20854088000116
22621559000171
14061947000117
11090010000181
55305395000122
72221211000599
04480376000100
85198562000144
06942728000119
17465761000111
07760615000165
54595210000107
04886769000100
33485162000116
25161431000160
09047502000142
97528228000190
20586625000194
19806463000173
04582075000340
08215269000105
20200208000161
83352021000101
07558992000388
13417155000170
09399137000135
15975188000160
08174077000190
07632030000160
05208179000190
22584075000108
08470200000110
22563138000131
01710551000101
41000704000141
12756805000149
22610992000101
01008713002108
23110805000193
04648832000170
07842190000133
96138136000131
47508411128705
75017186000190
97516975000109
01991461002775
01878295000166
17979378000181
97040844000106
32864795000253
04857897000125
50975853000117
94662079000160
08796076000349
27032986000138
83225607000105
26593647000168
41607359000109
13779371000165
17333236000142
00777674000954
06212301000165
15261329000183
05973831000163
09333254000104
06289509000182
07160639000183
07102689000104
07380904000139
03777341010390
16183352000160
09139784000108
21975815000166
26328049000161
10818176000109
03592389000108
04890249000170
04018782000147
12959416000110
05818768000190
04594370000155
00454312000175
13594751000125
19293066000145
12061900000128
08824904000658
69909133000181
03089657000165
91940486000101
12867868000172
11681483000153
13631383000148
10858317000117
13047306000145
11309906000109
94975430000172
12226699000191
08825335000150
08585577000114
03324699000133
05873433000175
15254168000109
06303970000142
34796185000104
08155716000170
03906406000126
11031767000102
64888647000184
24906646000109
01663589000170
05705519000199
07371130000180
16677966000106
03093546000122
15795873000105
05795021000164
06259448000100
11467006000190
84978485000182
96312954000109
63615280000162
04524416000160
17810976000122
02206086000139
08219063000145
06969263000190
35219476000100
03827238000183
10230480001293
24217016000119
53744215000183
03338552000100
36391589000143
76430438008407
26326200000122
19540921000175
08385699000329
85007763000117
48784789000145
10637143000162
01251326000154
00338610000280
02318380000132
01487091000102
05975286000144
89689673000104
10893333000140
06115318000102
01376960000113
04672092000107
07976242000164
16233389001801
17497526000121
18485561000193
10891572000161
21323179000198
93699635000100
23712142000187
07603595000119
11274473000446
00949483000175
05142679000177
09221450000189
08202345000130
86994175000187
08483073000193
07262751000125
07987296000125
13108985000115
16621346000147
19700975000150
12012615000117
11132740000106
15024776000119
01973518000506
81159857000312
10989020000190
00118598000894
31497075000153
27859957000144
07012039000178
02757863000133
04927107000130
16778289000104
09087852000132
07142425000184
08430240000138
08785049000109
11339582000151
36553972000150
19970285000111
04002546000132
11718019000275
14149582000187
19353841000100
63659726000150
06130002000181
08646505000130
75923243000109
07751940000161
84846849000170
10373762000197
05622286000160
05529814000131
07707780000153
13195250000176
05679879000163
71069850000194
79599007000121
72587132000172
26595322000114
04411572000114
22561863000170
16892154000175
07214218000198
04269826000101
76855592000195
08836715000190
08369237000156
09149842000184
13986632000118
27775507000173
10558868000165
71833552001524
05290505000151
00652150000260
95132676000145
12071486000219
04189653000111
07256960000166
91663815000297
84642263000194
36331759000102
12348646000143
06195699000250
11800801000662
04143362000192
07492154000197
28211464000166
37515160000183
11217652000107
63595979000108
08847057000132
30511836000111
21333927000113
14666692000116
05013164000177
23777138000105
00952885000129
25189565000190
14086186000158
07692447000118
93015006002086
07561042000140
39894175000125
05981419000357
08043508000189
02923837000138
92660406003568
10920086000124
03716452000162
24252182000156
21974852000150
04122858000180
11291739000116
05003557000108
06287063000157
96735188000195
08835937000199
07638491000140
04107565000123
24866733000171
08898445000142
11840303000210
01899905000108
37541125000562
41519695000108
12481235000121
13335924000190
07553578000114
16233389003685
11280034000101
37525771000536
28571476000100
13516318000171
03202628000168
77160075000164
03035745000184
47508411249413
07843454000173
01173554000153
06092145000146
26472395000119
13025586000190
10188821000157
12634274000111
31004013000596
09612323000100
13839888000100
16733619000145
11210831000104
13591141000178
09250851000167
27836374000106
39527817000158
05856951000180
30343008000111
18114375000148
05242046000130
03712086000173
11623188000574
12993332000101
10881836000104
11738757000101
21178837000103
07075396000185
12998629000151
02342150000109
05918619002066
56729569000147
24591109000109
00400680000130
48958144000262
13376569000106
08928978000120
10615704000203
01551373000113
03807215000107
08349534000130
20812753000109
05989679000107
15772754000137
12917789000129
02984326000126
10802883000107
00970771000101
09214404000152
00029372000140
89917868000164
00826488000100
14051432000136
28335916000111
12301374000126
24767629000120
02496732000140
32018525000140
79059515000117
26981423000123
15597214000164
10313846000135
03592945000138
29067410000131
07352932000142
93566347000187
28297397000144
60048717000992
06196765000125
12817178000109
13701319000196
01888718000129
04737552001614
61990693000100
08243003000168
23801623000169
71219034000110
08302443000149
11060598000120
09606428000157
96418264031522
14868347000165
10826164000126
72529142000151
70042759000112
13357020000166
78083938000100
19423869000177
07606406000161
11173190000165
61585865043551
19244990000131
81764656000182
22962152000108
02944599001704
05791176000122
04534769000140
09366646000161
71387815000113
02969658000131
02719563000160
12576051000145
18615431000128
10915233000178
94229861000190
21449780000121
20153969000100
06093656000182
07699293000196
07823637000127
90186784000187
10582062000102
07276679000195
21994976000105
06596928000167
00689380000113
14707556000127
17608015000130
56681513008144
09060964006726
11884424000182
11972143000181
25102146001060
33014556019709
09576415000182
30253159000189
20430897000109
11712399000150
17788371000182
10988204000136
03224091000137
14805631000192
86832953000131
55334098000296
80717457000150
19071378000104
22697897000197
09967852005277
13040172000130
05438602000149
21651146000177
03390918000182
11959958000120
29231966000111
15563464000183
89407548000164
13674405000157
04929772000163
82813593000170
05664390000118
11114284008903
07734771000151
10831175000102
25002278000129
00649680000179
05696823000117
07061644000139
15105079000192
02007521000104
76068311000235
14919426000158
26615067000124
15215946000142
61279832000183
13471318000100
18129767000180
08586160000176
06347409005043
93489243007633
05140601000113
09360185000110
18661851000140
08632918000327
33171946000170
12646473000140
17332081000120
05606682000102
01350629000124
05428208000200
12071707000178
11165705000185
14424955000180
13217497000146
03535758000112
65272247000102
23716260000163
32181315000179
04740631000106
91083212000135
04895751002703
04087273000176
02343663000134
77856235000104
08600683000120
09371620000101
05851213000140
04576763000136
00644124000100
03281000000103
43132125000188
02940662000177
93208924000169
06057223030674
22537861000146
13882998000147
12661691000153
05490849000104
00793974000331
20413326000158
19953346000132
16670085056533
13027813000117
08841695000146
02162566000145
27694462000102
87534137000104
23965232000180
14264433000169
13234055000108
07553611000106
12461358000109
08381059000693
78079134000137
19259813000129
02948905000113
11572119000155
10588957000154
16929538000115
03002339001430
12159778000127
04041753000104
09428333000190
02972452000160
20747237000148
14450126000172
17257643000460
80797756000142
81707044000158
02012862014543
02381600000172
07049552000133
17690144000110
09064926000115
20167053000109
97005581000358
87976080000284
89599666000111
91783126000135
18544115000102
20352705000185
20138936000190
19640368000142
23429218000161
04070751000135
04944390000109
46080347000192
12415340000162
02639728000193
04975885000103
28416105000579
80357262000147
85172989000173
12437287000109
07103097000107
00419741000101
72823461000175
32076961000176
09947334000141
14687255000693
13399871000171
10571687000179
04268312000131
05302066000150
01765950000170
42000737000154
12945895000116
28667303000181
94580404000145
21632523000120
07054996000167
16614004000108
17294046000163
06656656002006
15166108000126
25938655000136
08701406000103
83045393000187
04886658000101
08752211000192
22463445000140
08645801000116
20123710000116
25074659000113
06912341000209
25534179000430
04054083000152
07830551000121
14125414000151
03664293000108
26286778000100
04112118002025
13729166000195
03678351000144
05538874000110
10776278000109
77088474000323
02011744000137
07412907000107
81458895000104
02140463000184
10778804000170
02212168000196
17759550000191
02113503000107
01975493000148
06198619000724
09495106000188
02191472000102
24506838000110
02709965000183
16974719000163
02768533000143
09479954000284
02759557000136
42591651030050
72648637000108
14235907000144
17571257000104
01624993000135
14669569000159
09364545000151
52378239000101
14803086000103
33324914000167
02825033000104
05931210000117
02479425000150
07078634000106
04159164000117
15116229000163
08037044000106
07159026000126
08255390000152
19822559000125
04248197000133
12306745000162
04163766000814
11269534000134
03909626000103
08683700000130
03409330000123
26764935000138
02626332000101
04881985000162
09401018000170
03493980000108
08172474000122
17134793000134
82425356000131
26752005000164
09472211000100
11907497000142
00107546000227
05327241000597
05791475000167
81062945000130
12037652000180
03073441000101
04652828000185
01669065000197
20288022000106
01433046000167
26490650000156
36807238000170
07102240000146
20835430000130
31119621000201
16346652000112
03034405000139
12194511000170
04467958000229
54839527000133
83240333003300
38030169000167
41001793000140
08038338000144
13664001000182
97392112000177
18839433000109
00154642000145
04894198000155
12823382000132
01808151003825
06096368000181
27058879000189
06272283000107
11692245000143
00834682000138
08325039000190
25536137000196
14534413000160
04369988000200
02119802000140
26754175000188
50688696000169
49591290000850
17165900000191
61956959000190
34624379000475
02058906000192
27123619000140
02218079000157
08585096000109
08248924000113
08049199000154
15353957000199
01986585000123
11303942000246
20249316000129
76430438006374
11117343000157
16685538000117
12655430000120
53700159000185
78330255000100
00608849000142
25093475000109
02277395000108
14393956000105
27725332000190
11509896000317
63473235001192
10954300000597
09636909000105
04640295000111
07796319000114
00654653000194
28467174000188
03674125000195
13436092000107
02475603000175
77374924000182
28122806000171
15766457000189
04342741000101
14655726000177
08234012000192
28402277000160
13564540000140
09228548000168
14189202000138
03415979000157
03488542000224
02594210000180
73901878000171
00384781000165
19570019000100
13744249000153
06934862000178
17556955000122
05666021000245
09074007000122
74167016000120
69582757000994
04754134000159
04885816000109
06914891000178
01091463000179
14990258000197
07551508000127
07173573000166
40807869000167
10909141000185
14115783000163
71191761000116
17324484000127
47572680000181
67958660000231
12033467000117
70220389000328
09391102000150
47508411111144
27321581000110
29720725000136
41488941000101
08342887000108
67707703000125
10219281000121
00416698000120
03866010000100
05553223000108
24449645000174
06626253022988
04973958000110
00306597000792
09470028000167
02453614000154
10976891000170
11964689000190
20963939000169
17890646000194
22086034000183
84474253000197
49426620000186
16987294000127
20242216000170
21370586000156
13597624000180
73266876000158
13347136000114
24649771000172
44468684000126
03866775000132
94770906000139
04167001000186
31536303000157
23532196000160
02370037000137
06271258000109
03449235000153
26443777000114
12581471000110
15836091000177
60497849000144
33795857000102
03566923000101
39346861017803
15582984000133
30882039000140
35722974000163
08601499000102
69611333000153
05448740000109
08219198000100
92316108000106
04396653000435
00914711000171
01605298000126
14944622000182
62122908000125
01060884000132
47614052000111
37026648000147
02396370000115
14000987000159
05515632000101
19726489000101
18885291000108
22365258000124
26814665000122
84884014000105
17897905000109
27718062000190
00245274000140
07167896000147
63744239000196
02680476000650
07610438000130
17329157000168
08516958000141
12825603000101
22688121000100
15291034000150
41519612000172
78770906000182
11420850000165
24349675000370
15197781000123
00961059000146
02049632000175
03626094000601
09185744000100
00869680000184
26761353000106
03747819000105
01668309000117
10313293000110
08494403000146
07315326000157
01974178000104
92642354000158
63779342000171
04387271000283
00066716000868
83355164000169
13716006000535
11439869000153
05115625000201
05909646000100
74554064000170
73650988000299
05078059000116
06266344000123
07053405000218
03615660000175
81120529000140
07798568000149
28006244000109
00822326000102
02764141000106
05540826000167
18038044000176
03757737000141
07675585000270
07135961000152
25907056000155
04833558000109
05358289000139
23802440000168
09060964011304
04055857000160
10708575000117
34028316476531
92225812000153
07272308000135
00992121000167
00824435000150
01132707000114
02535513000122
27495696000120
01480025000100
07578095000174
04899316012043
10330389001088
01879624000193
03711378000353
07539145000104
82357401000168
90454877000145
12530895000155
08450131000182
25161383000100
27042555000152
19766535000104
25372640000153
07242908000150
37166931000174
03033345000130
26589074000107
05612133000132
01329888000173
03213580000193
03587513000139
35715234000442
07404712000115
00365863000162
07613186000101
82745886000400
04191434000177
04215077000130
07151948000197
33014556028015
01838829000120
01684197000198
02873253000103
01707986000105
17453733000184
30842782000177
04699679000100
97005581000943
02605317000187
00697841000108
06137380000197
04731209000186
02023852000120
73837551000188
49936719000128
03514708000159
04148776000104
06049974000146
07194518000152
03002442000165
10441229000115
05418619000991
01393666000110
01605329000149
18341856000196
07109646000150
03706362000190
34300665000132
06537131000199
07657955000165
07811058000245
74552068001353
04044047000108
22034930000107
06023314000196
46471520000426
08997756000240
00264914000160
11321887000136
01422558000128
04813205000147
01147630000156
03420214000105
61585865036423
88382502000175
02840199000191
10967399000219
05879152002173
92783182000132
34077289000169
18000597000130
23615570000191
19308788000126
35325646000123
07400424000192
14115388000180
03344534000123
07441063000122
13129988000216
00236077000246
60472065000161
13693779000110
13929982000142
23023138000101
06285587000109
89900567000390
11117785000608
93209765029280
11360389000100
22489731000185
05505848000196
11236291000138
11735158000126
10256917000105
15181901000102
02876819000142
12025019000171
09608730000144
17838404000151
14777957000153
14257347000129
10896898000181
10504153000120
09470467000170
14669123000124
53017844000101
10852646000150
22270405000182
16830365000183
36247211000170
17579200000143
04964331000100
04245998000145
01685057000215
09179234000112
00637391000150
92753268005262
17762221000108
16964527000176
22942522000145
05775188000759
36405835000179
04896982000100
17993520000145
05343449000176
08053014000266
11573097000148
03939026000198
04078120000162
14440377000176
02424572000123
05409661000199
17910963000125
04084183000121
08973495000147
83289934000112
10297721000169
03235389000142
23067351000115
07419661000286
15353706000104
03769198000160
58731662004613
17185141000200
34748137000140
05561908000198
76487032002764
04291820000130
14181141000162
07766482000568
34820530000106
03667224000140
60798527000135
03435364000192
00187876000199
18559664000150
03909528000176
03465505000110
14295666000129
01107471000166
72995475000680
24902119000118
15401075000151
02020833000140
07772467000107
22806587000163
12576114000163
04239395000130
03752681000132
20439455000115
32995912000137
82809088000151
10976115000331
04656449000163
08204738000182
00317511000131
04446988000178
15286914000138
04241901000126
05443082000162
08381377000140
17960968000162
18801281000147
13452254000192
33534751000147
01389574000166
28866327000160
05052987000101
19010976000173
00900717000190
06881154000116
19417321000114
10269578000100
05279404000180
14483025000106
17256512012718
22018957000106
15048610000132
01387686001230
11102276000105
14809455000167
07425931000180
01172651000121
03935826000300
24739294000136
09300057000261
08737251000165
02231801000193
13378074000108
01126242000199
19337807000142
00566739000165
11186975000172
15833756000199
94568060000230
13312210000167
15381583000115
15624829000132
01296691000185
01222417000161
05060367000114
26706791000163
01470539000177
12476582000166
08352640000920
23489396000188
09003839000158
22069520001165
20149960000125
17898467000101
73901241000185
03597828000167
79127569000172
20630064000183
33147422000143
04709659000172
02827158000165
23746275000174
05261976000131
11001737000145
26725993000152
13437124000180
10721810000190
41113804000184
09255124000192
12893860000180
09097993000136
11601279000185
17587085000159
14965351000141
22797519000185
07361263000175
09036730000117
03720591000160
19490795000191
80367568000184
19251200000145
01630113000133
45543915035481
61651089000140
13580595000224
04385743000188
00111511000342
26742569000116
10862222000177
05763618000127
28591670000149
83573212004930
08089586000114
07887687000178
27096899000144
77727766000105
41562943000276
00560558000393
28547700000110
00549020000540
22464833000146
24979332000128
26554435000171
08181653000126
76845395000195
08836467000188
09010346000145
07996132000164
04866659000186
03651923000282
09079465000154
01855491000115
10157459000157
10592540000165
03652760000171
08527919000140
21970009000103
03912777000110
06854061000879
01836681000195
07433657000191
26691725000167
15108772000119
33214800000164
07800254000133
00771945000107
09184850000161
82803230000153
01240918000170
00442798000121
00298592000170
03604529000102
07827648000185
15612456000180
05307652000197
17721496000195
04422726000173
05826618000129
11300430000145
03034099000211
07381804000127
02330292000156
87573952001235
06376078000191
13158225000112
80004211000131
01288079000160
12456899000130
10377791000399
11220415000197
24476967000102
28318271000109
16405532000149
21009823000158
20965585000191
13816036000190
19438628000100
86840121000167
79379491006203
07752120000194
02165061000134
14368073000145
01433215000169
08803523000269
18987288000103
11211031000108
39323712000187
05710256000106
09461527000198
08314325000150
10471300000102
02557159000137
00306597005590
00063960033538
13677034000248
03408310000138
10486507000150
12929590000110
13727521000197
74201401000146
04484576000122
13577132000122
12032326000180
14888824000154
15751269000187
37155702000154
88212113030602
10220165000203
93171668000425
95621439001110
15103185000137
03230098000161
82215153000110
04705626000154
06123166000181
02766823000158
73769051000156
07565550000105
20546840000161
24607855000143
11423849000194
11893112000135
92547447000101
14745294000195
07001169000105
05318026000104
17419602000180
13501581000197
36070373000186
02667442000111
01719283000199
43283811010899
19622616000122
01020100000142
61585865112383
04498140000192
06001493000160
05331412000209
02781081000563
04892751000110
79458410000130
27251529000134
13207529000122
27732460000241
04226724000109
17157080000196
10660609000140
61585865145125
01958631000180
01117473000136
15291660000146
07346322000136
05515579000149
11405063000144
40290819000155
05197742000172
20590348000193
33014556053710
08111905000140
04322444000102
11609383000116
79476487000133
22596832000155
05128011000175
02107143000122
04389622000104
19432704000161
11262699000184
19169731000193
09170375000174
02019638000108
05085764000140
03236492000107
09399101000151
01243118000103
07709075000195
05596949000110
65234957000148
08067539000170
76430438007508
17080668000199
09395094000110
11629063000128
14447599000110
09245135000191
03423029000174
07203420000114
00041327001000
15237000000187
02908677000158
10776248000100
79399549000150
05310815000271
02088647000142
77804599000493
04775362000105
03655367000131
01938080000193
10525650000104
05243326000163
00219708000138
25436429000157
14772598000141
84331842000116
13608361000167
08632920000134
09619287000107
07873993000155
17603684000119
03359242000164
00697420000179
66281791000183
12773604000150
