14432406000158
14611593000137
04300089000162
84497239000109
01731828000182
02976207000121
39550983000175
25127614000917
01626951001610
11885130000175
25288468000154
24012452000151
94811742000140
03416365000190
00299731000180
07445592000102
11148581000120
05200179000144
26990671000130
13238210000164
02801699000114
16867736000100
05945825000607
14887494000182
14783432000120
04738922000151
00123727000166
37063328001139
13631190000197
10145877000124
07965809000792
10356206000102
10397711000448
10687184000163
33422786000194
07240450000877
09321784000124
09253201000175
04167713000103
79482121000177
04917916000161
27787000000130
18843777000183
90930967000165
09164791000402
45962271000166
09025843000117
04880855000105
15503321000186
00414308000183
08106068000161
11107930000165
04329796000181
01642752000119
24978768000100
05313862000198
03061283000170
03959575000124
05265430000159
42028076000175
24924847000120
04845035000344
04947211000197
07760885001571
83208140000187
12570442000152
73600397000126
12071814000104
80945280000140
08269058000147
15418205001211
08479028000165
01320641000196
08241240000190
04394213000104
03850817000147
13519133000110
07430471000189
00210831000198
03671733000146
21829976000141
11718293000163
09405749000193
73648610000170
03999021000150
60184751003403
04465775000193
69345544000191
06888255000119
02310348000100
18053816000149
21333384000134
33113127000176
22610190000100
21752738000428
24245847000102
07225772000170
11624860000112
23890654000133
04940621000106
12150269000214
10596841000167
08342558000167
04194289000188
09100531000120
83309559000125
22151647000157
64408289000165
04758001000150
33265802000182
04980958000147
14889637000195
28583656000101
00710786000130
08322567000196
14426354000107
11149849000148
17137038000103
10471346000121
24319022000187
16722894000163
06405252000187
76071950000179
31004013001053
17279480000174
92366855000230
08618336000477
07667933000186
90735549003132
72247786000157
29911559001127
06128038000120
11384302000127
14637863000189
03324537000103
02941544000183
18352788000160
16092652000133
37141298000160
02394787000149
03825749000166
12011230000135
40571150000170
03161144000118
13403503000150
07195183000197
17048018000166
06237865000152
02562927000140
42847574000220
16621668000196
06046606000144
00590065000215
20598364000122
17321647000380
03873591000108
02376227000161
41287269000188
01284816000157
14294227000100
05242271000177
13382635000142
01216476000127
13497286000104
19365583000182
06988569000193
23370439000101
04602269000360
11343251000195
92665611040632
27372218000123
03238324000150
08739877000100
45385598000112
20993454000118
14547217000120
13791390000107
09180494000108
11017961000125
07348966000163
10531378000337
32950875000140
00519906000117
16048977000119
08882902000291
05206711000130
02677045000392
07924619000212
06972477000115
17132254000166
42359950000157
04828111000141
02688457000166
15459431000279
23606504000155
10966354000149
14808494000140
05797669000170
08877175000193
10699452000248
03810579000146
33030206000970
33015934000156
22960131000153
08508551000172
30085252000121
07278837000146
02627280000198
74847484000145
01830737000102
02801420000100
18828492000173
03886138000128
04218335000131
45622024000110
05701953000109
05702861000135
14458989000196
79466876000188
22024231000178
47211305000106
08605876000173
40811440000143
16839128000183
01885133000155
01067590000132
71423958000133
17155274000152
02956532000122
02517600000157
13540500000168
12821153000189
03244618000195
24453902000141
24893420000102
17257118000100
12993070000177
08297651000105
40485963000147
01623650000156
09476385000132
08693124000101
01671777000140
17246507000122
00459902000190
19508994000180
72265721000134
96737077000118
42012021000177
05936918000160
02654483000173
22991939001765
07576471000191
10344524000153
34195743000186
40557027000102
03588330000138
08291637000510
13745553000115
59096412000110
18447954000102
14756369000133
06068436000107
01506427000129
06945995000220
12327931000188
53311361009090
89480628000226
14890011000107
19596931000122
10615558000135
20690247000194
19189014000123
21032511000165
28278230000136
29327200000135
14560601000163
01341616000199
20831223000108
12803245000136
11658474000141
14269630000170
24785255000507
03140450000178
10219299000123
34548206000172
11115884000146
09213806000132
13716765000174
04471402000125
05974959000141
22934418000109
13051050000140
10483203000210
02558157000758
10206533000188
27053735000130
06626253038809
10846544000122
04976841000190
05550973000118
10774172000176
13337179000119
07569276000134
02311109000175
73603896000177
07443338000167
02072495000190
17795684000168
08208773000170
03033826000145
14453662000121
07945037000131
20007381000148
09281064000182
01233197000171
13623437000123
21027747000103
10396487000127
08672274000139
01325317000160
04742677000156
09020837000177
02681731000175
07635503000182
26896160000154
22753320000155
05084973000170
00276061000186
04946696000366
08738994000150
21380782000101
02535070000170
17277966000173
06573422000132
93185098000180
89316608000303
09395533000194
16573078000135
89820930000103
78307097000177
47674429000632
07267816000125
91212951000775
08183069000100
87305868001664
02273256000106
19362144000116
05023445000100
04197856000150
04917296000837
08734148000161
68177195000183
09361689000316
21922123000150
02494093000183
45865920000453
30309006000106
27660181000139
15363964000171
02439225000174
39225727000102
10383409000198
72426695000189
04614422000108
10504882000186
05336518000114
07941652000170
00610150000117
11561387000171
28131033000190
06866109000192
20043328000100
07807470000100
05959683000122
05468293000150
33010836000126
12300867000141
11784528000115
14688825000155
30067722000124
20495966000154
02212589000117
17111138000160
16948639000133
13972900000142
24130938000194
00544473000150
12644491000192
11291382000176
19954053000170
12492615000323
03239841000144
35208008000203
02171261000108
16665794000142
16499847000100
00951759000150
00437580000189
33402447000146
02830529000168
18926332000167
11042522000172
87552162000110
81425548000185
07180513000170
10695456000177
94479466000165
22199493000173
36327104000152
13757755000187
34076885000124
78890027000194
16957855000145
21526650000145
00068409000140
07855979000471
01592164000118
33651993000110
08921051000168
46190070000150
55348767000440
03505970000137
03058658000142
09039931000178
78866175000173
02480997000150
08454610000177
18235524000127
00362352000197
07710234000171
93209765014509
13302929000117
31665672000140
19674909000153
71003339000190
06057223030089
04474454000155
07681938000163
14123216000159
04899316007988
01676910000151
09348217000161
69597433000172
30112064000145
26181425000138
05954020000115
63422927000130
35159532000231
75937078000136
78548682000169
07395043000162
02518484000190
06228828000188
14580143000124
05814279000160
05206110000128
14769883000103
96359328000178
68062827003774
01025830000217
08626180000123
02765061000175
33014556060849
15600125000120
01401005000199
55010060000187
21877332000129
36855963000114
19462641000196
41976556000103
79347712000131
07064096000109
04152728000190
10612360000106
17560957000195
64630023000162
03030183000186
04478981000138
02463588000307
78705233000187
10539256000125
00944510000206
04535163000120
12119665000106
02905777000120
01848782000186
20386348000176
10607882000101
07498919000104
12126613000159
07255685000166
15560527000148
10920756000102
02189725000103
06027925000960
05847774000176
05607475000245
17664286000102
24598704000176
83648477001187
09575579000195
02795464000167
05026116000113
13759895000194
19461694000192
18975159000197
88645635000197
02529833000170
36779338000130
11301510000115
09423919000162
16416350000173
12088256000181
33362906000105
10976424000654
07012357000139
04535531000130
18945978000191
13569294000119
35241363000365
12081487000163
08039584000110
09622953000166
91730218000157
01420327000185
31293342000170
34177030000190
04133278000198
03829104000100
12801341000145
23148216000102
00812007000108
14822217000191
04567163000101
33962747000180
75587915014870
94464914000238
28004426000132
13183518000150
17938757000123
97422620000827
08046356000178
87790036000102
06887668002718
28556649000102
60711827000135
00441095000189
04899317000162
14229595000166
04518964000187
18778041000179
22343194000160
05433326000126
33014556108043
17786657000129
07538980000120
07943131000151
16909656000161
09413065000133
06249307000107
14498731000113
13438471000128
33242009000168
04506477000102
10317382000135
42496174000137
11230724000148
01058003000149
86750015000192
07788402000141
06225245000101
07600391000124
02240730000195
05053507000127
02264932000177
00191569000181
04588291000131
83754234001042
08366964000160
17634434000146
07861800000146
10258575000162
20277337000158
20358320000125
04903852000140
02558157007922
30134145000146
04505395000135
12623182000136
15809655000182
37525771002903
11249981000121
01436129000100
01539810000183
02837613000103
06073550000117
00243708000173
17671398000190
62432703000146
20827493000145
01908521000104
02553064000145
13790424000149
04918235000118
26808923000168
17301878000160
05490416000159
16367661000190
03014495000104
00528952000182
14769661000190
12419585000168
04415968000130
33014556075528
18329147000195
00033241000137
28616720000103
12876349000170
13074478000108
90071622000101
27636893000112
09119028000117
04971846000120
22810939000154
07621362000149
21817234000104
06055850000173
03150785000177
02723606000180
12875783000136
01499332000125
19520053000161
11435361000187
20124012000135
16624611003247
20348158000164
18671515000189
93934206000170
21320727000207
08723386000171
04763407000121
16567193000105
28021619000100
37542917000128
10988162000133
19404809000107
09656038000191
29067113019296
33481052000186
05547595000113
14103681000128
08880409000151
10317328000190
04852146000116
12655715000323
92665611029078
07028514000102
73640641000184
07517547000108
24716369000163
67625384000109
43283811005208
02932558000300
05212133000145
04676961000171
01765080000139
22138812000130
15310136000175
79586459000179
30091748000108
18653109000193
04182652000145
49732175002550
17256512006238
00768352000191
23456279000118
07566995000100
05650444000196
30399653000318
76574755000161
12966447000107
17773301000150
84683481002463
44659936000102
05248063000185
33434929000188
08345698000199
33057191000187
13034365000189
13183753000121
05157647000145
40527723000168
12506155000264
04031603000101
02779154000159
01452007000298
18346289000160
05964723000124
23862750000178
07547358000188
02799183000182
33438250008141
16936750000100
05493704000248
16883339000113
07194357000105
01048245000151
08608983000155
04361844000119
24129443000145
05781920000108
00830842000170
64481815000112
09363472000183
10940653000104
11199975000107
04185877001208
03406669000176
10634083000124
21639201000103
02356795000109
05471862000116
03469361000170
18465538000218
08042310000180
16700287000100
06969046000108
16673913000109
27509273000112
03821965000133
13763704000168
04689405000130
13916524000179
15171628000127
05164345000102
05476078000109
20805078000190
86885118000160
12359945000183
11621510000100
20608580000101
14169897000862
18468886000168
05889200000160
10659594000109
09359683000142
13481309019535
13817653000100
02093497000165
09185381000103
08236756000146
14955014000173
15103070000738
27881408003000
06335851000171
11049413000187
10735444000129
11244354000106
19555087000191
66337585000148
08308135000120
29520756000143
07684428000140
03812206000104
04621624000268
02153573000180
25707423000177
28473901000110
06099562000110
08109825000150
01586800000107
03840986003707
12798583000127
03630777000128
18957149000129
63471395000120
14954060000158
09123567000120
21381889000174
03233439001981
33414103000238
26487744000419
10682855001337
24285041000130
26592083000149
89982649000169
19989193000183
02966449000134
21374290000103
15287459000195
33725805000151
03561004000137
02012862003266
01872282000180
03022646000168
04558465000113
02107612000103
08936230000179
15668057000130
13939801000169
13675064000134
83596775000107
01677716000190
34770156000173
17710491000167
07884953000109
15591969000151
01880324000124
02163903000119
06787645000100
97554546000126
22763502000883
64102403000124
37368875000150
09157551000480
16599890000130
92024249000155
07154053000106
07860685000195
02308278000156
40841736000298
22581598000192
01308561000115
00474073000115
64885114000149
01535222000171
09044406000140
03960183000185
03397948000110
07299192000128
10238697000197
19050599000104
25259173000150
43283811007243
45987005022329
10877088000188
13505083000112
11211092000175
03971648000101
46995494000192
17992786000173
04334818000100
88083498000144
03371249000100
04214720000100
03274466000416
07746354000129
28828772000135
10836901000171
06023553000146
76375740000174
04429271000118
14230979000107
20885631000142
03842352000182
11913483000131
06209823000108
12013979000111
23914104000107
03317383000114
13031578000157
03525993000103
01717900000117
21543412000148
05557910000193
83754234000747
03090586000110
08425298000193
04155142000189
09479531000183
01064693000149
86535747000160
07134068000102
05115611000107
71776603000128
03692196000110
03148490000247
04403407000110
08997126000194
05378387000138
16947509000852
43005008000153
03607146000198
05612165000219
23310486000160
24085733000134
13319605000191
97401822000116
13569064002799
11807064000115
27833615001712
05972868000177
10375356000163
08385081000105
06066360000172
13453567000165
07943300000153
00138957000107
85052520000109
08151219000101
09200880000114
13672650000125
07159563000176
05350784000100
10485617000106
06167242000150
07627609000134
17354592000142
21391561000210
04315359000109
54797493000161
18606314000106
05868894000150
07355138000152
17739873000113
22399673000107
20087258000184
08458947000233
13752622000118
04587545000105
52459781000180
27179753006365
07955348000181
21098306000100
94902509000173
08964597000104
12689295000134
05200773000216
01546881000103
17788020000171
34977223000478
15353394000139
11436427000234
08923813000165
08063039000160
29039486000153
83578195000189
02910225000100
07782305000141
14522082000149
17786162000108
05868894000230
11731858000142
04246134000148
01345216000151
19540628000108
05429317000161
05196857000142
74160524000186
11869854000125
30545051000160
06626253012834
06099131000154
14913581000167
14032243000116
06057223003863
07826971000134
04671666000122
54680517000106
13014369000103
56530579000159
19962230000160
08343730000105
01619964000185
33625922000143
12077056000123
04261692000182
00184065000134
00123513000190
02529286000122
88323324000101
36359966000167
17991419000155
64426687000104
34275982000146
09353314000142
05671985000362
07347970000107
93407419000143
00243069000146
04034710000193
18910864000106
08744917000102
10238893000161
08584384000149
89992861000107
21654996000129
07544373000504
10935221000105
04751218000139
14289028000103
04098972000111
08083264000168
02878955000171
96752563000105
30939094000120
23602835000117
77973626000109
05428031000161
01754239002325
06862627000723
12382112000133
00521565000114
17922874000107
13759276000108
42198697000105
22215128000105
10788095000294
80654163000127
24511829000117
04243301000105
17278169000100
16513786000180
02878116000153
06878729000141
07622625000134
60674710000129
03611650000161
13961322000149
31130537000280
16887243000123
38030169001139
06322518000128
22542506000165
10540631000157
14934756000112
19012411000125
15375991000679
04704279000145
05853234000103
07693981000149
50360577000182
22080614000163
17149627000101
02970405000188
19595687000183
79571519000180
11782875000109
01487158000109
14762481000187
14489335000120
17651295000169
28913743000171
94510682000126
14639023000155
05025040000705
11667823000191
41001454000164
17256512009687
05593574000134
05300542000101
52872710000105
09209656000193
02223966005859
23874365000140
33048323000104
01572606000164
09244498000102
04060277000160
52037975000198
11255657000116
03528490000191
04755456000112
00611968000154
01254260000156
08459741000147
00656005000177
07469818000105
07037941000149
15098645000186
04168721000166
66343930000156
48984686000129
01426949000625
04788131000136
04609597000127
34028316481888
13017518000180
07177954000113
60957784001063
12575480000106
14643763000165
07708078000376
84089358000203
06137047000188
03951550000770
01683858000160
08269054000169
19693134000163
04477095000190
33081217000122
05794319000150
27347657000267
04231953000111
11603027000195
00166148000109
92667948000385
33340458000149
47816442000174
02827644000183
92091891002362
02314041003446
10631568000164
33601147000196
36372514000115
14097024000115
21187920000130
07461364000118
11945569000146
20066479000176
19895525000160
00814123000166
02904839000180
07228698000227
97423784000100
09600609000176
10565201000190
84199975000180
13652311000187
12036508000129
33172404000111
01091254000125
04168447000125
27390037000120
02035089000157
06021139000106
09543399000121
66542002003055
55509384000164
54484548000183
09626324000104
04950124000199
09331105000106
08999176000100
80457534000261
08360642000103
10256243000149
94038874000181
36507366000107
11027746000105
55728224000106
05441553000284
91287706000131
08754547000194
02451047000105
10491424000150
05972786000122
33014556068076
03251326000180
18334883000131
01382620000103
07205390000185
07999556000182
09252688000171
05677591002527
95121927000196
17213703000109
05294485000197
07142697000184
05041434000153
67742288000140
12601063000182
05510204000196
11200118000180
76344225000127
09193617000145
78450442000127
42253724000197
16722390000143
01810548000160
06119163000174
02828305000111
06959653000189
22225744000147
26852319000139
17278300000130
03705550000102
17326120000186
06865579000131
22801359000109
01911969000187
26872301000107
59735415000156
88965017000124
28168723000113
61365284015993
04945319000140
05797257000210
01282635000191
10852856000149
03418142000161
22048339000109
09019808000195
07448367000111
14520747000185
00813768000184
14079991000154
06126479000193
10299877000189
12806169000112
28936425000126
07583037000139
04012595000156
16606854000156
04022965000136
01068700000180
22337231000128
08250241000524
13942662000122
02216786000104
36916302000151
08401075000196
05167016000107
08518450000182
89263669000180
19659308000171
24390542000186
24095703000109
05897909000108
10222303000102
10254127000190
73396632000190
75702910000115
09721360000238
27728209000122
00783060000128
11451072000171
05533985000134
73730129000200
04141321000167
09160226003301
11459511000192
18073217000197
74010372000135
09450343000122
20488504000100
12786260000113
34028316318898
96584503000120
25332566000141
08612956000156
04141702000146
03835646000187
63861405000134
06176769000141
07355062000165
22488249000120
12694888000199
14743805000130
00479418000123
17854070000100
01494410000107
08789003000168
06057223011378
52047818000163
22396595000189
13371235000131
04436563000188
79430682000718
61182911000171
03488735000102
25298558000126
73123739000164
04160726000223
20782023000102
86442944000134
11458159000170
23423544000161
05083731000161
37292349000154
05316174000181
07712046000182
15234916000183
01250974000196
02927019000103
05253631000217
22101093000264
00776806000176
40766164000149
15598407000130
02513099000150
59448563000190
50201961000213
05162191000101
14242485000134
68363126000164
09420992000180
03334730000117
14840172000188
07422870000106
09583309000126
08809323000302
07860097000151
04951388000167
37448867000114
27654820000153
34447227000282
82844150000146
97072243000177
00023820000107
75156265000930
04653950000176
02865127000107
08299642000145
10279599000106
11345455000165
73899502000170
89734941000162
00715214000144
06264326000102
06945484000128
10714194000140
08785176000108
17035722000184
78702578000187
02897801000127
03828732000162
18432200000189
15494694000138
05033606000147
01676678000232
15193129000130
04159813000180
14933010000194
03633499000162
82770272000135
16457862000188
17712487000138
01608488000105
02520021000163
16233389006510
06040699000108
61585865015850
83648477000539
75736272000153
03216851000164
17893527000195
21473920000105
44327708000127
09568670000183
17079925000172
02140466000118
01039500000108
12775281000133
13086903000189
01272860000147
13885564000109
04754380000100
05651841000182
71222889000280
33302019000141
33924283000206
09085981000191
70393541000102
07876345000152
18730044000132
01781936000160
11114284001640
09636196000180
72411614000177
08982378000140
08859675000100
10337748000138
28525019000170
87807459000180
04869731000129
05929289000222
08588053000187
01252591000157
06286972000170
13569064002446
84593557000173
97553733000195
05024078000593
18071625000100
14977074000197
05628954000167
23486211000181
12492738000100
30979892000185
04390719000137
17768534000165
58731662010931
27315099000177
42994707000100
11165004000146
05819295000146
53615829000165
07635911000134
04026567000198
15002116000137
10918347000171
11748640000109
12876565000116
20326970000199
61234985014083
54761424000106
57396855000109
09470804000129
07034167000112
64568710000103
19384190000116
67208561000313
03104630000528
65234486000178
09560873000123
03070189000187
71331359000190
23376968000112
88825641000398
77310589001988
45236791002640
06000625000130
03044201000693
28557056000160
08630921000140
01799282000100
08765949000275
83776765000145
10630972000113
05207029000162
20149333000194
11707851000195
10829289000100
61099008003167
07277824000152
05975472000183
10961861000190
81630527000100
80466261000130
18967594000250
04202752000196
91292987002598
07542625000124
92000736000188
11888581000166
01358798000100
06336944000110
16782117000104
32131740000153
06988655000104
42395293000101
07157383000155
02902611000150
14371229000147
77879005000160
06081720000105
10839932000186
54299391000116
19001159000159
09402753000106
08953421000149
04127762000104
11328841000149
06122897000102
05688755000144
02932414000184
04115624000105
11740270000155
14106925000126
09436399000122
46101424001468
03771768000157
19035922000162
04212298000154
17343585000145
30519227000109
21554076000139
18960486000175
30743504000162
83408740000199
03480730000206
27488725000127
03112070000120
02598526000140
69354611000134
04519962000102
21650727000194
37413861000101
27310481000198
10586171000106
00548747000189
16784983000134
00175819000190
08646179000160
71304497000180
01261340000139
01250105000323
17263747000135
02053928000160
19032634000154
05395089000156
86860814000111
24428050000132
01682845000177
72806706000156
08813797000158
09796442000160
00666221000101
10747910000196
16454559000121
34180026000180
06698130000126
05331412000128
15084472000147
25196196000162
79974366000111
35422021000180
61234985000708
05435986000146
11458669000148
00720648000132
13959998000106
37667474000100
06943292000182
09595086000117
17296082000166
93209765021890
03513211000116
08408970000132
84911585000191
06955576000431
06081554000147
02512414000630
12763894000150
90074105000188
71451926000222
09115519000190
09177092000154
16673903000173
22485879000141
19643679000165
01998069000380
07558262000115
01488575000320
89237911012904
04091024000154
13677034000167
83261420001805
36837334000161
11820391000700
34538850000593
37078623000197
17884760000101
13111683000104
14109099000179
10768154000181
02719948000127
37314671000137
10749652000187
33082595000120
02113261000143
36926533000146
41110925000172
27458825000100
09175550000116
03708205000114
06271093000760
10454381000132
65100026000157
07765439000154
50930270000412
12006879000168
04569677000104
05123774000123
02077746000129
08296476000123
03436217000137
10854783000124
02257136000107
05030828000106
83591115000125
18260329000157
01531024000130
21612514000178
13403776000102
09205813000192
68048875000105
11013867000106
05526303000166
03407961000103
11287720000104
15319206000237
07061813000130
10377791000470
01197320000146
02615455000147
93489243003999
37069713000111
13979938000147
23201138000154
02667442001860
01163897000137
19431671000135
26058218000190
37220456000177
01218464000131
15210141000106
06113160000123
10229608000146
60872124001080
17250275000348
11574701000150
02298639000120
12993512000185
04172439000152
30002179000187
04738069000178
11972371000151
10555926000105
03924361000384
82956160001650
01004526000102
17155342001236
11002512000103
01071708000104
12378259000150
11126791000117
03406030000190
07495248000110
04168835000106
07600842000123
20278917000240
75497206000178
33383589000103
25349341000106
08612050000131
00395695000158
22080501000168
11054451000128
11908362000100
01656344000116
10313569000160
24395370000133
01400385000147
05054671004065
05842958000143
10887015000177
70166350000108
87341186000120
11350861000116
38853974000190
10826619000103
25453489000188
00885578000172
19122169000142
24722228000153
79379491011541
03333091000175
04813063000118
47508411244969
23637077001225
06133042000187
21832435000172
06193493000100
06957355000230
21169193000189
20276483000592
89237911023353
04741951000172
01156973000187
41630252000181
76739846000100
01529329000107
10353840000191
13534452000103
24275852000150
87397865000383
03476811005625
08053014000185
02154957000118
02800240000104
03490735000139
14973728000104
15436809000138
03184328000101
07244065000121
14128999000163
11974388000148
61069373003714
34028316325088
14958641000168
12406394000161
14953277000143
13329777000146
11322551000198
05135007000134
16823683000117
04500169000161
13246851000160
23028822000186
05489890000160
06156233000164
88635149000198
63450357000191
09629872000198
17296673000133
04587615000206
03825310000133
04522032000108
54360631000817
25131435000104
25304981000191
04268776000148
27229645000157
19156101000184
21994124000100
13418091000121
39366588000137
14010326000104
04507813000123
07810426000150
02143700000160
01536085000602
10546799000170
03196057000104
05371068000109
02453147000162
81051344000121
83817858004087
43364637000170
21253729000220
06057223027452
13398157000169
18004655000101
13411029000108
13940837000243
20133808000154
92770452000170
07252522000120
61585865039520
00406513000105
50052000001002
18017495000127
01062345000132
28561686000109
00979156000166
09440200000130
04257598000150
17121285000111
71460711000197
02754832000129
28189512000167
10993846000123
02672212000655
06626253079076
15078544000143
05499320000151
18130012000104
09282536000111
08709578000123
04190324000190
08904085000144
13611902000106
20491181000103
04345430000104
16277360000175
11121412000104
00721665000194
08279944000151
05930909000162
17940328000190
03562240000178
26713417000195
21897344000115
04541738000117
