14586471000138
17196541000130
06176787000123
03268859000174
02286536000140
16099455000146
30094114001423
31127541000109
00016969000150
02635833000405
06537177000108
09253130000100
13128763000164
27182579000107
12492368000101
07240614000190
05662861001805
00112060000104
02495017000192
04914832000174
11117785000101
18020547000114
01985494000173
24371358000199
92665611009638
23514704000188
93545531000140
02815483000108
84149210000136
12632620000122
15103047002797
36931756000100
22582495000147
43718113000130
14130322000160
03923613000199
02834453000149
41170747000175
03713775000100
31944125000101
04970395000106
02230849000187
04503760000172
22755097000185
07023730000157
09575649000105
10641516000179
60872124000350
09322489000192
34028316304323
07193828000152
20250105000106
23873767000120
24742520000561
04834661000173
05928844000110
28481219000845
12797248000104
09526809000126
22537996000292
73393704000226
05585305000126
20892848000260
40402299000125
10490576000138
08467290000190
97078463005509
03157725000186
39446653000134
07827274000106
05230009001427
08546536000119
14663497000132
12997724000130
15479676000187
42846493000125
73866675000191
12060987000119
20776801000150
21261460000143
11860325000160
02136665000152
00199825000187
08244392000146
55956510000129
10852669000165
52770336000137
18242472000116
10901968000142
13528573000134
06209298000120
04995868000120
10995612000115
15439694000135
34028316276010
21203514000114
20239648000122
21535445000146
07718633001584
07784754000390
01275840000120
06273072000199
05449047000150
88449541000142
11510674000152
63485395000180
10543589000128
06226071000193
24821894000220
00355036000198
17389790000141
11102443000100
09625131000139
13132562000130
26992707000115
08712695000146
21152627000138
22686778000139
17544057000154
24024824000160
28010059000180
09342391000105
32665366000176
00742930000110
10846749000108
02110346000178
05653363000140
17300504000120
07571746002490
09558288000199
01012434000174
09275194000102
22414147000160
08681361000152
22301113000160
15725777000190
82740515000192
30916290000189
93209765019802
22930900000170
02358610000278
11649825000158
05980738000267
07766402000140
28035251000120
01800800000150
12206660000293
44119402000185
24903121000101
47524871000178
03321498000182
04171357000193
14591954000120
08027455000102
20543598000172
08666907000104
27741425000108
02389051000182
17943391000180
15325201000136
03392872000130
00234599000128
10265057000176
46025961000151
22493813000101
03174759000189
03995515001805
02570744000509
03019062000133
08757995000141
01067903000152
14333892000157
03987027000108
01553093000144
16922202000120
23438178000114
23520624000135
87677803000163
23623744000168
01487358000153
02681731000507
15200994000248
81468530000160
05070709000187
60872306002103
05870447000135
80520489000161
11332135000170
07833425000120
06061803000132
04742455000133
04319450000100
21489353000177
08488130000127
00768025000130
92706357000612
14530506000117
05520607000116
73914749000118
07476019000158
02347642000197
16956141000112
06952354000112
49732175004250
45543915006899
08643455000137
07428012000160
10660566000101
91409896000112
02875347000103
24802548000113
62410352001730
22692961000147
11994110000132
54376462002423
17177202000106
04002563000170
03800242000158
10973128000195
01721496000155
43158302000286
00733732000190
34985036000193
15263930000105
04739109000104
04654666000114
10948651004906
11076795000138
02255434000168
41334079000336
13996290000117
07752996000130
96729777000160
05834063000590
18311875000170
06219209000127
21639327000188
05369087000192
07592359000144
12954842000161
18204577000180
11347829000181
06017811000181
31679410000134
04673633000111
42923573000307
05790860000190
07045078000171
06889230000130
11167356000130
24891528000166
05916036000303
20920563000105
10414832000108
40432544010290
23307682000185
61552469000128
07583668000158
10527370000135
01161296000195
61585865115056
02646144000145
61936522000194
06220252000102
53558342008172
02034306000194
05942480000123
00989738000123
35929009000166
06117935000139
00996403000132
04424356000103
01383192000125
93936359000156
03213695000188
11160087000180
09565947000114
21588258000120
08033253001145
41606641000171
79110110000166
11206856000134
86204336000191
95767943000150
06051209000160
20557373000175
28550495000141
12968370000104
83458349000107
33028226000150
33718859000190
12577202000180
16651466000197
34312397000250
01436580000127
14547157000146
09347041000204
13235728000144
01433156000129
04308104000119
07220538000150
40859167000127
75416206000104
01991461001701
28147572000117
07674817000194
03720882002010
34032185000138
08893288000263
29049136000178
05939533000319
18443696000196
48004816000110
07531582000181
21011832000183
17898254000171
11896637000124
11858369000156
07706374000176
62750245000193
10435623000140
65793192000186
03863081000141
12665186000187
08106078000105
13125872000128
03287248000173
04776729000105
19885835000102
46509691000154
21171662000102
07215449000116
09425566000130
10429989000107
12009209000103
04188907000187
37120466000130
27721265000135
10947745000116
08032988000182
09456704000148
20082075000176
07424394000154
09481654000159
11112896000117
56691678000112
06201476000177
05214053001109
11590296003775
91292987002245
24167393000190
10657359000190
19383939000100
00359558000168
09004252000163
66329269000205
07127645000139
80245988000198
21185425000192
02781476000132
15000039000186
33428376000150
03383858000413
03773814000157
10771331000189
01909321000176
17612123000186
02858372000189
03445908000105
15227502000127
28826725000152
16539091000178
59276790001319
11421845000177
01034396000150
01570922000105
13581652000109
00097626000168
19958510000102
96483045000133
19665913000155
39239447000153
49881493000105
06111580000170
07571746001508
21161981000129
77044618004175
39627922000169
00016857002909
14913952000100
05033043000197
18356474000136
05563868001519
20236086000163
82956160004675
80425374000198
02999754000122
14726199000144
05387126000184
10767914000217
15054423000161
01798502000172
15632266000124
10759850000121
15118010000101
15264763000117
03744904000110
33215203000154
03195267000170
11887557000102
11115427000151
02245011000167
27510105000147
10961419000163
10395411000187
20590353000104
34492298000116
04206917000106
04608830000157
03727891000170
02610309000129
05669914000163
02447520000172
00204343000178
01633415000165
15000868000169
15659128000139
13536101000123
41666892000141
21066147000154
05154258000166
03116141000162
10591045000131
02498313000147
64241474000108
53153938001180
21004569000103
11059605000174
01696610000134
09239373000194
08850244000175
05476186000173
00063960001504
91848614000264
05480574000128
04319385000105
08584116000127
04252645000172
17539928000141
19046218000610
05614962000154
07331877000104
05168952000132
61128799000190
22690666000151
08930566000124
01583750000104
07837794000191
14312286000155
13823150000147
00366624000127
17433044000108
44216950000123
37463171000167
30069314000454
01877629000268
02311419000190
27004517000105
16971093000131
10421165000190
33014556068157
34035220000172
05588044000106
05580846000161
93274785000171
11408995000140
03465296000104
10249107000121
18258326000189
97438766000194
32156317000108
07320530000166
68691237000108
56027220000163
20355115000106
03723351000119
05820025000155
15355992000147
00502875000191
02471312000109
13885080000151
05338039000137
10903902000191
16983063000145
06152673000143
08819965000112
45357498000182
03254669000106
15151046000774
15713169000166
16653305000132
05886436000143
05458454000124
14466794000350
10449770000170
14572838000164
08672833000100
09514122000170
16675236000168
14858382000101
10915417000138
08218461000147
06133010000181
19461770000160
08309274000179
37222239000116
39053038000168
07554143000194
00074635000990
10802259000100
01438531000123
16487316000432
05229228000171
08085907000102
14443194000104
10527743000178
07162702000110
02836693000182
20499240000190
27742183000177
08796516000104
23881982000416
10386762000121
02740266000104
02835516000181
09191479000165
07207883000154
33472457000158
17160896000179
19987114000103
23934147000154
04050838000140
39790092000196
70313598000154
11045666000182
12916860000159
84646934000195
07148759000165
00577892000198
28252005000120
10704442000172
21276972000183
81193336000896
05781857000100
07453316000188
06942842000149
10752483000134
01452077000165
73261950000143
07751593000509
05777973000155
02409000000175
13004510018983
48076228002640
08946214000167
07811058000164
39087119000189
75478834000106
05913594000145
21521529000120
23826232000107
28131525002200
18861866000152
02754860000146
13008125000100
78364890000108
04528174000182
03761231000106
21345503000179
10860695000135
77828770000151
19943057000152
16805977000116
05215132002874
22599510000160
06697988000176
05378324000181
10295929000149
18318957000146
18173493000127
04735821000127
03687010000135
93379840000511
65193286000203
02829990000109
09496207000173
12487381000164
05162879000191
31487473008173
08295517000167
23351612000124
12643242000182
03244699001286
14524661000120
07117046000134
17615012000123
02609834000205
25054585000153
20621061000183
07980947000155
07643083000186
06055517000164
03632410000143
06936010000110
17694367000155
31887136000199
19916044000194
07272825004878
11480820000144
30060552000156
03231216000156
83663229000133
23230095000135
03689836000133
05906220000100
44581056000314
01457421000109
34028316073410
15710117000136
09022681000163
03923812000105
01077390000160
04773049000138
73759375000103
26080908000146
92091891001048
04135309000140
20138980000109
04569071001302
33014556060172
73730129000986
20848420007061
10775785000128
24642669000145
24161797000177
24705881000457
03887584000157
04785332000180
06033231000188
20636122000186
20762068000115
24327942000147
01485561000190
14574032000105
05332038000185
12746666000172
26188019000105
33014556009657
07232063000112
28355287000191
06787407000197
32815508000134
02332584000128
04316994000100
05414228000141
17251414000196
03002339006075
27716899000108
60416138000106
02505911000104
30343427000153
12313174000193
04024251000167
14177637000162
07414571000383
13803003000105
08354396000187
21976739000103
01229759000103
09410568000155
53942512000133
05786388000111
08610759000106
20485401000196
23170013000104
23974446000112
07184890000188
19131398000123
04176797000133
04899316016898
07828523000170
13591793000102
81472680000148
14410956000176
19772897000108
72306848000154
10521785000100
27656438000189
45543915005221
05913804000103
02883882000106
11089580000151
08043004000169
14072798000434
13803597000154
04332927000180
02268816000126
46602132000194
01099106000157
49262157000184
29418316000180
07041211000111
15079875000106
02638377000104
19562572000192
00711356000133
28440412000161
05531883000180
07733630000114
00373342000157
33516154000432
10441415000154
19478254000148
05366135000199
28589901000180
03992707000110
12026702000123
86719465000112
03985209000140
15377193000171
15370406000133
06057223022817
05654849000100
08060838000182
83941419000175
05932542000205
05022740000142
03734859000112
07011543000153
05549856000134
90336215000332
11945323000174
08038674000197
18397113000138
68346451000119
11020778000189
59917195000181
10513723000148
10759448000147
06076693000182
41057233000108
06336990000462
03717013000174
18738083000186
06067521000223
31838128000403
12979043000140
09513616000130
05657137000137
13370518000169
02220541000150
81010266000117
14870460000266
09355546000130
03878390000195
57508426004599
00718528000524
15375991001055
07451673000107
19526283000138
01869521000142
03083785000100
00306885000151
12063442000166
17864502000163
35571272000126
07460175000120
11718019000194
12117445000135
22419081000100
08536999000108
04143008002101
08810818000181
01044134000177
14597029000107
12394173000110
94590361000189
07386878000156
40766610000204
22505887000102
96418264002859
00809742000162
26880369000120
02840350000191
00637109000134
13260463000134
20325994000123
04886121000133
29833215000175
12816365000178
41935610000164
33014556087291
02850773000192
08680111000106
06249490000140
07258436000124
69025591000158
05296166000110
73500910000107
03640183000106
42069260000163
08629276000145
09033894000190
04774271000155
04571019000149
08909373000272
12142198000208
86807609000435
63620793000161
10714194000493
08178768000161
45583184000106
00088582000100
15564240000196
24239658000119
68958909000190
20361158000102
05999583000120
07014517000189
14402679000150
92818350000188
41557356000108
19439315000168
40380313000137
07170943008005
92974690000106
82499021000168
40791980000102
78061132000110
73413601000442
02016104000110
20377080000106
04390030000102
11085251000132
09021367000166
61585865116532
05462547000122
09580548000637
48702054000125
14226124000102
24073694002280
69998995000128
03336166000171
16997066000138
11852329000105
12237066000189
14123797000129
09379251000101
20679668000114
28104335000179
10782507000106
08226381000133
63239529000182
08413260000109
04141778000171
03626668000137
11508826000182
10214720000103
25368663000194
01289782000193
00344640000119
89841613000165
18530917000163
23664234000139
26590560000137
84704410000375
44358067002383
10333948000112
15614764000144
09122783000150
20516654000180
26816744000172
58214016000187
20145400000100
04783856000131
03673623000113
89380745000137
08367319000161
22226476000854
22464144000131
21937219000191
05087888000165
00204362000102
04976972000177
00447821008902
92194257000140
04214970000140
75727495000154
01271789000188
01488094000152
19676125000164
02049604000158
14302742000186
88059951000187
08956901000163
38079349000133
20401833000171
03648666000149
06341746000145
03457435000239
01131420000170
83653212000103
11950458000128
05694863000391
00213777000134
85403467000135
02884809000230
36295293000129
00477627000138
92666262000108
37994340000195
33438250001139
04384943000116
00063960055183
14491932000199
49246960000125
15739163000168
05968082000186
10329534000110
09317197000161
28054896000100
09379897000180
00285753002720
07879830000180
15249290000189
09192347000158
04916767000116
12348433000200
07333521000100
04522146000158
02551867000160
85027480000137
93489243006661
09722007000191
06626253096752
10521693000111
78608429000153
10384450000189
17745613002285
05885727000117
06311082000171
47007836000262
73721425000163
09636513000168
17441116000169
68442508000183
11115099000193
07388702000133
01803180000102
73323529000110
95051462000144
10428815000120
33014556122542
33301086000222
01545828012528
17049705000104
06885124000188
93209765013529
13898857000112
21361443000188
25403388000100
02759135000160
11775328000600
08308696000120
24203628000314
03779149000109
14736906000183
22825115000158
33014556004000
14130984000130
07869139000115
86544632000131
39202213000131
24543741000187
08930150000106
24613515000125
05798147000192
29800265000156
01370555000198
61585865132228
12684155000173
10842430000104
09484983000153
05983192000540
03621935000183
22353870000187
76430438004835
00210019000162
18010801000101
09384117000190
32813413000181
18381415000118
08432246000144
68062827004401
41800889000179
20672028000182
39346861023293
25016097000151
05936935000106
07783848000426
03860827000163
05457997000127
16939379000130
20414066000488
23720971000101
22975312000153
02861668000159
15272360000110
07302125000468
14060527000116
29218906000169
33261033000144
87488847000145
12240163000120
16825614000142
93532976000277
08931266000160
93209765001601
03623054000100
04192975000110
12284263000159
08741251000139
97422620002951
05874251000119
15154911000140
10329970000199
34063982000182
05383825000156
27435133000147
08764315000117
19487472000149
05925860000150
40223612000168
02595725000103
18402554000180
05197982000177
02841681000146
09064804000129
22152300000129
00969242000198
43350099000164
06032757000143
18528798000104
01725273000166
93132546000187
01092367000226
05278470000135
09500676000119
00143521000106
71170039000103
61585865029648
10143338000156
77739290000386
09043172000117
05963158000180
03774382000107
02690224000106
08519762000100
14767692000102
09374422000363
16369386000143
12424043000183
25206361000110
05668262000142
28837938000180
00125530000328
49309859000176
37460888000406
16986710000172
11291174000177
28830619000142
26189513000186
09546760000173
33032442001906
05401284000141
05060483000133
04032027000117
26075538000159
47508411216590
26423582000102
10623299000194
09551846000194
45543915009804
49748759000146
20186953000101
30774098000103
13204998000198
75172494000190
05466897000167
13594752000170
04605131000153
19833425000100
14419114000185
07769141000112
16503098000130
11423288000123
09289344000137
34450700000108
07973253000190
14505642000157
94296175000646
18845760000165
05934218000137
11293416000161
17171612000140
03797250000192
25427899000154
12387244000158
04770448000145
02979279000122
11308304000137
16862382000100
10285544000109
00255446000167
02145945000127
05467695000130
06211935000365
07554962000131
05517824000157
18449504001635
09151832000183
01390442000820
01896483001601
03323183000174
07027490000169
05354189000134
01104642000101
29345902000141
13147750000132
03073501000196
05456752000266
04159900000137
15545443000135
07851657000101
26286488000310
09346783000134
24840166003019
30183587000182
04661353000193
10917851000157
68420678000400
17070512000127
02588159000102
07311172000125
22814701000105
12185933000180
08879871000139
01332688000170
03474566000143
13353759000108
01060683000135
12033155000103
07299873000196
09354053000185
51381622000148
08758210000155
06090845000100
01961351000121
18981183000139
08294186000140
04969102000170
11690468000333
24363349000156
13268488000184
12612759000104
01259684000103
33014556009061
03047573000169
09186953000160
17528218000116
07546614000112
90961210000139
56912223000180
07299634000136
08986525000907
04966970000105
06057223037253
01667041000360
24469343000168
73980963000172
41115650000160
23215873000117
32470627000100
83126797000103
34177030000602
04362200000145
14150723000181
12804850000121
00797774000195
05947633000125
12457564000137
08709219000176
13307441000182
17757200000196
47611140000160
01864903000183
30680103000100
04262947000121
02873606000167
14533507000115
05813862000157
10772117000147
12194849000122
14796241000101
08889451000133
04587754000140
12522914000100
01983484000107
20480349000185
07201480000106
18821170000100
15458275000140
00065806000168
05195721000118
02264095000186
05099309000102
09500928000100
47508411046903
18162154000145
33312513000197
29481296000191
12222431000181
04269264000104
04585012000186
50574698000399
03330723000147
09347994000191
09529513000169
02399763000182
08938708000108
05165369000178
17645334000115
37826799000180
04590882000143
08369645000108
07725607000188
01304597000120
02609761000170
17745613003508
25449917000107
10622397000107
09158643000485
11965307000143
17896653000101
05312367000164
80006539000197
40869265000145
08293785000140
04974216000109
11417976000180
04221555000114
03562365000521
00540006000151
09240916000193
96795869000149
23829250000134
28056334000104
17428064000190
34830065000186
04555251000193
60742913000105
14704733000111
87278362000127
06937552000107
17504895000102
82607870000198
10982002000187
22203251000106
07182976000171
26687678000188
09017196000100
06992021000117
17343572000176
03040903000194
09577435000178
09383646000170
10157069000187
01624752000196
24175674000195
17952981000170
15465062000146
10372865000132
08889324000134
04970869000110
17532713000107
18259919000160
01305683000158
11152791000191
94492881000159
15612816000143
03995515002534
05907499000139
02103392000140
02963688000130
07405710000140
08053182000170
17105973000198
21550900001316
19073540000123
14405832000100
00580909000166
15874756000137
10333990000133
20123414000115
10984988000124
11292635000126
60740651000140
23630296000120
98102924010328
09581767000126
08106851000125
02797037000118
01268775000105
24474545000106
47724166000114
00111184000167
19175631000170
09331341000114
01596333000198
03327189000110
45543915016851
14638074000162
08656142000113
66294976000122
09351857000120
40409666000112
11827589000112
02531408000115
01724879000187
75355420000190
23068255000191
03000934000111
27696491000103
07675757000124
47508411176602
40632069000152
22428032000125
07682779000111
09612364000105
01569818000192
00693233000117
16710730000116
67399030000193
19148639000147
10726669000119
00926327000199
17922997000130
01503593000171
02587188000141
33014556097769
63424121000180
10693312000181
06137422000190
04975771000155
13025734000177
08296559000112
15151046001401
06331866000161
24713295000101
11209648000199
08580794000111
33014556039807
06698222000378
03262952000171
80285596000152
48097810000134
44550549000125
79191268000108
10276689000135
00393023000103
14840636000156
09912888000103
11870974000142
07595585000189
04895846000198
05420851000107
03131746000122
07969767000172
11274607000186
04380678000106
07298624000186
03238158000192
15494741000143
02286034000110
03762092000135
26552518000121
00683015000100
02900637000160
11113224000126
09141763000127
11596610000116
92889070000241
00291784000405
10376040000196
28990075000186
13476847000199
15755572000158
04385668000155
52827193000152
04839900000773
15639627000164
14228719000199
16644874000111
09126640000117
14449820000170
33151408000113
02195624000137
19322108000129
71419824000149
04479723000176
00000802003117
10985238000177
11590032000100
03208102000195
13621524000141
06347650000194
02323764000496
08726606000110
03732667000177
68670850000130
08729688000157
03003455000159
00154486000112
05785513000179
08616965000115
05287761000190
24942709000174
20833785000190
08769641000117
10956016000126
01514221000140
02515339000156
13022799000169
02495382000105
02400983000693
13951206000149
06078429000188
10193896000126
22890742000253
12923786000106
07580224000169
16882936000123
09602942000114
03257306000116
29298403000140
66548538000143
07866364000106
07278557000138
22942706000105
17726217000186
11001834000138
06114232000157
77708576000132
03917084000110
08017473000103
23784722000180
72908353002734
13415257000156
08307520000153
14682975000151
01298001000127
16482948000160
01094622000199
03068595000105
07039893000128
04936123000190
05632458000187
24515793000140
12539517000566
13911229000120
25404914000149
16958061000104
13033787000130
83734830000170
02141324000680
24035354000130
03875624000140
00251951000486
07523906000130
02665810000192
61234985011491
02836966000199
34274233006216
05834325000193
12096376000120
05514646000100
24649968000101
68663855000136
04297764000141
00000802003460
05265434000137
87439220000102
73700056000122
12811577000162
11894184000105
15710670000179
00451718000102
14145000000194
01935632000100
02488708000169
22397806001250
10967919000102
09798307000235
03420332000113
12837527000154
05792887000200
09082899000103
40216897000100
16182834023812
00845661000118
69985976000167
00908362000185
93627842000159
15962533000121
12302253001502
01582647000131
08374626000170
11811462000105
23517731000104
02384620000105
05264758000150
03230897000138
00924845001145
05064884000161
11029540000114
45543915035724
04877578000181
10761617000183
03115939000190
07845769000150
13507989000176
39346861001133
17392461000230
00867203000180
04795561000185
09235187000187
87087482000147
12402279000119
67501429000133
39346861011600
03005491000151
83646984000886
04001304000124
75796706000291
04930606000187
83577593000180
23988646000124
09129391000113
07797901000103
03898190000102
21819069000111
06057223032707
12056326000110
27830567000141
01996280000100
10731903000104
26249037000141
88301668001191
04310878000184
07129129000143
24608199000101
07644342000193
13638826000122
03915518000143
06057223029900
01443988000126
03059880000160
87054110000114
08203411000196
08824383000124
01668000000127
12399970000190
07670004000126
07232970000161
13070068000270
13295149000197
03144887000180
04889169000103
05194885000120
03759208000187
01834300000139
26823591000190
04824052000133
02544008000144
39402763000102
18765329000109
12538688000147
01198404000102
35632140000167
08146970000101
02186810000100
01559046000531
84493592000110
39320692000190
12733003000113
47508411003333
21962529000166
53326484000120
03675544000141
17390064000149
10695084000189
29376294000132
03958977000104
83835215000150
11777203000105
11491310000172
19951933000192
04945399000134
16759424000174
09192235000105
01197547000191
02885302000110
15204572000160
07182295000103
18546933001116
01358720000196
64860919000138
02704859000107
70494943000101
09117770000193
93034031000144
09231123000108
11508973000152
12463059000103
00069619000152
02105094000199
14046687000100
12997664000156
00993206000160
03308161000135
04912002000299
20796214000123
14716929000207
03621477000182
12405798000130
00555235000140
05574998000151
02833063000154
18997228000163
11789691000170
09004339000130
03404925000277
15103047015856
08178522000190
01611378000194
08955944000124
32461246000157
61929410000106
81638116000152
04311206000274
08996105000154
79451787000168
34951772000120
17936917000103
12504494000635
06971684000155
01217577000112
01265793000133
10657415000196
02669793000161
18998256000103
12630679000181
10588194000141
80543499000112
03205746000120
08043686000100
46431102000162
11114284001720
04290653000103
01737109000179
05621542000103
07159029000240
04860009000123
52472198000100
11122054000146
04621624000187
04584462000154
21112409000170
06119251000176
07296756000179
07058448000105
33018599000301
02465944000160
03280593000185
10730670000117
08055366000170
01369396000101
12997294000157
05105454000140
05670197000190
03788851000139
03014698000192
04831112000145
28930956000101
06047271000189
14697050000184
03564790000126
19512778000108
39344569000100
02449975000127
04897396000172
01590896000179
11581994000101
00427308000118
03774097000188
03673151000107
08270608000229
76260017000816
08304698000493
18672972000198
97553166000177
18451712000192
03606003000161
07969916000101
69697928000173
01026815000102
05075093000137
00982913000150
00190762000106
26472977000103
11317101000107
02558157049250
12659807000110
04181115000180
04798677000178
14128206000106
07873961000150
08097382000125
84191758000144
03766525000120
20035784000109
09153185000149
18822558000118
05393059000100
02273418000106
05597366000103
24454554000127
74013434000162
02392697000119
17606998000175
04607538000110
02991083000153
01798935000128
28410074000115
09912842000194
08543449000108
00777357000180
08610754000256
03098458000113
34155945000102
06079518000149
28086325000158
61780615000172
05370519000185
09060771000149
06278705000151
03480012000159
