33014556111770
03730574000103
13778619000173
54905898000176
02994043000165
71095897000122
18809277000559
04392497000191
04185877002018
07280697000140
20251307000172
11554600000118
14171895000131
04218890000163
27505134000110
01534056000199
89470462003959
16870407000100
00464547000148
65726234000166
05872662000256
04458419000142
08238762000132
58752122000114
03395372000152
87181798000101
06267047000100
13638606000107
02242866000134
01911217000116
18018797000110
03639113000120
23456999000183
00194032000256
09216533000180
03650509000178
10815524000194
02198833000134
17289855000187
93209765012042
11331369000101
25063614000143
13548109000100
02291842000175
60957784003350
93318947000126
09381391000106
04221968000107
00062616000430
15017167000132
20413653000100
08555864000181
06376276000155
04704365000158
00995211000101
12342500000190
16921535000135
03034775000176
14767146000171
63605703000163
14379874000106
41541525000111
02537053000171
12473939000152
78512415000131
20666914000101
15959109000128
13237681000158
19644944000553
70596473000189
03520018000102
07083895000114
31625610000104
76241876000191
33438250008303
00041384000190
01310699000159
01100552000134
76087329000101
20819438000103
03317819000175
11434806000104
22255598000100
75282780000109
08616277000155
10375056000184
08698154000100
27493287000861
14308438000227
09385604000178
17465463000121
17261661003865
10374201000102
10408109000116
16607294000154
06256799000168
03608687000130
17187934000187
06022897000130
04681311000114
31979511000120
03191154000104
04454835000172
03529449000130
01537271001115
07547654000189
03243400000116
06336990000110
05591523000254
77449155000134
20754938000104
08986526000102
07519262000106
12509022000160
27060334000530
76087964000938
13640131000185
23090628000120
05386525000120
15418205004660
05662551000134
10763190000152
27665922000174
13189823000159
13099954000145
03617857000143
09360942000155
34085589000190
17921205000102
03034333000120
28028772000150
14432556000161
07387416000153
32999240000138
26210153000157
12015035000183
02356050000131
11396902000105
37484870000193
00421204000104
07851862000410
07279510000199
06572453000179
18118494000179
24124584000175
08082791000158
05983425000181
05024583000104
06100538000154
02444236000142
02943955000108
08943560000191
03575395000149
67427740000180
21578894000171
27711315000101
03128389000143
11622928000124
17328932000160
25863721000156
83802009000143
05038928000340
06103771000190
01097800000135
08694344000150
69140291000110
09022637000153
27486182008606
09602869000180
64381361000108
12496028000140
06862969000158
15047979000120
14094835000162
93056646000171
94414604000128
01840491000141
03534353000160
10918442000175
20220200000167
09467916000120
03096641000180
14789574000103
90236787000188
01300979000186
17058455000160
07037213000137
02800043000187
01326569000104
00228969000114
74746785000182
02345828000107
22763502001189
17498163000734
10210196000100
12064787000134
00591718000108
04608289000187
15842444000141
03940865000126
04319281000109
44065647000177
12659502000108
28445942000100
08533200000111
24934929000156
93209765003809
78890308000147
01969209000120
03598394000110
01185340000105
17994551000110
06111807000188
26197996000160
05856413000196
38529889000171
01793573000182
17160185000102
24602435000174
79430682013100
23876460000264
43283811011780
05648483000159
58747825000154
04997765000107
12404100000162
06777382000140
31288533000144
01449248000105
12945724000197
92664028003752
21938163000190
27486182007898
13518315000177
02510859000176
03460330000158
11499700000199
18296153000193
05221662000105
11656771000158
11114284003774
68299239000148
18956514000180
76430438002387
01836708000140
02148035000106
44810034000117
25915000000142
11090873000159
03643120000103
17785436000136
13816522000108
12037031000104
07980244000127
02051492000170
07312064000410
26645405000170
91352849000180
95869442000185
06948221000172
10280765002987
05127861000159
36171262000166
14437232000116
16886390000189
05649877000121
24153707000104
02092521000141
26517198000179
20042873000174
09502418000171
21566797000169
97755607000113
09552453000103
84684471000318
15529288000163
02564567000116
17604652000138
09054552000157
05569696000195
09482983000114
11174321000129
04799927000194
10482745000198
10665938000184
05847376000150
11047184000161
21694225000165
07947550000161
21070049000190
02731568000108
07210503000130
23714035000279
18582540000196
23417935000173
84458413000104
00447821010052
03384577000132
07678164000111
37412707000115
09068583000167
06185849000163
01353434000138
08094781000132
15489867000120
00306597000288
32296378004249
04895751003270
93475721000139
88840293000166
31952567000604
09302566000142
47065834000149
14160632000127
55010060000500
42076935000100
76526714000108
33802497000110
07691700000119
18702080000192
08110472000109
01843522000118
15751382000162
13481062000104
06169998000139
08418809000140
01959859000195
07002794000171
09648889000192
20276856000100
05401470000180
16670085016906
04448179000103
09067759000166
15629988000120
12135714000196
14426936000940
36440543000177
34624379000556
08534543000109
10323690000173
17721972000178
18385607000100
03050100000110
16528255000161
10991280000109
03562195000151
11414130000197
07312435000110
14484324000157
14912684000102
14538007000176
08531438000108
94246139000163
08014280000107
18804311000179
03508931000193
76507136000154
07242212000124
33014556077571
07739637000143
10287025000171
11603732000192
05643577000135
07634377000141
08197731001403
14972590000129
10823339000141
05565151000100
18375846000171
03803759000109
28588188000150
13752976000162
13020979000101
71239750000169
21339965000264
03156100000108
31889348000105
21800607000126
04634517000355
16751644000313
26432732000144
72440571000158
17153880000139
01901822000106
05642440000166
37132933000304
18988557000148
13970820000310
24047612000106
03500425000158
02248483000254
21025463000188
64407620000122
94087442000160
41614488000124
02997708000194
05241985000160
11585740000153
25793662000197
88212113005080
13722587000194
33214404000137
27776765000174
05485804000141
43283811013723
10508616000121
69891786000180
20068718000127
00000802004946
05401201000114
15798004000134
21724222000127
09575716000191
11886012000181
10805893000287
20201720000122
22398818000147
09161888000119
12518217000177
01142924000195
10939751000121
13197674000170
01056719000107
16686476000168
10280765001158
07580783000179
24255580000126
69920213000138
04982434000195
06125105000153
80854045000162
13852782000139
41388455000103
90256819000107
33402875000179
33381286003177
05409690000150
03439316006103
05925426000170
05728417000199
67222026000155
27696780000102
11353768000165
07734479000139
76430438005483
79069753000294
13501371000107
15613158000104
00717020000188
79065181001751
06055120000172
13052390000195
73849952000409
07338227000190
08796236000198
05730399000180
18977918000150
86183373000322
97094213000161
47573035000183
10652703000158
22612130000118
05335366000135
12845236000108
19116558000165
14363005000193
84114339000109
83808501000126
92665611004326
91238741000918
12086874000192
08995695000109
33881327000179
01807820000152
27470152000104
10927276000173
07662556000192
03048222000172
19350180004580
02963955000170
04184335000168
11543413000139
02739860000177
01558940000163
20584955000140
93209765001512
14583334000140
22763502000450
14682812000179
20749989000148
13169025000165
08349534000210
05658137000151
01840851000105
08441448000152
00255889000158
05432276000162
27510089000192
15267870000107
03040205000199
15306847000176
89703078000186
98414477000118
51095362000144
06910683000109
11340221000125
18444450000139
79682027000161
04695860000148
04020234000151
13620665000140
07394390000170
27355056000115
18552243000106
18424753000190
27316954000164
97428577000130
10625407000168
37325933000169
09635794000487
00960583000100
62164843000180
32296378001304
27334275000118
85176204000130
03931609000172
08529804000194
05495183000187
01115345000153
75304436000173
15816103000100
07174068000136
15252464000162
00788745000167
11345398000114
07244157000101
08258314000109
09055006000130
00925629000142
11444561000104
09326942000139
07243095000113
43283811004309
05591321000121
08814113000132
24314060000147
01985928000135
07557685000110
01053581000354
00150903000159
25239096000176
02994558000165
08748444000111
20096441000146
07600118000108
29010162000192
07729390000184
08821840000127
15690429000125
71776710000156
13494473000134
92685833000151
11361994000198
39236765000160
16648720000106
17166954000171
00332752000230
03811846000108
11679132000108
08685600000142
01390442000154
08705130000131
82277377000157
10421610000112
09296295010394
25873050000104
13998257000550
03816005000185
35996800000199
90336116000199
09434243000102
80081433000158
08295852000165
17815427000140
39788310000158
10694527000117
06854061000100
02726274000279
42591651001034
11134171000120
16481874000148
13430667000176
02558609000106
02080427000172
06313793000185
07889433000199
00306597005670
11143875000169
07985058000180
61348173000432
04517096000110
32247009000198
04830546000120
07244521000133
06116253000101
42095216000128
83584458000162
76807130000100
08906553000110
19535271000170
07409655000248
81473753000116
11063881000106
05964755000120
97422620004067
44438273000198
07434041000135
20775810000127
54376462003403
21385122000113
27233946000154
10802446000193
09619908000152
06106956000159
24395517000195
15303492000161
02385819000140
31975667000133
63541353000119
04511892000146
06347409022991
07130078000170
77044618004507
03227642000116
18490315000120
25197210000142
80705684000166
08435405000164
09012023000190
17102670000111
00945580000190
02435823000175
17802621000191
33509431000137
03289327000202
07690909000168
11813969000106
11390016000174
02383328000160
17286447000171
04707821000113
39530068000118
05883236000137
05012256000485
16510615000106
02791850000180
75661496000143
23470280000105
05789178000187
02930356000150
11634645000100
14308570000158
17315152000186
27983415000189
02764688000101
13965442000114
02125375000103
50895911000100
01260847000178
18599593000110
53847711000162
28575461000101
57043796000187
11094824000194
07473735006899
10727623000114
09295987000940
05325467000125
02673230000147
87359808000148
11675757000100
46345658000136
18293471000109
95858221000101
06120103000171
23183246000141
00760066000180
11943817000110
95181244000124
53946091000119
35433226000160
01740627000907
15684444000160
09266365000137
17375892000108
25958211000162
30061485000518
32935587000117
10851691000190
27454834000123
13004510035560
19037721000102
04895751005214
87397865002165
05209177000116
35408640000110
17279638000106
17706608000139
60048717000569
06352807000170
13653813000122
03382259000132
00766286000110
06943931000100
36081818000123
76711217000171
15555854000101
75982603000135
01438784003899
51490043000133
19551714000116
71443667000107
65273898000117
02441250000192
09584187000192
08240885000108
12143518000163
09654496000191
11124574000198
02086279000101
94820354000207
17544899000106
76426923000171
05111590000143
20647200000148
63297287000183
05572596000118
07637701000185
09287846000129
02236366000190
07171728000125
15224741000123
07708881000220
05305087000129
18485138000193
93489243002836
10945025000111
06151722000204
92383025000130
04259736000130
15451326000102
03720882000581
07217538000797
12983368000104
09418503000156
01385133000196
08680635000199
12106713000113
41809435000169
03632007000114
04079503000155
10362258000191
17674552000188
84939230000100
11051337000144
13690226000103
67370320000104
18273844000171
00108775000185
09425710000138
05196013000100
12125791000246
07518653000106
80559693000196
95425369002449
13988056000148
02834180000132
76766260000134
26697345000130
09287026000137
01016179000308
10271459000183
08365507000150
04512790000145
60789799000179
03640467003290
03895784000151
12655954000111
00973310000354
03816413000137
01600933000182
33042422000189
74154469000111
01905063000150
08221402000128
07127525000131
19947243000160
08633170000115
20051465000189
71039622000171
05299633000166
63764856000153
31755812000170
18504939000159
28138113002030
13609935000111
83276329000107
03397722000110
11875065000369
07214825000158
01404601000122
05999532000106
06028783000106
08608356000114
60220738000196
09815410000165
25630021000111
07103232000114
13559393000110
07357432000101
08210806000205
32494241000120
18011728000184
00905760000733
36900918000134
30380729000100
12385046000317
20739844000832
02115914000123
18101123000184
42135178000190
13258144000194
73848657000187
42253518000187
66877606000118
03325708000100
16633976000131
07364074000156
91007609000571
10665779000118
05307217000162
10560386000140
07698165000128
01624958000205
13170531000174
04358441000110
10213253000105
37544095000114
07134643000177
19874407000176
08086430000180
77883320002105
05302564000100
09597285000164
09570613000139
08146741000197
08760147000191
09390091000193
00385956000159
23875902000177
00067576000176
05918304000156
10292081000102
19039547000129
02688175000169
03779308000175
14532972000131
14500130000106
70141908000109
07235383000126
22315599000195
11405595000181
01470506000127
69239440000100
67126854000190
02563617000140
15237984000104
08228088000105
19283539000123
13739168000165
13501187001805
26766337000106
29375391000100
07920895000121
43215847000104
03244478000155
13551150000135
14166862000101
12659324000115
08658394000181
35166552000159
03669109000104
21830370000126
07844704000190
04548367000103
09332654000197
09176226000465
04388540000579
40351678000133
10897511000101
04517841000121
27705778000152
10938481000134
08378412000171
06648166000103
18129441000153
00109360000126
04988779000237
67870683000290
02969905000108
08536975000140
34126896000171
17763906000160
59302885000126
17582713000103
00797868000164
05561719000115
35298330000602
09638884000189
10728563000154
15229611000183
42897751000100
03363582000169
36820967000167
05092025000186
19328465000102
05512316000186
12524133000146
30581045000168
07338257000105
46158986000123
10595710000165
01299218000151
04250094000108
04641376004638
18573599000207
22206632000149
79851291000181
21350819000159
04973344000138
25004292000161
08762376000226
12118379000118
10446597000156
10539643000161
14452485000169
11026700000171
90726506014206
05381281001246
04750117000143
00447821011881
11409670000182
03649006000182
23361264000176
25623570000169
04152973000105
19870418000188
69896090000147
06924961000179
00672322000187
03247054000144
04682093000132
73440562000120
05888816000117
03112654000103
06048962000105
23396388000197
46136925000912
76284058000176
03773985000186
07343392000211
12132197000100
04281264000111
10834392000148
04767666000120
05866503000168
03068322000160
06204810000146
91051466000171
05102940000105
10500400000110
59711861000988
05064564000292
70175260009997
04448835000160
12711609000158
00000802004199
05289870000146
04194661000156
26149421000172
08990312000100
20135442000152
56941560000103
13695153000142
16963665000130
24248033000113
04320181000194
17293650000175
02323764000577
07026076000305
01024515000194
03028788000132
29098241000105
09102565000154
00894481000126
19663575000112
75394189000496
04054640000135
33014556047907
10546600000103
91156471000491
14382495000175
01808624000100
14493385000180
31491681000161
16828543000131
17498261000186
08631049000235
14536853000157
24826128000177
17930412000123
18215200000127
14663985000140
61585865177671
07567463000189
25101213000130
16895418000144
24956658000130
33672577000107
06233590000340
10994061000175
07095972000156
10884342000175
18922212000191
21254735000111
08337622000111
07255444000117
30542070000132
02997048000141
10660288000184
01648535000136
08731732000163
25018522000141
08905383000159
85215382000123
71214373000103
96825351000100
38015822000119
07655394000165
19681411000118
10670084000124
11457340000324
07519860000185
61585865157565
13799882000149
04716105000100
14342677000112
02765077000188
08224144000133
07626561000140
21464985000186
00157284000124
05459500000100
08933472000109
01487643000174
12031541000166
41739541000113
04565289002948
14897423000160
12552767000102
21640909000184
05433261000119
72712797000160
00300357000195
02789097000199
05800256000369
27188960000183
10815342000113
04303801000187
34028316621728
18366210000163
00104925000182
07171252000122
15351703000131
02482141000113
07176006000163
14046604000183
14326901000182
94083847000120
42811398000358
45543915021421
04197726000117
34028316419902
08490233000121
12811262000115
07545240000110
10578412000167
00373692000113
00676705000123
10894793000193
00148007000589
18622426000142
89254890000171
05061290000105
14256914000122
12441142000173
18358572000102
35173772000100
31450851000160
14516591000169
17559817000105
83754234019928
09354968000190
19413272000141
08584873000109
04516119000172
12323455000127
63721278000178
06626253026894
18521783000114
73575730000194
01978342000224
07599338000150
21024096000106
39321104000133
00350791000180
65279499000163
86841228000120
04335103000163
09260566000127
10889255000100
01306233000180
15077761000119
18487632000197
22580554000229
16894285000191
00562030000191
04938834000101
57851370000150
04875255000159
06118175000184
66526542000100
07718633001665
04566555000156
04152853000108
93209765026426
03857558000186
07569278000123
19926172000119
24608192000181
04686974000121
32309866000175
63724579000155
07047196000119
03999221000103
20069599000127
36201739000109
21463846000138
34017155000152
19885865000100
86862208016562
92458413000132
07920679000186
03558599000171
92815000000168
04289638000145
05967890000129
14745185000178
11978269000163
13221945000185
83754234022988
83648535000362
45007937001018
77190361000172
08958402000105
09400152000156
01963040000100
39346861004825
04749824000110
04024243000110
00588505000119
04862367000175
19980135000199
01485677000120
15051064000199
03181589000160
04536377000110
26757091000106
09192266000158
21317543000107
19844111000102
17189347000127
04269584000156
12004206000179
05127143000182
03444145000170
33438250013650
32598948000187
20066389000185
50052000001185
05422156000346
08843804000164
07033496000149
06921342000120
04598413001223
07816226000104
19572640000102
01755221000132
06074830000140
21892663000138
32097040000190
45877115000105
91282483000110
05242827000125
33126871000105
11418497000189
05064268000100
00190693000122
08021532000117
47508411251825
09256645000164
03676621000188
45543915027705
09585478000367
31515901000140
04718285000151
04483168000156
14442197000123
10786435000167
20671894000159
06057223015012
13541376000155
19662377000134
03376298000127
10248974000142
05880612000130
75308551002593
08888553000134
89456537000174
37422532000127
20852539000186
09553974000177
47960950044412
83872762000105
10145968000160
63790554000150
07805629000158
08471522000183
14553274000112
22711097000183
07904395000104
03664525000110
61518858000137
00266521000195
02711671000196
57590655000184
02461452000104
08449322000124
11877811000191
03956344000167
15017344000180
03093358000102
11106916000147
26404731032802
03826128000288
86875176000102
07196245000185
02797437000123
41684846000175
42438655000196
05236160000158
33142514000130
07348939000190
25214795000161
05518259000142
11336172000157
15362911000136
16382568000154
05133494000104
01678818000120
19973076000121
15083256000187
08194091000155
27938450000186
10796841000100
10974454000117
07177204000141
16524517000110
16920620000260
12412440000135
02773530000106
10520511000198
04605710000104
05680513000104
88124375000880
24346590000177
25313602000120
28690998000112
08291510000177
04644235000177
02648790000141
07617461000157
04247408000113
11505566000191
16102270000143
07237469000198
01088028000195
04293149000167
06264506000194
13659799000255
14197473000135
87552907000141
20871487000195
09501140000118
10567425000130
19406704000197
11549730000162
03812019000120
72435290000107
00084444000152
41870296000189
00332511000372
01841752000148
86755998000150
10381688000150
02961209000147
08028405000140
07328256000171
82994559000149
77800407000128
09456346000173
00864987000192
26705474000122
11587206000186
14393289000160
21518057000157
19618920000104
17592973000160
00436042009126
92780402000174
15714644000119
06722227000550
14088810000156
09030677000147
04847629000122
18658732000139
80040348000141
19235748000100
79328274000164
12085234000249
07786606000143
19137499000101
00670562000495
04278705000126
00641406000153
63496301000178
18979708000363
19409439000109
02625988000100
10358392000119
12040878000130
07012708000101
04505395000216
33331711000106
22300487000756
11802273000176
08954952000156
03389815000100
69980514000157
05971985000116
05035747000107
02692742000150
06954851000400
41665522000190
02823871000130
04971879000170
21247625000122
18659029000145
07124964000271
03401055000100
10969366000127
17655866000133
83054395005797
07182046000118
04924706000109
01456219000162
28721387000194
16105801000151
11164903000124
05467744000134
24374735000143
00991626000107
15340810000164
87755799000376
01061897000126
08941250000138
97422620006604
41738584000184
01576705000114
35356369000116
19605973000182
33014556002130
01571107000152
06046690000104
00000802007376
11018831000107
18226429000167
11063491000136
10490226000171
08694935000127
12831593000117
00000802000959
07650005000109
10720501000104
07797790000127
04418390000175
02900829000176
07834540000110
01068343000150
68730159000103
08538311000110
09624109000174
43283811001806
05748217000106
10375782000369
04187910000186
27739120000161
08237564000154
12330603000130
17997307000101
07785085000100
11333701000169
17673326000182
08733068000191
34028316353618
61457941000143
04551477000205
91869073000170
06220403001013
17165612000137
07959491000141
43256429000157
09370232000106
07773619000188
07356838000161
06990973000100
11597246000109
11854975000101
13316982000177
93489243001600
13770804000200
08986176000338
60537263077622
36826717000134
05888433000815
13831842000137
61207031000102
02307784000120
20011316000196
85319085000128
21911955000170
04592454000150
07702519000160
07267449000160
04247591000157
04028074000197
08121782000129
17143801000109
08361306000185
11291922000111
37826591000160
22110047000140
18435809000101
47508411094894
83669804000105
05674534000117
02674088000586
10903473000152
24581316000182
08198811000150
35345321000102
13800590000189
07070117000190
10347804000115
04307887000116
11356681000141
18453038000185
15823214000135
27305940000145
20354736000175
01975396000155
23620727000177
03767250000140
05471214000160
04260470000145
08815991000172
09125661000118
13976930000127
65242364000123
03092924000404
13455166000144
07560969000166
26522615000171
10279411000111
01928597000100
13662777000163
19413901000133
03951068000144
07033867000192
07686488000100
05594616000151
09050207000145
03126487000141
01008713000598
95791133000130
00623904000505
22625040000161
04068303000105
03623946000100
23221012000141
00391069000274
02516659000120
05006318000101
12079962000167
11299765000190
20313494000171
95246468000177
07817251000102
47427653010692
04548771000179
03614312000183
08275315000153
06626253012168
09647594000100
00341368000113
08668181000130
05741310000180
03281176000157
16691530000163
01319204000152
06313358000150
18286059000153
13569064003175
02485344000163
04787744000159
01390442001045
17181436000127
07975882000150
21491536000127
10941690000137
14921301000162
03606855000159
00128390000180
15031586000129
07826221000162
01498823000151
09569883000120
39060629000162
03517846000191
00862102000116
11215146000170
21576319000130
02474577000160
26512347000107
03330323000131
15388267000175
09213410000195
08517222000198
02633743000124
23463268000165
07342089000113
08762400000146
06626253033750
03281857000115
03866664000126
09643807000117
07943522000176
11014267000154
10272814000139
06872949000168
13934638000141
06043234000100
08794945000134
10242034000146
06265981000185
10830204000294
10649601000264
04049517000126
15222527000138
84817048000187
24792621000113
14460352000134
32889057000180
18716262000112
33822854000102
09060964009318
01620245000184
08817442000137
07343858000106
01740627001466
06931207000166
08726491000164
09517570000128
03728141000113
00675240000196
10882131000527
07336383000112
02502120000112
30092920000148
11855493000168
29876932000184
04895751003947
24280828000109
03536781000121
08470414000196
41096520000127
08940237000164
67945071004125
14303882000179
16758250000125
08801858000167
23364964000114
04535535000118
07931533000136
00545543000194
02722022000190
15031298000174
08458156000122
13712825000180
34404707000185
91697045000112
14786011000153
00796336000102
16278012000112
06002185000150
11546202000150
21388334000154
04471021000227
10311968000192
35095900000144
00756110000692
34843706000560
84426428000190
07185810000109
13932885000109
76250414000130
18595294000107
32492498000143
07205278000144
77803054000110
08351305000150
34028316903626
00595173000108
03439201000188
29785760000133
31975592000190
93300655000166
04464486000170
02162198000135
53148896000117
00326009000197
17952027000187
02652810000158
17138134000176
08771797000132
43648971003766
03706290000181
03149907000105
10918072000176
60399367000151
07099113000135
13852693000192
12988602000188
10815073000195
12146464000190
07881468000181
05264937000350
32932733000150
11804047000124
11199292000150
11859157000193
00595868000181
11360476000150
04059456000188
03401442000138
28444651000190
01041098000198
12698945000108
15598527000137
34028316821301
24442717000151
24362696000164
68835917000140
42160390000107
05583238000100
13691337000134
07918374000130
04502809000172
12166436000134
58318221000192
06278171000163
04888287000270
05337182000104
29779329000184
11762438000123
00157956000100
13994094000103
29727536000195
01437983000271
07240645000140
79821617000128
71390249000107
05627384000190
00263438000162
11111276000163
30409884000101
97296222000135
05846718000117
44817203000140
37437027000156
03967147000143
07522087000106
01392811000148
05101188000188
08673556000150
14428827000105
40621328000140
33456179000145
96418264009780
10829093000115
03944609000107
02275552000138
09502114000295
26960641000181
24476600000199
05266864000173
04639797000203
14704178000128
04930655000110
19167410000150
07455901000117
34028316411162
15287125000111
10856330000137
00504624000308
11223644000165
26791163000123
89237911011185
04767530000110
16856797000163
10659481000103
15607691000163
14043351000194
47508411013134
02839143000117
07272825002077
21264396000154
01586872000146
25447541000193
01154956001859
61274726000107
24841925000123
34028316312938
80839285000198
17257916000124
48232755000148
