82335621000190
07696009000128
18582804000101
01928075001686
25260878000197
00056872000171
07126333000100
08874677000160
14697175000104
30944771000106
05330674000178
05350870000104
93121689000193
21479314000199
82624800000229
75405860000457
03674126000130
61365284000538
09265015000156
15114046000109
29277743000195
73527095000170
09481580000150
02354394000101
11246133000169
08313931000151
67818146000110
77665347000188
18181614000182
94885308000105
02267106000181
12515842000165
06911458000189
17176382000101
17449903000157
16875035000104
09226073000170
29066594000115
02648337000135
07176277000119
05616414000163
14070675000111
93272714000130
12082615000193
00077426000143
09064313000188
06960542000192
11506567000150
08475257000101
06090525000141
17314329000715
16281321000141
01334260000166
09255260000182
09181666000168
13460532000153
83817858005725
01665798000315
20665591000123
10766207000125
83263343000176
39786983001221
05446305000145
01470386000168
11484469000160
32947855000110
13569064001717
08821432000175
02872622000135
07064763000145
10296340000165
10905029000176
25834847000445
03590418000437
39324744000105
00016857000795
34475061000470
07791882000108
48003719000102
84704683000581
34028316129149
02957134000120
01965872000157
24116337000127
14514241000163
64058266000178
15177428000181
07865931000100
17337876000120
61234985008199
05794845000110
01526042000123
08248965000100
09064269000106
04991434000151
02060346000100
04131081000110
10695099000147
08420154000144
75274423000360
11998699000147
05611901000133
03099880000193
08728030000120
05554595000140
02211749000960
15771884000155
49006968000114
18545465000193
05445360000110
10987468000175
05563794000115
69600559000310
14798739000103
17415250000195
14221431000192
68265685000484
13671943000198
01974752000116
11711842000178
10755558000130
03959189000132
00595428000710
04615036000130
06012332000172
03097420001017
05697716000103
18323709000193
04475948000154
05050046000139
03053032000143
06349579000189
11596442003184
12098887000181
06201860000170
03891491000104
02623638000104
09520001000131
11454603000180
02974718000104
07303374000125
07028431000105
18989801000197
21575628000195
00701971000169
08935426000149
88212113039812
66107467000143
04823214000380
12842663000132
07143047000153
08067276000107
06034253000162
32048977000175
25901162000121
22596808000116
16794464000904
09332365000198
77708576000485
06072489000193
10442376000100
22890941000180
79384459000196
14497954000166
14802326000147
03840986002735
02540111000116
87987186000100
07285127000143
01708125000133
32864795001578
96707369000108
03606265000126
07939638000131
71502116000339
02588771000177
71213086000189
77338424000195
10924339000138
11509134000159
44779205000192
08846507000172
13145430000143
02551812000150
17845361000131
14536670000131
03592402000200
02593933000165
05683753000162
16355380000460
08509075000104
13766191000149
63016513000100
02955716000178
27697228000139
04578212000101
09200739000111
38019006000183
10646398000515
12534167000111
07247838000123
12992161000198
18194813000125
47508411114593
10631719000184
06710613000522
30612169000163
00431292000117
33571282000136
03751008000188
63503007005024
83261420001120
12279312000165
83585455000143
73350159000100
04681671000116
34054429000183
10882131000365
08529008000151
00798638000110
66617747000525
53359691000180
17977071000141
43283811010201
13942192000105
14239566000185
73693665000444
06070885000181
04484009000680
39346861018290
06370451000105
07283341000160
08311049000177
14173329000169
05256133000147
01308682000167
06710613000360
15273067000177
07335612000184
13018536000186
69922953000103
24398523000104
17609873000107
26930881000133
13226755000150
04517841000202
07573009000130
02012862007415
10390107000147
73750135000148
05818466000112
10956031000174
04253469000193
09225951000133
00195263000101
03278118000174
03691064000174
04721335000150
07370553000185
20443251000158
06251311000100
05808881000438
04625176000190
17489250000130
00597698000174
03813499000144
18494725000149
15674487000165
02448953000142
01972573000220
79379491006700
61412110061537
07503052000120
06144440000107
15444086000119
03722944000160
43283811014100
17910507000266
33381286002286
01324812000155
00560216000101
10515332000162
00285753003106
08880043000110
14968617000100
09595245000183
38071544000117
04227684000110
19624402000195
02072286000227
11342912001059
07563638000180
05054004000257
10653023000159
10716563000134
06254581000174
00828476000115
10765883000184
05395143000163
08130288000120
10404360000293
20075571000100
94839545000130
08648337000111
05047114000100
26073714000113
02862508000124
00196376000113
66632910000103
11507465000150
23519606000214
00602067000104
86738036000192
11195422000186
04782565000129
74008566000104
67614867000108
24359754000109
03037676000148
04769422000772
18293142000150
23376981000171
32073967000190
01416488000103
01202216000100
83348169000679
04003680000158
10694160000131
25834847000283
66201872000126
02786348000181
11438442000130
03903882000193
19407007000401
92672948000101
07582014000100
06007724000143
01049986000157
04832995000108
74631227000171
04899316033717
23267672000325
27240993000125
03563770000130
13623148000124
02721182000115
40864639000130
01405034000129
05094101000192
20962646000167
08911536000170
21617865000171
14143604000100
03467637000180
00689562000194
07337342000140
02199684000128
03687442000146
02241370000146
09401309000168
17414705000158
00306597001250
05082661000470
04968944000108
26332161000176
04789688000191
03499930000120
03169004000196
00412469000138
14245379000104
26006457000105
18929809000168
03433866000184
08070520000182
03159041000113
04899316012981
05344466000128
85184406000124
13126932000127
07613204000147
01042788000161
63473235001605
15340698000404
15369024000190
88748850000113
00343132000116
17871302000138
02711986000133
02974575000130
06626253007750
09162408000134
08021785000190
14120569000103
73634040000169
05215011000102
12093161000156
44581056000403
12033134000198
09006691000105
28333227000178
20163716000117
10704173000144
17756241000168
06368050000102
40795742000175
02335557000109
07204347000103
58424623000171
10577884000103
01915752000145
06353117000135
01570475000186
90958489000797
27572493000190
07650459000180
08692843000965
02567587000221
17526788000177
10823770000198
46884946000169
73367674000100
13031005000123
00613896000184
08646394000161
08954122000129
04415154000103
06069902000160
33014556086481
34555870000149
09588643000172
02337542000260
61452280000163
01259273000118
08530618000175
18245798000105
33339680000121
10729951000150
23618267000142
77784841000161
08327231000116
18513971000109
11822794000195
18178805000195
19233263000179
08352640000687
03277255000194
10979215000150
10707399000107
03982845000118
81302994000100
00450648000160
04792291000159
67757591000117
04750565000147
15540768000125
25117618000167
82449216000101
14781357000169
19132956000175
05511764000165
03885588000104
05869053000167
05105990000146
01167332000128
07054431000180
04211666000140
93812071000170
09911414000147
92790245000188
19353430000115
10323902000112
81406456000158
00615096000100
18812987000104
22016426000257
11792147000188
06161737000172
04488277000166
08885529000141
79340725000189
06245239000108
01046593000190
00719023000150
24540336000105
11546571000142
07660485000199
08611806000128
20246996000127
09069366000191
92810878000100
15953185000126
09532196000130
07266378000180
02931294000109
72678303000179
04998975000101
05202632000151
16743974000103
05565640000162
01262418000130
00380305000176
29297185000120
11718238000173
12508787000348
02055319000140
03664049000137
30757298000140
19447903000143
44293322000141
76616218000137
42586727000142
43283811000745
04865630000180
20415295002894
13162414000169
03455338000398
03046416000139
12047543000143
10280988000143
11155292000158
04950823000481
06847711000182
00841924000110
15103047008213
09325239000106
17405867000120
41662602000191
12315496000171
94787736000103
12794531000182
01630171000167
09615356000104
07123317000164
16984856000189
05456189000145
07627161000159
00610862000136
06845796000160
00063960038092
13526377000120
09653109000100
12763485000154
55327076000118
07291408000109
02872347000150
03832831000118
21429865000300
23000916000147
23047481000196
24157034000152
05735040000103
04739693000190
04891569000145
11615329000183
23934139000108
02832413000168
14931452000100
02732687000185
16734219000154
00534540000155
20123092000104
16620302000100
52811346000173
15027282000198
41448556000122
01267333000144
27130574000130
06171588000122
98338072003759
01889891000141
12431967000107
15686362000155
22326777000183
15071607000130
10356704000155
05814486000115
80645591000193
06147811000104
11000090000137
02669938000124
10933222000110
03980665000105
10688770000122
07821084000173
02576187000100
66003849000127
14480262000105
00816822000145
07655058000112
19969119000103
19182236000114
10559565000167
14671496000130
03140016000198
04782316000133
01150279000152
24625089000140
15756950000118
33734252000101
61256996000942
01050882000162
20438039000100
73253577000189
24180611000127
82728619000181
20474885000178
61585865055215
07703290000189
04510593000197
33438250020788
75635854000224
02930016000129
03168284000118
08036673000103
27379193000190
08747482000150
24504918000136
12972968000169
04225398000115
07251892000142
12666029000196
07809456000146
01153973000123
13524760000140
59964296000103
05758365000101
07669531000110
02294748000250
07696899000178
65922999000171
04219621000383
04891507000133
34646422000150
17733265000100
00388019000157
11723871000150
02843315000126
12102933000179
10988014001514
14199768000140
24956351000139
23446116000154
07169107000107
17305738000160
17740350000600
17089314000105
92012590000271
21364890000190
01713553000154
09163052000153
23875830000168
10975047000124
00771999000172
87755781000102
08650717000190
43122381000194
40849465000489
01203308000288
15402214000242
00992936000146
02796544000137
11917315000114
10271434000180
73283251000102
16711056000194
04345996000128
01416768000103
06155547000142
84041011000100
33807041000143
17541811000100
12606876000165
06364897000119
33504804000187
24294709000105
22635204000131
16365777000190
28989917000180
04364334000103
74181330000167
18864562000149
26079184000110
12614437000366
20137506000154
88234661000122
00616787000110
24661928000185
06190779000131
12323271000167
07014198000705
15762675000145
10420945000116
60781424000162
00836272000126
34028316437986
14796606000190
17261693000179
03240676000140
33836867000130
02772657000100
15311941000113
16838570000195
05633764000138
18674224000144
07410399000128
23068328000145
03535411000170
91358812000169
11170965000149
01455956000140
88630413000796
13570172000142
10230146000187
02865586000182
13295798000198
01758426000171
07443562000159
05078145000129
03899888000134
06057223006455
79994984000123
12070992000102
06941890000112
30027015000104
05529977000114
35649219000524
33292756000100
18458237000267
66944158000128
86884525000152
16895324000175
66452525000176
05251994000132
03054833000123
04536811000162
04036478000122
07847123000101
00514551000173
16630743000185
92667948000113
12669686000197
34942227000178
11507053000110
04432638000152
94064284000123
07591731000106
04532525000129
10729097000121
60892858000130
05334956000143
05062652000174
07176055000104
02253765000169
06993636000168
03886774000150
11431131000140
18147293000108
08846133000195
07580003000190
08727779000153
06814190000167
09296295003002
04099445000121
07419024000129
09063120000102
01597147000173
02465299000266
00303224000172
23113962000152
18151879000138
27728879000149
05023737000143
14867580000123
02333098000124
14089708000175
34022806000100
02999105000393
08322567000277
09450031000119
03014109000176
00974749000130
09585694000140
76080738010726
13212852000194
30420958000100
07722158000467
02915120000144
92556810000147
10634804000104
08117166000102
11817781000128
05270574000101
09303348000122
04405498000123
05197681000143
40513285000189
07440386000100
22578172000180
25027809000138
07215243000196
14777920000125
18658375000109
04802532000101
48076228000191
03503771000190
08655947000142
08195198000118
03043457000171
79538575000112
00867594000132
08858948000194
22642536000224
14208935000172
68882281000197
07848482000183
00006882000100
08632684000156
06919603000178
20343489000101
13319700000276
10948210000160
12958199000144
06210854000189
22438664000170
13938376000193
11895702000105
04348351000149
01108462000190
72057847000113
05208494000118
68819671000112
04548849000155
17025678000121
90711565000170
23458181000108
05956375000143
09106184000143
07200942000162
10197389000160
02475798000153
09635823000168
24716901000142
24298079000147
20979381000100
01877606000172
79430682019818
17087222000196
32466815000238
62357181000165
15151046001908
04983199000176
12143082000102
27480508000190
07247381000157
06879002000189
60872306013903
10955277000121
01903264000118
09566940000117
03460641000117
17232463000181
00123341000154
12656193000112
04824984000186
21435259000135
04507062000145
16585115000125
29062783000110
15196242000170
05563304000261
08302426000101
07165501000177
13700050000123
83646604001451
24638750000151
00171247000170
07976147000160
01120364003940
25174004000117
09345922000105
03895974000179
07067687000121
04906801000252
26626419000147
02055516000169
10541479000127
08939028000109
20090076000162
07782614000111
06980947000192
68647247000138
06115733000158
06345253000183
02997386000183
11931400000137
10670267000140
04681653000134
92012467040201
13250304000159
04626488000118
08638166000140
05054671001988
71242358000179
83519256000137
02919628000200
47508411125285
41386228000149
02271646000139
04682538000184
03780538000154
14377150000123
17333147000104
17428198000101
23919794000197
02704678000180
01688954000100
17348259000201
08329188000128
03449625000123
08949100000766
10592041000178
08468376000137
03582193000124
18770112000197
11339195000115
20397310000107
08792625000145
07884915000156
10661507000140
01210293000102
33532342000101
02611751000170
02303988000193
10365968000175
18100930000182
13276027000153
51173730000125
17931225000164
90805102000177
80977770000128
06070376000230
08904650000173
13042744000110
14780952000260
04736869000150
03989217002612
08734462000144
14075239000135
04180553000124
05622650000192
78782802000198
03752341000101
14744514000166
09647756000100
03614482000168
15128553000100
04828175000142
15936073000167
02781457000106
10326860000173
10852696000138
01390157000133
03989217000245
74749797000160
00740356000161
08862280000159
03700792000103
10843293000122
10910398000157
13493174000185
00777223000160
89557326000128
11483566000138
10971890000132
17158354000161
88212113031595
04736124000190
20088515000100
84535301000100
04415928007109
17082763000121
75630855000103
05959470000109
28740834000152
03995515002704
19111893000170
09443834000146
37109097000428
12797522000145
94460052000194
01596405000105
78451382000167
03607889000168
05118717000156
09392341000124
20744938000123
07295266000158
10477903000111
36152825000179
03984003000103
14206573000180
13813639000138
89310403000140
09339935000171
06658137000114
78863784000179
45543915007003
05159161000146
92665611034152
14673051000199
01427863000102
07818560000105
24186785000105
15324065000160
00235798001041
04125999000237
07082915000132
00066716000191
63473235001354
05007590000106
00433596000113
33014556116062
18767999000164
94661592000136
12218268000183
17127277000182
42805341000184
05309304000159
83240333001197
28899377000143
29816138000145
32525032000105
07046969000142
04206532000130
13213478000141
78819588000105
13092273000155
04396706000175
73488827000160
17875047000100
33692997000147
09291784000129
04976718001574
11629186000169
14470443000150
23396997000499
20944941000190
17930040000135
34028316015305
80071459000115
12632850000191
01687173000192
95447330000136
47508411134519
75874263000129
07890547000159
03314034000149
14704756000126
07975041000142
04415928010070
15115181000179
07469361000120
33614660000111
17347555000107
11050801000188
13773724000110
30069314004018
00810411000142
05554458000106
11406077000182
08518894000118
07536778000169
01049700001024
00363799000180
87270690000420
03900631000155
20372263000139
05506073000173
13595091000105
12447309000103
20995268000118
04879401000114
01781154000120
16781155000142
17910930000185
14954514000190
02448779000138
63864771000902
80657901000190
22003409000102
00991023000105
06015748000497
92894443000191
07573009001102
09448725000111
03372418000207
02017443000110
15217274000104
14262096000251
17469701011373
35109651000107
02073130000180
21339186000188
05879152001282
12577590000107
00611798000108
10993623000166
07704209000185
09634623000190
04881257000231
09190365000109
14659833000173
13326188000104
14578231000434
03336182000164
12023966004463
13118466000138
04119579000167
02166753000105
04334349000200
16123069000142
07114760000250
03875982000153
37118817000179
05797987000211
86975810000189
02229829000196
07897099000115
08164896000156
02515891000144
21435599000590
13779948000139
11831217000160
10690977000131
07359793000189
04947350000110
03739667000107
43283811004066
14568249000102
02729886000134
39786504000467
04938050000175
04147051000100
04221051000285
04387368000105
17554217000146
39451307000144
17345344000135
35138346000216
11053775000141
52016367000105
03322600000164
13850516000681
30324443000107
02472105000330
18090596000123
97526522000163
03287560000167
00217267000135
09324752000182
56642960011659
05635983000156
04730516000142
03461428000120
97422620011195
05305875000115
02997357000111
05573472000157
93641710002044
03563975000116
26750380000175
27026426000170
03013666000172
81813545000119
27252846000175
10204581000137
18578927000179
34028316493975
26924127000190
06889405000109
03384851000173
05730257000112
12141573000114
92507185000143
09236608000194
00596662000176
26202319000193
02212992000146
07126663000104
45007937006400
51663763001397
33032442000845
04682039000197
49162639000162
17695813001622
08856321000447
07879803000107
10725679000130
05004745000142
24978454000108
05685969000167
88766183000100
10708694000170
05013184000148
10241702000110
07130076000180
04626239000122
15196065000121
00791508000155
00401269000180
22191555000362
11908198000122
06937004000187
04086992000172
13701235000152
17015549000152
20430904000164
11563338000178
03258649000103
05577401000122
29640988000135
16233389008482
01310794000152
12763288000135
05163581000104
05901771000920
13030262000221
14016039000101
07086976000178
14141451000153
13234500000130
04945399000215
35196823000895
71353320000173
08019143000157
04209503000122
05010232000144
36169977000265
16963825000141
42591651151273
24043129000145
31209836000639
10319920000120
02832239000153
18275399000189
06297116000110
21123206000189
06221019000144
44370252000188
04046162000111
17944524000133
08450897000167
16852143000161
17164144000186
09434414000101
14936471000110
07630107000162
11866145000196
02856114000163
17735250000172
16994189000115
16443289000153
14338068000270
01537390000104
14595087000100
72041056000103
04247534000178
85288082000174
09141763000399
04112118009704
14687780000102
17176595000214
06073883000146
05513933000104
29960460000143
78588431001422
04090339000187
04455630000292
10658085000153
07792435000670
05478106000119
31056586000130
00566196000186
68624824000176
07097641000236
08033253001730
03572854000564
13574594002059
14607551000122
09043469000182
03620365000107
20102409000126
53101200000105
08944484000210
05383836000136
05662584000184
02059827000104
05083150000120
05832354000116
01353637000124
13151460000162
10487244000102
07817836000122
23498195000147
97523255000170
13042465000238
05440733000403
02660104000158
09248447000159
04708882000103
11480655000120
08955479000121
49605371000196
19923071000194
18780276000103
22063486000140
21254123000390
01073658000196
54895669000118
11118645000140
05283128000123
18775253000100
27758601000114
00218987000115
27400279000157
04987221000156
01100563000114
02634926000598
05970514000193
05907707000108
21628724000235
10681356000191
32182646000123
15572208000152
12551059000157
02731405000125
12917399000159
09517649000159
07224927000154
10371690000572
05016116000132
47427653011907
27946177000131
00813306000167
07900264000140
17580104000115
12355282000129
08764543000197
17819733000155
04156708000197
90498908000160
04407258000168
09460839000187
20754665000106
07546317000177
04040302000144
09253381000195
05635452000163
12919414000106
03278604000192
11114284012501
33050816000189
37632338000176
07575651002100
13197631000194
02909646000111
05791992000136
07649644000235
12760717000110
15080045000190
19257642000107
03106334000132
21975495000144
04495336000123
06053329000105
02830056000107
92665611024866
09307232000161
21449215000164
24693432000193
37539459000178
06865483000173
04804211000138
12472332000158
02479591000157
18787141000161
07115094000193
83240333001430
10378852000170
11374233000170
78136025000104
02433757000102
92664028000141
02743218004744
04225168000156
12485910000271
45694437001506
21917817000107
00814451000162
60992146000192
13647703000158
08165155000190
12380416000161
02314041001583
31344474000184
27184935000121
00905760000490
09560059000109
95816963000417
10799429000144
02347288000109
21182022000190
71372767000190
02658894000137
04488390000141
09025805000164
05291157000137
81513780000256
03658692000158
13059317000145
81750978000172
01569045000144
60889755000110
17341115000142
09376888000136
13991899000101
02309786000159
04804866000106
80227796004812
17079182000130
31210180002707
24692236000102
17903664000163
20247258000102
09544884000110
06188936000174
07003407000111
08746932000270
30127559000148
02649430000164
03620607000162
06156757000155
11085342000178
08939053000184
06611446000139
23393408000176
07180500000100
61412110060999
01501284000162
92780808000157
08872024000142
82044819000115
77784189000185
02887694000156
79228193000192
18825429000183
07346286000100
18416410000183
08853090000175
96704028000260
01339721000940
61728242000190
04139876000174
20727607000185
19912785000105
07450584000146
02911962000128
02979884000101
20663115000173
08813193000101
18709157000156
03790019000258
31107261000139
25995295000104
07051375000120
04083061000110
11512009000106
06569768000167
05694301000186
72839145000191
00867173000101
05532356000190
34151100004470
20167689000150
07063962000139
63921696000109
32877961000256
63774806000157
93443323000130
02629459000184
23267537000118
23632003000143
01727491000130
06068426000163
15294102000134
00999967000129
32511784000109
07976147004310
25149750000150
06198540000108
42032128000187
05926528000100
31540289000165
27733447000126
04351230000156
19224096000108
87397865001436
01691952000404
28509941000174
64466642000163
04140311000107
10535041000136
03863961000207
14227918000182
00796209000375
21365551000129
00087391000123
11103340000164
11976627000107
12548160000159
41378159000121
05440822000107
07075163000182
91010082000291
07571746002652
21479327000249
00314550000347
16924669000100
31734276000127
07646685000197
32219180000193
54077847000101
00482998000108
31950371000168
04920868000160
06172767000184
12986072000139
08861623000160
09260723000102
07893608000131
16740100000194
11177792000190
05137854000138
00403785000143
11071513000100
13183053000137
14111401000123
12884736000159
13450151000193
04353272000550
58443458000103
08818331000145
02589045000179
03504493000195
23113812000149
03244231000139
10256122000105
05378234000190
67258038000130
07992142000202
31132715000121
20747542000130
06989549000137
00880498000124
18017807000100
13341948000152
28096097000105
06034782000166
01782812000107
04899316009689
01739869000115
16564133000120
04027235000390
91525790000770
19424019000193
09547489000190
15746214000189
33014556056736
10213890000173
06066242000164
33014556119673
04826258000100
01321096000152
07294460000119
10743715000198
09351250000140
45057031000117
34668772000118
03845717002761
11051243000175
25309080000192
00958530000147
89492540000143
14633246000105
08284560000127
13732414000157
04519669000145
05539627000139
02636350000174
12985833000138
96778436000185
05864190000109
00451738000175
05924777000166
01870491000194
07178793000182
18921343000154
05560974000143
06003116000160
06907675000103
05789815000115
33921735000107
22545180000120
28952354000155
12269109000108
03497842000199
15288613000143
67391318000111
00424656000131
17616272000113
11974416000399
07217926000182
24363710000144
33014556063350
10319375001578
03135332000171
37577046000188
27521675000132
14781785000191
21786800000150
10604357000132
15103383000109
09428085000188
07240641003269
17291374000106
07119017000101
72261431000112
00087213000100
79535910000129
23736487000170
01644731000647
39385059000180
05472809000130
26769796000135
06991970000182
04082643000344
03199860000194
13506284000134
83754234003177
33014556088182
12394564000135
63411623002110
83646604001290
19522788000124
04012458000111
07749229000172
07884775000116
05456489000124
75400218002690
79086419000168
10982687000161
16690530000149
26524698000138
18250924000101
10554596000125
14674334000155
94296175008388
07476815000190
05317321000138
23338155001371
04766950000182
11234470000136
46694964000188
16898718000187
18829085000180
32915969000189
83240333001278
93751501000190
04043763000170
06185712000109
26235260000130
19157138000127
02474777000385
03096641000260
00112227000129
60537263077380
08580380000192
03555892000185
37391869000114
05265190000192
11072571000158
15819164000112
40840803000179
60933983000140
38488599000127
04267014000127
03157270000107
06149043000110
07819947000178
04434358000183
08628314000145
09640179000116
14739149000100
03800028000100
14310170000934
10288399000101
30789169000133
04946481000183
11186284000179
08678194000190
21450237000144
00579339000194
08909770000163
10243326000101
04515273000120
06879244000172
04976718000845
63568984000121
44404937000106
19112404000103
29764144000104
02426170000168
09205108000195
00872765000111
22015580000123
11634975000198
09546269000142
36222735000107
04478999000130
19334598000183
04604925000100
07681249000159
08964273000168
87974812000116
68199611000144
11020032000175
22577404000185
41550112000446
66274747000146
11480840000115
04411523000181
01070186000118
07397694000191
91125120000170
34758797000102
08382476000146
02233406002517
84624923000104
47508411169142
13373156000160
07455471000133
16904664000115
73938144000167
12939269000117
04655959000116
37365814000130
85181709000193
12862012000104
58890252000466
12501050000131
38579710000190
89674188000167
13311521000101
08545911000106
33632399000182
31746639000144
91259168000171
