13120369000180
21687935000168
12092207000112
61585865147764
04650892000127
84753169000102
03466748000172
79939393000153
09404293000147
78943586000115
74131202000109
04640263000116
15742278000101
11254433000190
12840969000150
01193810000506
07461912000100
25277705000181
22135112000192
95791976000136
20510377000106
01721415000117
14667331000194
06049499000108
05032150000109
37460888000236
05096340000181
82527300000198
02914496000134
08471857000100
04522568000123
07217583000156
27058079000168
11523004000170
07945781000136
02556344000107
03854774000178
09259436000174
01858038000162
19252583000176
45517083000200
08720940000167
04236948000100
31690779000148
00100374002637
11999558000149
58063686000140
21588520000137
14750246000195
76867274000144
11225149000195
09302926000106
02866424000169
30519772000103
62400536000151
26931123000130
04200445000176
17392519000165
08228214000121
92572767000103
04155804000110
18280882000151
97059174000161
05671648000103
27907991000147
11918451000129
50052117000197
17150180000190
20288166000162
02324095000124
39346861003934
13138369000107
10145220000167
24721508000147
26456011000174
17338282000134
13930181000105
17940066000164
20886453000174
12002552000118
09544181000191
14183347000121
03205983000190
14744645000143
15813591000193
10882783000138
05228957000103
00968806000178
71309801000181
17593974000129
10458449000151
61377933000197
75659573000120
37123940000188
03972537000101
91402016000186
20378991000158
13850968000159
11750290000107
07684449000165
06151921000131
09217138000111
86472289000167
03139910001381
10586483000101
13400246000100
11113454000195
11871081000111
04264393000100
08783743000430
26559974000101
28372563000120
48541510001336
10991133000120
13485442000117
24715874000193
04308951000183
05350822000116
86953841000139
14358030000189
15467293000199
42219113000122
83837138000177
00106459000174
02544725000176
10743207000100
17006537000161
05297511000211
03928511000166
88153119001460
43283811012751
14465605000162
09234924000470
05850370000131
05519322000165
76852045000156
04798554000137
08631705000119
10172571000167
35088657000137
11373464000160
50661040000152
00522639000137
04075963000105
72611312000142
08800806000176
13151920000233
11844291000110
26650341000104
58566217000143
08095315000171
81894297000501
32932063000172
13004212000199
14980688000128
93914281000179
11033680000166
20841771000119
02577095000136
53963443001620
09569200000134
92953629000174
05787073000199
69441103000193
16605598000425
06118120000174
03875866000134
21378094000107
02086950000106
00066716001082
10245335000123
27933761000152
03642984000100
13151920000152
14407597000106
07571746004272
12253012000107
14070900000110
11063366000126
04270077000132
10176414000120
04702089000199
24488052000117
11346856000130
00306597001098
19955560000128
29917796000123
08471511001094
34487736000158
05232926000126
79065181001409
07851743000114
08956586000174
13016437000165
18064748000113
03485146000162
12024024000160
11464307000160
40386625000158
10587606000633
12939715000193
22259760000150
04163766001624
03319238000172
24648115000155
21109757000198
07102188000128
06965102000128
32857609000178
19849768000162
03974406000163
80287626000160
18123345000106
27075753001194
06047066000113
09367876000145
07860026000159
40841728006282
69701712000134
07823457000145
18629080000104
11142575000165
00617340000166
02203042000155
68656545000194
90907866000173
08529008000232
09527492000142
64439292000146
68759851000156
11711990000192
00133103000120
27459758000149
04064768000180
18338611000100
12679571000183
01839284000177
31219897000172
04681023000160
09400244000136
01257613000171
55347520000167
18624186000115
60829264000346
72222136000157
89237911008044
15039802000182
07660307000168
06887668001150
09305370000101
01952286000330
39516760000191
11433910000184
91688234000129
20530186000106
17990747000218
01915922000191
11147132000167
70974902000104
07687908000164
71102370000188
04875423000106
04984520000218
03564748000105
10983653000191
00974454000244
11178947000103
04957343000108
24728727000158
02899073000192
47508411249502
15529825000418
09287522000190
00596111000102
07697093000102
09009203000113
12546269000157
18697335000176
15655848000126
94780723000102
19198529000190
17201035000191
09967852005196
04909103000200
33014556055764
03426712000165
17355491000196
15630626000159
21981287000158
11090332000120
19275213000154
14560235000142
09100833000107
17361190000175
07403954000194
06081997000138
63445530000163
05296834000100
04468985000135
08260911000160
18551855000176
33725037000136
42591651104941
61778411000105
14262875000176
23077813000185
05351266000283
08990010000123
09558330000414
03476047000114
04711846000190
12426337000144
11322676000118
95425369001710
07786060000120
56927163000926
07170943006576
39346861030664
01917233000116
05686312000114
02307329000125
10293554000188
03590418001409
07673415000175
44456515000176
07126336000144
20624293000195
10691991000150
00419461000101
22930854000100
02602397000117
08197731001748
08290160000124
03207625000117
24299933000190
45543915028868
04804979000101
05893011000161
13569064001393
15012209000142
07564237000144
06150559000184
20926117000108
47508411123312
03268215000186
01928075000876
05560838000153
17704455000190
28361828000194
02037818000104
15715366000114
13838815000196
93209765011747
34631213000133
01475668000158
03243720000176
15199679000167
02806363000225
06915533000180
00782082000173
10348318000898
55718175000120
07465265000104
01629395000159
81445637000193
83054395001457
02558157036353
00752686000177
18792314000130
77124196000150
01433463000100
82134214000115
04942938000181
01880044000116
15823232000117
17261661003270
21589394000135
06048637000134
00073761000254
94557139000184
07191013000134
11277046000179
94516671000153
10233937000160
08741571000199
02589936000125
09312665000105
12824382000157
06152620000122
18213279000157
00415193000141
83397315000141
23523384000203
18457400000196
18643802000185
07580204000198
15783249000279
05971482000140
08973129000198
04420115000196
04989451000154
01928075002496
95823779000151
00656619000159
05502655000181
18532913000114
29025763000179
03546660000160
07098450000108
24204596000100
01836781000111
07900147000187
03104630000102
04603452000119
49638786000166
97521921000131
26923102000172
02055441000205
04852283000150
18939791000185
84933597000117
05861160000149
00772464000116
05469291000185
14239985000117
24182371000108
05100976000150
23907945000197
31577475000179
06031528000104
03814402000118
39245022000157
09143364000103
08297539000166
08666269000113
63004030005155
22400395000152
17032716000173
00572574000134
09200562000153
01064679000145
15283756000162
06969031000131
95424230000194
03196693000128
01561647000155
26910984000131
15866122000132
14492161000154
08993481000357
18669983000119
92016757004936
12837848000159
88335369000104
07205163000150
08401292000186
08197983000100
07236866000145
14781301000104
01438784002140
14018386000173
33014556052315
24287860000116
13050584000151
03856643000120
20363423000183
82622929000389
04453328000114
19540620000141
13268308000164
11837469000104
06295669000134
00155050000148
61066429000176
09296295011102
37527686000183
41597303000897
04258766000121
50456136000189
04562879000116
09245569000868
14553234000413
03854855000178
07861367000149
02064095000132
08342361000128
05482913000105
23350723000116
11957059000199
01622379000134
83928622000101
74144858000166
20431439000186
02920762000131
81571010000189
14842763000194
02117229000136
05069890000101
63771398000180
04523350000193
93489243002321
00111726000100
26878491000161
00289864000175
11129810000169
00412451000136
04987086000149
05693259000260
10235624000141
05855883000135
07213395000150
08244219000148
06948769000384
17115342000150
33827487000130
15111959000171
27811674000122
05387632000505
00170212000117
09017687000142
09363531000113
19421251000178
00953516000150
05231791000184
06279925000108
08610798000103
17026215000184
06123135000120
35754134000182
01697576000112
15393615000100
00400728000100
04784935000167
07111855000139
00522684000191
02009165000150
08881961000164
86465275000116
02472493000198
11500793000124
17128045000149
07586366000133
04735992000156
13939119000176
02880763000108
02687936000168
11783647000153
75646711000137
10842251000177
03837458000350
08931700000101
09121961000129
56131857000103
33041260029499
14631331000134
14199784000133
20159778000155
12186478000137
01614819000101
03800382000126
01757291000120
13038084000102
01590163000134
13085476000386
83715235000197
21274986000168
73475220000145
14017058000152
01030685000181
02598951000130
06928122000129
12363756000184
19781349000136
02444351000117
00238023000139
11169177000132
18483226000156
09097727000375
66100538000186
06194003000190
11811254000106
32340275000160
22802420000124
11285577000103
66268582000108
02819294000294
02164905000122
23088251000175
83273029000174
10933060000110
11600541002382
03304285000142
11690850000185
05145195000181
23529720000225
27605224000183
61585865114599
15623830000142
16492536000101
15264270000187
00939913000178
01963040001092
80657612000514
07186515000177
41001645000126
84055219000188
03107202000630
11858416000161
13714515000103
09359172000120
11666517000130
07445775000110
04885495000134
05626380000198
34028316826109
14473720000189
19433026000232
16700446000169
03060239000226
10697589000182
04425417000157
07070684000228
62711312000160
14598983000114
21160038000100
15675356000100
11346085000180
00584824000156
16606544000131
93927382000184
11687769000146
12374125000160
21627305000106
23528778000173
20532776000160
45543915005817
36936805000199
14733226000106
04261728000128
26699648000191
07297753000150
08455457000100
04779515000192
41550112001507
68273747000157
01350086000145
88874011000141
08234898000174
37587862000172
10289868000107
01039009000179
04526954000193
04773696000140
22149488000156
04154414000126
03287264000166
10392384000199
11651463000130
28670958001180
07163053000172
10948651000757
05992789000128
03199648000127
78111887000182
11658088000150
65897910000750
09597168000109
10734326000104
12340576000187
32424590000176
10985664000100
04007850000172
01721270000154
06057223006293
10601388000130
06141682000139
09468818000108
11608924000191
14193750000131
19354220000141
94553419000114
04396599000185
12735510000196
06979440000119
05545998000123
15002366000177
21102382000134
23720808000653
19498871000105
05868574001333
02864866000176
61585865103635
12670160000127
04156277000169
05742270000434
11867754000160
11525035000160
12321068000151
31006380000103
04919881000108
15430898000105
12063393000161
06929675000104
03301889000135
10342094000130
09454326000163
05388199000190
01740286000104
49594898000162
68682681000159
00529973000112
21361582000101
05102374000212
03922285000106
04628246000163
10685423000146
57935462000118
02170889000180
05465033000120
23238118000158
74647736000192
83240333001510
75274423001502
00161576000300
72462187000156
16779094000189
11696294000316
01759253000106
20239540000130
00814993000135
01287470000140
02754502000133
04210398000141
06264826000144
05327855000145
16538970000185
12072309000176
61585865035028
03879760000885
05199619000190
30569370000105
06969645000113
08487226000170
10805211000155
88506878000144
85093862000169
05675981000190
13450250000175
02282153000102
43827518000106
39346861025660
05824981000105
03688284000149
04196026000108
19507906000125
04565579000190
00931396000352
87397865000464
22546386000255
01662465000170
13612767000113
12300852000183
09419392000283
37144821000101
07053560000153
11419327000119
29121917000126
90559386000169
12210538000100
24639420000180
05401802000127
16273393000147
11267723000178
62420575000110
12037171000174
04052501000172
05529053000118
01501665000222
25921131000132
07473735007275
11333230000199
44581452000180
05453624000188
11194176000148
03552769000100
07539961000118
13622455000190
30474126000169
93010080000147
13501187001201
63833180000102
19708702000152
04112118008228
07915788000105
07295756000154
08527224000168
02305246000105
76842285000331
05386790000290
14923321000172
80779259000383
00337010000540
08422274000180
82332735000500
10827382000185
03707199000180
04737971000170
02342643000149
30556559000163
17358392000168
15428590000125
55018741000191
22125221000129
04103305000503
02000066000107
01800510000106
01492748000383
95053948000111
01494243000196
33803917000183
04703553000161
17908022000157
02163753000143
19225260000193
21752738000509
05566481000110
05075243000102
05009608000109
13316234000194
24961245000143
17355455000122
16849652000135
90146762000193
65513848000160
23263309000170
17171430000179
13203545000147
02861643000155
16233389006862
29032414000184
53665162000105
01824106000172
68850676000108
08173194000139
02208423000127
09157928000159
47508411242249
22985843000127
08428765000481
07080404000181
16974810000189
02389772000192
12263959000107
19541601000130
00066830000111
12142455000120
33725029000190
10516781000125
09083174000130
10525239000139
01518313000107
05283367000183
05371030000128
07228698000146
06316783000101
88903836000147
04141778000333
10476258000112
05120413000123
04224679000153
56499635000130
06057223006374
13569064000664
03319178000198
09097258000122
03318703000150
10984120000205
76771385000233
04683328000100
04748880000130
61585865040102
13707429000165
43531128000194
02072286000650
24289215000132
76176650000154
05392281000199
11741873000171
08014907000111
04148260000160
15517360000132
11891718000131
40796146000100
18443749000179
00773914000195
08753681000170
06989566000174
03842333001209
10543471000108
02852395000186
05145653000182
27477959000179
00183479000149
04184969000110
02558201000215
01545828011807
00531074000154
02908778000129
14395291000179
01519348000152
32551181000130
18169832000100
01488892000184
17244717000181
72312101000109
05497400000178
05235144000140
12434413000163
10238272000188
30956579000121
05583903000166
01673962000174
20793376000108
04694183000143
06706469000127
83104562000102
44771780000149
75100172000136
04540764000120
00370197000908
44427979000154
14166317000107
08663597000166
70066527000102
01735849000176
77853083000196
46211256000149
02326830000139
29705985000132
04197410000125
12119872000152
12255159000136
04572206000147
10321913000163
15194820000139
93082170000305
94881224000101
01036265000102
96662168014515
07042350000160
07757511000282
04826085000112
24305333000197
11850121000149
05424269000119
12664239000145
18825694000161
73121626000120
07473735005302
06307036000107
17120206000158
29953055000106
01399207000143
01889389000130
83488882003129
02297218000185
00549028000182
06787610000163
07805424000172
14627997000119
34806240000108
01655778000525
84617653000104
34177001000128
05749781000135
07327904000175
88896808000140
03662454000116
09360714000185
06211266000160
01964265000172
04675820000215
17433150000191
32500977002965
43158302000600
08386898000190
04887419000834
13632887000182
07947646000120
23251239000130
09205537000162
07386415000275
01172086000100
09078864000109
23338155001452
15417904000194
25251529000109
22354361000179
05543596000351
21899859000154
73740748000102
64359219000164
33438250027367
32903767000389
14188923000123
07393342000168
11430412000188
02151215000139
12974834000187
97553088000100
06098465000103
02482866000101
13712435000291
72400401000140
10811413000100
19539530000130
78698792000107
23884984000116
05896549000120
00306597006057
75896464000127
83754234003258
04340316000183
11663122000184
19314860000128
12225107000117
74575986000164
07201916000825
11303813000177
39346861044614
13769878000138
01732630000113
42331363000150
02498066000340
11292448000142
12619146000107
17934847000146
34719625000120
07954477000155
14497956000155
11095858000101
24686149000134
08623601000162
61585865058907
00185175000110
05494263000118
00521814000171
11114284006013
09461647000195
25127271000133
05759037000111
61330536000160
11438423000104
17141245000131
04537778000195
04743602000190
04273067000150
01243976000239
05485643000196
04193302000184
88637194000181
04181021000101
09226001000204
04380588000298
21118267000158
05162079000332
54389200000107
18737271000190
04952049000103
10450645000180
00212388000194
22669344000120
04908681000141
05289054000132
04941438000125
52911674000141
04167407000169
10214657000296
05955008000125
87437448000155
44289478000159
07925414000170
10976424000301
04198401000159
10238141000109
61585865040455
10317613000100
17212995000157
01579223000118
05993432000164
00171168000160
24257295000144
06204458000149
75717421000137
24893519000104
15375991001489
22562981000101
07934715000160
06116956000130
14147697000132
02173224000988
02598570000150
15781268000185
15839921000110
01035344000107
14200272000140
00557092000105
02736376000194
05413311000104
14637711000186
20378209000109
62270186000822
52139334000144
63532808000130
21432535000101
01699009000103
14258297000102
01696819000360
20797490000106
12441132000138
13109041000162
06887189000162
05526480000142
06563345000130
29298312000105
02541355000113
73721003000198
63502033000150
18531124000169
00559798000106
12951913000172
13250004000170
02555711000158
04185877002360
10230956000133
83817858005059
58061920000108
06208850000166
38061057000173
15341275000166
92664028002608
04565289000228
02266811000164
18256174000185
00145915000276
00942214000187
07464800000102
03584471000182
04200023000109
03354489000198
14334172000106
09046393000300
70238910000192
02905110084801
10880986000195
25238095000107
07201916000582
58010257000104
64232416000118
07366945000170
15699785000100
04842563000692
08903904000139
02549408000142
83454553000141
14824354000165
78591039001190
83240333005001
15307269000192
21550056000190
61172060000186
03495290000180
05090332000128
01500667000116
20622569000104
00899984000194
13850516000843
84328129000113
29333887000111
61585865079580
13985651000120
10177336000188
52906716000156
15661990000186
09649907000150
03438380000139
17080420000128
06314206000172
07763880000105
07733200000100
20301879000119
06276095000157
10948651005040
00087112000121
86885084000103
07464414000200
05678993000179
04136094000181
10461261000162
15772110000149
24699093000152
27447206000110
05749654000136
24196714000185
09196700000178
07240450000281
11907997000184
04511018000109
13081064000106
12868867000142
24732706000106
76553361000127
15390439000145
00562866000196
05455294000160
97422620002102
05598813000149
38028478000100
70365085000197
07845133000108
65369662000189
92711043000101
18608255000105
23213184000173
24551253000111
70094628000189
19986561000130
03263922000180
09124395000109
35737899000104
31516941000106
07173854000119
18856424000118
41547944000160
05240229000117
04395453000115
15327760000185
13706930000107
02903394000113
09286026000112
32466815000157
07661688000108
17560683000134
07662016000109
25250737000193
63435853000176
08739154000101
10746558000174
17256512013013
55845366000153
14133686000101
14655369000147
02910745000113
03565316000119
14124286000121
27888039000143
24772385000173
01991461001884
30034516000118
40412215000215
02896485000179
12996756000111
42101436000206
17079037000150
16233389008210
07356644000166
01076402000132
65298747000113
02454285000166
11550036000165
17770751000190
17568682000136
05396869000110
05130175000137
21670161000162
07547313000103
28208353000109
09460889000164
04316977000173
06040146000147
73718702000189
09989708000191
05759749000130
03645510000104
18554934000130
13086042000139
20264656000129
07030530000121
04744409000173
70098470000620
08312389000112
69164085000140
10772503000139
63279640000100
32220356000127
00788240000100
05577905000142
04488570000123
09626568000197
10522930000169
20627659000180
59101105000180
07720178000156
06163046000108
07017368000101
21345071000104
08804744000170
11339570000127
05818601000120
02006769000142
02705744000137
31347865000152
07679261000129
10457719000100
25345569000110
27171883000310
03405784000126
07680701000168
16599607000170
18997918000112
14132979000166
03158244000195
09570284000126
07299229000118
61099834071101
06043011000135
06281941000127
21611754000239
00589066000169
36962967000100
31692478000153
03473323000190
11805676000179
12974298000110
15335622000148
83646984008275
89848543022570
02944516000110
33014556036387
07719099000206
03613373000126
04963673000106
22177410000145
05430734000124
07705055000146
04197529000106
17256512011150
04376870000110
01022320000105
13040976000130
18976811000279
14486153001410
11642408000183
66873472000167
11682539000194
23718725000115
10611493000150
10663564000168
05240298000120
05648210000104
14732949000190
07619071000116
15143321000112
22526943000195
17761829000100
06346414000153
72596745000176
28367007000165
01280253000129
67292037000101
04059113000113
01880618000237
05569367000144
01779076000120
86987443000133
76517747000183
25390210000164
22199419000157
05515577000400
18125044000103
04554486000837
16189813000535
00327248000161
18784540000179
17112268000118
02029252000179
08689261000415
19384058000104
23168659000157
07275571000340
01912250000241
76352699000110
08072308000235
01158080000170
31983513000193
03369516000104
53906095000173
17087000000173
17687791000172
20500429000155
00055778000106
24009615000147
11807014000138
13295084000180
97543281000160
42225938005704
00894625000225
11004068000165
31016231000117
02952631000136
20212101000133
05752542000134
31043284000127
04421739000128
01858543000107
07910588000160
10629124000275
05506560000136
03861916000124
12395246000199
00239224000150
07656319000119
19526013000127
21247831000132
02399988000139
04910035000119
12291915000182
07765024000180
32860231000595
00754526000167
06201122000122
97435168000161
13118059000120
44106466000141
10171520000110
52354222000106
36966950000112
01129358000181
08903109000140
29441987000161
04686716000145
61412110041188
17328860000151
08282228000123
15973258000656
12424624000115
93015006001942
07536604000104
22347597000188
03034732000190
00836942000104
17414920000159
23378575000148
12972522000134
12395717000169
90354325000165
07121160000138
76539642000125
47508411019175
13512593000117
03011770000128
83736876000128
10704623000107
06059724000197
07504408000140
24578534000168
17027398000152
14294222000179
23760800000106
27328960000212
14953368000189
55624068000133
28031992000133
01032783000158
04276409000196
06135595000179
09198002000101
03439316004836
03108311000167
05374725000163
14355691000150
15673592000180
08066243000134
35877943000181
17862606000139
04625405000176
07821133000178
07646976000185
06556064000150
02376195000102
05366782000109
02989125000111
01121035000141
04648205000210
21659000000178
11805967000167
19384699000169
07006369000150
00783717000157
04231744000259
06317980000137
36180305000170
05615751000136
53963443000659
03985727000163
11345104000154
04014423000111
01375528000108
04387155000264
04793699000145
14673663000181
25686999000103
12213803000103
11239649000186
03315494000191
33020413000197
03610763000142
20481296000117
08503555001210
06814492000135
26841988000105
25369828000223
27014752000168
09518035000191
60557162000157
03387923000136
07202427000200
35040799000124
18092870000101
03810257000105
64620677000105
01016616000385
12901302000110
36475283000175
74554635000177
05926196000163
44842284000139
04930781000174
80578750000184
02283591000187
08827104000186
10762322000121
01533212000105
23153943000150
17296622000101
01807473000168
33014556025776
37982105000101
26482443000150
03598657000190
17636586000188
45007937003223
18788380000306
02171334000820
02318280000106
11093653000189
10212250000220
10238042001433
05045222000144
29805875000142
04730810000154
76486810000161
19154632000138
13240111000117
61585865125361
59225904000168
11950030000185
10420325000187
09048239000106
07682120000165
03063350000195
03805782000124
97085229000108
10507746000140
34650655000127
14170180000164
31630122000195
02864127000184
12822449000114
09474144000154
07869626000188
57654386000172
15043138000145
11824820000114
03979385000179
07083407000179
09539109000419
13153068000152
11428904000139
13966021000108
61149506000909
07625143000138
03408848000142
04590952000163
17192333000162
00718778000130
03845717001102
04072527000182
05327391000177
00057359000286
04559904000102
19605086000104
20040230000191
19054011000182
09646645000170
25815259000111
03064950000178
01264342001072
04332082000122
15464968000146
02585009000137
11462765000240
05749331000142
05230009001699
05435048000146
08408505000100
14037741000151
11584897000164
40558355000115
09386576000103
12394391000155
24794448000192
23124016000101
13257919000298
09093187000190
97533399000108
02715145000102
34119792000130
07427692000106
08328395000168
12744359000152
04483246000112
11869610000142
20261123000193
88636386000173
18556692000114
06202555000100
12486809000235
00932542000100
02531128000298
36368645000129
13561422000188
22192143000185
14317997000112
08850034000268
00867129000100
10932740000110
06068286000123
04180695000191
16203788000173
03995005000190
05997822000102
17986955000162
13423081000184
55953582000112
05630048000105
20456671000179
02680476000227
02445490000165
07119683000140
18602182000136
06051332000181
02716184000116
04918982000156
12448421000169
92189588000191
18956270000136
04862925000100
05567539000221
10639143000100
35123447001295
01939442000160
12246531000571
02135559000154
10705248000705
05231166000132
03613889000170
07575725000157
24404998000310
06050724000126
02164369000165
24285017000109
07543502000108
02693676000133
07503589000190
21770011000201
10611138000180
39346861029909
33438250032441
24894827000154
60182987000134
00148047000105
70148929000148
11638925000189
05482878000124
02541189000155
90989500000190
17836461000363
44661072000155
35159532000150
01629847000100
06975691000125
05526577000155
31022844000167
16958186000126
37662137000111
28551018000109
24626549000154
05692415000197
05756194000173
03176117000119
15547238000109
68997642000140
09143905000195
18775977000146
22206143000197
01279808000112
00216155000160
04086477000192
15292160000129
14637639000197
34802454000106
94116142000162
06023343000158
73379158000198
14944551000118
12222471000123
02641888000177
11814920000160
17276976000194
15538597000108
21272028000158
07987265000174
07684601000100
00604012000125
42866905000199
02107803000680
00780420000138
00066716001163
00508177000101
96787858000117
35820448001965
03891174000180
27935499000266
16581308000108
08924757000183
33066507000105
06121795000172
05428196000133
05735958000225
11023198000145
96395629000157
47508411030578
08779773000120
17047030000156
11623920000263
19663427000106
13103764000154
06073995000105
07637198000168
06042123000171
66830811000128
21303193000120
69984946000136
07621483000190
18616731000121
33014556111001
