18103176000215
05890399000147
07158202000105
00701881000178
17970845000102
89720247000196
15175540000183
03038674000173
09287706000150
15818255000133
08469435000191
13238080000160
12939728000162
09432086000104
30094114010686
04442991000385
07476791000170
86954278000113
12263652000106
61365284004010
22763502002150
08229169000120
55323158000194
03089652000132
13682759000224
12656966000160
09653113000241
11726521000147
33621137000112
87799953000301
18644291000116
00291784000154
14363540000144
07709614000196
06015595000135
02576533000141
03233824000108
20865193000150
10967993000129
06375056000107
03777341002703
43686799000124
12183300000132
01107338000100
03458001000172
36305837000358
37458205000125
09532133000183
53270385000173
06255956000110
20893861000153
05401121000169
13792674000118
08929001000127
11616568000158
12763081000160
63362024000100
00096068000205
18544048000126
01604040000105
08889696000160
04360218000108
76189406002927
03246207000139
58246059000144
13689682000486
95409538000160
23634948000102
24969537000122
12457668003400
08113874000167
12755732000170
22009863000162
12036019000177
62678289000150
48559124000138
63861280000142
78589405000102
17538809000174
15688091000177
10548574000152
07844260000192
05999969000131
14492976000133
32982225000187
16236242000119
06877579000151
16465816000120
47508411085046
90909631000110
10999805000144
11369443000170
00489661000122
14235234000122
31137235000153
75470849000128
15063850000106
17191319000144
16731744000116
09090958000195
03277860000165
05599481000117
24946568000591
05331660000179
03875083000150
93790103000264
01715015000107
09091891000103
07571034000185
18680580000170
65953283000131
00937624000130
02444566000138
26444045000149
04967557000157
10434193000495
33014556093429
05239303000185
35605393000141
44471407000415
10882619000120
04149637002220
05214158000188
33875626000109
43339001000178
03660204000147
72348006000165
75616375000180
37588878000108
74023136000153
03937305000112
02370121000231
07610747000100
13669883000179
17253733000130
17689052000110
85300085000186
82120460000118
01183645000684
05443043000165
12975275000120
07396323000195
09505151000176
74047481000127
09624148000171
16514729000116
03161656000184
08044953000163
02496621000133
08998276000112
13450381000152
14620818000111
10365961000153
07228363000128
07844185000755
60849197000593
43283811012670
10671726000100
44836609000170
21926144000143
15322890000125
17785925000198
09362819000173
12693828000151
07575651003760
79964177000915
16174021000163
92546068000199
04551173000159
11759068000175
17176978000101
93209765017940
23606779000199
06211935000101
22011208000149
08412479000185
33383142000134
17860579000327
10519513000167
13416571000153
12783413000179
04580469000106
73852873000104
13594751002683
13442673000143
12612343000196
07724523000120
16967559000125
01206068000194
00477723000186
06271093010480
25027776000126
17027418001086
08939481000107
22235815000192
07254316000159
00534595000165
33153487000100
02815232000123
08678544000119
08936736000188
15293928000189
01214182000166
13418033000106
02426230000142
04111796000291
03398620000119
17452332000100
96835418000198
00000885000129
37559101000107
03283301000168
19274633000116
15682866000105
38073607000174
27938828000141
21382890000113
32982233000123
02232418000150
23694541000162
03418136000104
05214053001524
02380217000108
07208184000129
74664434000122
04780911000130
09354942000142
61585865162801
02327852000113
36536936000693
00095785000123
12752060000140
06018898000101
10246565000107
00589986000187
03492671000105
11901264000132
23688725000110
92696517000185
14384636000199
03783564000136
03093269000158
09580283000324
21106792000153
14117711000155
45603529000138
09269380000139
78203569000141
07551788000505
03337055000260
13130413000132
07096073000178
01759066000122
10311823000191
00600590000193
11115559000183
45987005014490
42453779000140
17060290000161
23879289000166
61149506004491
06626253023283
92576149000131
23151087000284
00103192000161
07352699000106
06102711000404
13010517000103
03752333000165
51010502000800
35009752000106
30123522000222
12050363000110
00110583000103
61084018002157
03492961000159
05868200000184
00080517000138
42413005000196
11454029000160
93489243000388
03856917000180
22629840000150
41225301000109
81728917000109
03769979000155
11828094000108
03920876000144
04823347000195
08836495000103
14783548000160
04475221000177
14643253000198
21550045000100
12325184000149
01890749000114
14742689000134
92984244000174
20450684000130
04612831000175
50970342000617
07738928000117
05679093000146
04571587000140
12540508000161
11211563000145
01346650000156
03657275000190
24030065000148
08080911000188
25368147000160
63639389000130
16747108000182
05092800000101
10824565000147
97369656000118
19131319000184
36780922000106
07290329000183
20359970000195
02354572000102
07689969000160
53192605000198
18926685000167
35590777000138
02122838000183
03443105000103
11468120000134
06133513000157
10272566000126
01774555000153
19406959000150
02880875000150
06969715000133
33014556021436
01807349000100
11877708000141
00257642000170
13102551000108
84747807000182
19922257000129
11383390000142
02397343000167
07767592000110
16886449000210
04163766000148
12215366000167
06243206000129
05509943000168
19543099000104
04761676000159
68756501000217
08702944000112
02835414000166
21010968000179
13137282000115
07529750000102
09392463000110
08992721000137
23581150000131
12185590000153
02791407000100
14794656000138
19771790000137
02526322000102
07396235000193
20698822000103
81031734000130
84582592000197
53643938000196
31770761000156
15364456000108
09089935000160
08053303000184
11361088000193
07220769000164
14360413000191
15131905000178
06846349000397
33029802000183
03476811076131
14334513000143
13686204000170
04628052000168
34456848000141
07488310000146
07696968000143
04728906000188
63864771000147
08824171001119
45802428000277
79798286000152
13039356000180
03809101000104
29781611000104
92759877000189
08777240000109
55856694000155
02892810000125
23338155000138
67445338000128
07341942000182
10944522000103
61365284013273
76517176000187
05648264000170
70434899000136
00487479000132
13444666000261
13845232000192
04838855000147
17136467000166
11902281000194
03394618000171
04895751000689
08986475000100
11594193000253
19979692000190
05750227000178
18857968000102
13579249000145
14900488000118
11502066000104
05608535000163
01624152000128
07306828000111
06989764000138
73963522000162
17304041000174
27733489000167
09087704000118
07287992000129
10757598000111
06340389000109
17273815000147
05665381000141
08068778000144
01399522000170
16382963000137
14046542000100
26173948000132
10479009000180
77036481000110
09291941000104
02343493000198
04938490000122
02986361000184
00345994000188
18071380000110
07565272000188
06230853000287
18108078000190
00707536000303
20616228000118
33729880000190
02933208000199
11458711000120
17640659000105
30670887000196
11225160000155
05772557000164
14058826000540
07892654000116
05576671000119
10491473000192
31772247000150
33438250013064
06191903000183
20281594000163
00541076000124
12259710000110
14780047000120
07501689000187
22284127000112
00856686000117
00299160000183
15792044000179
05230470000165
03194543000185
14703287000120
60986122000120
28030339000150
03230986000184
00720711000130
00719376000150
04562734000468
09194867000108
16728316000134
06035093000176
53668398000103
09131260000170
69986826000178
89848543018629
00303160000100
06186816000138
32224651000151
16739122000134
11288180000175
28213765000129
09120240000102
63356836000224
16854119000323
25299232000113
00431704000119
33014556020707
04945649000136
01182132000144
24564995000181
08199131000151
02379869000203
12747440000196
24493252000168
01864508000109
06172635000152
45669199000183
20294947000160
00212675000366
23762552000809
02012862004823
04048622000140
02558157026129
02331892000210
07182329000674
26750380000256
11509656000150
29600267000100
00418306000162
32907040000108
58826041000111
30015341000100
15556962000107
95274171000115
42050492000170
05590232000160
07009208000110
07780999000188
27593493000177
11061559000148
07140867000191
71292023000165
00473375000179
10344888000133
36369320000160
11539974000164
13157584000155
91793109000189
26663290000490
42979237000106
07217538000606
18085058000140
10465604000167
02726324000480
00239364000129
49051667000102
17814836000122
05200023000163
91869099000118
04688057000186
08959208000144
15504588000198
92790260000126
27871070000171
17924588000172
00070509003983
02259674000130
00114130000589
01480081000137
15084206000114
81517393000107
09223035000164
08451188000104
11501452000173
83590893000108
76862697000171
03772210000196
13360199000100
18360169000118
10945007000130
97526586000245
08509175000130
08508224000110
83854240000180
82500646000100
09293924000106
07548823000103
02103914000103
27255611000137
07765230000190
06312636000155
03008754000186
72548506000140
11409382000128
12257519000139
15942444000113
93708741000102
28946309000198
63864771001380
09636445000137
25080920000198
00595242000175
17313184000142
04292072000100
07781998000158
03991073000180
12322317000123
11517841005822
04827592000170
08386164000100
21593710000142
30282874000140
08818970000100
92470046000192
00764614000140
08936235000100
05705023000115
02953592000191
24180822000160
44066009000170
03940189000190
03918210000151
06947232000138
32639433000188
61585865027351
06221315000145
11425969000120
31462161000120
02080521000121
06140558000159
07150525000152
47508411117266
10688879000160
09228091000191
07739859000166
10834346000149
61506481010401
07599680000150
32903452000170
18188432000133
08197731000261
18768767000120
18986035000107
12993989000160
96636253000125
73008542000184
02184384000337
02633048000162
39250147000175
01563351000416
00263896000100
04647879000119
32951238000199
19244926000150
20302493000121
01888323000126
17148101000107
04264900000288
07338853000187
07835667000153
10221146000110
18522498000118
94930260000100
26235215000347
14622930000434
20209220000137
05997868000121
07855801000188
04673478000133
08458215000162
05397655000169
72671985000350
22842583000130
11679944000153
88553391000112
01131815000172
07505789000181
16747215000100
04339549000166
12093056000117
62443643000167
11639208000171
07248051000186
15317981000172
14320557000114
29685888000125
63759542000162
54735360000160
20752820000147
05766941000154
06142612000103
76470442000163
00041327001183
25631151000179
28473391000180
03438594000105
06915924000102
24977802000114
69607265000159
07547709000150
02404338000134
11114284008148
06626253071172
03898300000128
15469945000124
03447202000174
31839391000166
04014756000140
73321424000121
00883592000137
90403510000100
19830838000130
86531480000132
03442953000106
08718098000129
09647935000139
10663911000152
20104667000141
10362939000150
02320898000100
02046476000199
09168921000132
09559046000110
22618342000102
04418098000152
11458002000145
00756110000340
26418723000107
02289655000157
09296295010475
00607175000161
83646984000967
10212912000180
11188597000166
03107180000101
07724582000106
05982341000123
13781692000102
06013781000135
00287430000136
82905142000162
01163109000102
11506667000187
67672311000178
06318702000285
16099535000100
00075298000107
07483074000175
06190612000251
11596442004903
60627239000118
18585022000126
12447202000165
00008897000108
00761851000157
02056047000100
12002834000115
03878929000106
16736928000926
02673300000167
02741944000145
00374767000180
03577297000140
33797432000124
03348691000107
01132347000150
00067002000106
20647861000173
05295947000190
84450212000241
88587761000132
07420566000111
62087374000143
93209765030024
07787166000149
61347803000101
03782016000191
41185455001188
10176642000108
10462839000103
17249715000185
29032820000147
12416506000165
04180661000105
01081085000142
11683152000152
06215608000110
02386647000129
21944149000107
89480628000145
07617461000238
67954404000195
13958703000179
75385815000135
14459666000117
17166143000170
18036190000162
06887668000693
93276152000100
05488126000170
15598614000194
03514611000146
94265147000157
08289932000108
82803248000155
00486824000113
11446268000178
03810125000175
03894787000170
03620412000201
01157555001500
02762939000119
05633246000114
08177555000115
14101322000131
16863673000105
15264428000119
07909431000114
13574594017242
13530824000115
02450937000194
11144463000143
00782599000162
05288018000154
29609029000157
05858371000122
10735577000103
34895805000162
04280081000181
03730299000128
07683940000171
17102354000140
21145155000196
08466219000192
10929612000117
04852738000138
22478292000105
67945071071159
03177784000116
05144206000109
14412836000108
10359895000109
10540613000175
06229055000154
08051892000242
04831310000109
38526984000111
35492297000134
01469897000160
08325016000186
12236758000102
07144741000195
04162874000104
05414811000152
06346147000114
63585657000188
07542417000125
07165331000120
62076872000190
86492246000143
76703800000130
09001085000105
05081777000222
11252594000144
18477117000126
31905209000128
15217715000178
07337101000100
08764228000160
40950925000118
32123945000197
05135060000135
19566306000138
05230936000122
32500977002884
07558992000540
14690887000100
06171879000110
03163935000349
19142808000131
35728310000101
61234985008946
87305868000854
19215335000155
04256105000167
07174124000132
00209023000100
06275603000182
35963172000145
20043407000103
20815389000130
92243666000199
09387922000178
94479995000169
90001777000163
13657625000172
11502961000110
15080244000107
08038545001502
01474424000150
03648305000100
02586371000122
17000235000186
01540663000161
10973084000101
06293706000175
01017421000198
90958489000363
13884092000161
03723352000163
11700781000143
18318629000140
03915476000140
09328800000100
10234198000121
08463170000203
23781742000105
09618882000128
09236843000247
94170172000157
12580692000173
15217055000125
70053210000123
17159502000162
09339936000116
03086596000182
10444669000126
77245462000101
09657803000198
12931843000190
04216573000108
37239118000187
21976224000103
05875019000103
01618722000177
15704931000148
65026098000100
29391596000180
05999274000150
37487493000227
17248113000103
95596920001526
30357875000106
07445472000105
23797376001650
17763212000123
08144916000127
01047249000115
06157631000103
03063414000310
15269769000187
27569069000197
02099554000113
12874868000108
13210411000153
10330095000165
04354236000187
24982773000421
77718815000135
09584388000190
04585611000108
07973501000101
11570050000120
03090842000250
26698605000191
55831184000123
12644967000195
17644160000176
02692175000132
02596761000183
78320397000439
10235761000186
29357813000115
01143083000130
15395057000104
17335143000157
85025898000105
06313007000140
18224298000189
69329696000109
02752242000167
00220931000103
93549855000157
13292687000128
02327288000139
06102711000153
19036592000120
15581085000116
10266307000192
31943798000139
01190931000162
05756693000160
28330605000160
30838079000195
21181106000109
24700865000129
04936330000144
20737030000192
27959672000185
09343859000178
15743261000179
04014156000263
24111953000195
36185510000128
13293244000151
00696543000195
08336618000481
35291038000145
01625211000182
07473735009995
42064048000103
00597744000135
04020181000179
23209957000148
00704872000130
47508411111306
92017250000152
20752863000122
89050736000188
08487001000114
58520867000158
07448452000180
04302583000166
12162126000141
93734994000150
30544119000196
17419915000139
24735596000136
10617345000142
05133675000122
04603698000190
16986769000837
11127136000183
11830963000139
31813140000102
33014556002210
01034438000153
28905332000134
08067561000110
17081793000113
01485576000159
04511872000256
83261420001716
03277913000148
16756549000140
51156750000198
03223866000150
10736869000152
41132085000149
66029661000158
76029024000135
13080469000391
01352498000114
11353096000198
03766912000167
12852966000136
20816885000290
03743567000146
01415037000143
11087188000173
09437448000141
10298592000123
63004030004183
01329200000155
08729969000100
80171895000166
81190647000125
09523533000122
03135476000128
04735204000121
00337010000621
19979222000126
93209765010856
09382528000147
26218166000172
04679974000102
33381286002103
10776727000119
04462326000191
18241128000102
03043269000143
07708557000120
12748414000263
18804170000194
22539218000151
11423190000176
32864795002540
18606175000102
26147326000130
02660343000108
09423604000115
06289043000115
09181745000179
18426336000186
00754893000160
21033943000190
32642795000128
02611262000118
42435248000125
16670085001984
01581464000100
03488542000496
08925002000101
17517593000160
05067609000100
58174525000123
10378205000169
08541711000185
02444592000166
28820633000165
01484668000114
07490186000153
03381447000146
07808299000154
40606402000230
14809302000110
13730733000123
10264170000137
94234275000729
05029463000108
23778146000168
12279637000148
59356576000139
02975095000194
03107093000146
33547019000101
01966026000232
08476679000100
72908353002068
14309077000152
73933632000777
10623457000106
21011580000192
09676918000120
05032755000191
05978608000109
05428941000144
01857278000142
63301147000131
12807739000199
02325022000157
04040553000129
18942662000146
06302631000141
23314479000136
37019072000190
19962674000103
70072996000126
94760634000196
15626091000142
27935499000770
16579651000118
07718633000502
61585865094113
11725341000140
09494734000149
01199931000123
04769518000145
07651911000209
80976947000171
01682702000165
87020517000120
04171851000310
15574753000188
33014556005074
05879152000120
00670266000141
14018702000107
22408271000113
15512738000105
33267329000172
09435688000107
09353578000368
73706780000163
33014556054792
89848543022065
47427653009503
23890694000185
01454193000113
24030551000166
07269135000104
19314695000104
41472655000140
21636436000141
07305986000157
15479829000277
05090360000145
01706367000198
24556737000153
28200947000831
08742286000192
33014556004183
03870034000125
07345054000138
41232133000170
89342497000300
05307420000139
11626609000197
62011929000173
14669301000117
11923765000110
01618675000161
04808406000156
76189406002846
13375674000201
07651841000108
02055441000116
01275209000120
05895377000170
80517915000108
12561655000118
00290920000191
10535161000133
17493799000106
03737645000108
04519713000206
18756151000130
20382201000108
10415935000192
07434596000187
15638242000182
42092858000173
05967163000161
14288488000109
19655687000121
00143666000107
04581606000119
11372512000103
48278865000140
03311964000149
01054711000101
05952001000150
02699728000189
07366080000142
41046053000120
94673480000871
33452426000135
00008362000129
10348318001274
11177200000130
14366686000143
02496680000101
85142909000218
12866143000160
08519930000168
07327659000104
05984758000125
11477543000110
09238609000178
07135119000110
92178458000153
18644033000130
07921099000103
10228918000146
11138160000118
17610403000317
26551424000138
67627141000100
01083876000101
01769258000110
04286594000108
00819193000107
10394540000150
94598349000110
13378595000165
25023849000101
03428757000179
01768310000113
21348240000151
05741447000135
28021992000152
15406390000171
00122057000163
00455329000147
42021469000157
14842636000195
09392025000152
13353586000110
00310506000792
33787094002517
07696977000134
07277453000109
09441987000154
24889180000172
10768848000119
23395015000100
87104030000126
10788412000191
16434079000107
08665347000165
54558705000158
97422620008569
66553298000175
22815381000108
00100521000110
01523839000177
00285753001839
09389852000197
05641371000176
21387147000156
45992468000652
31487473000865
10963787000140
07527877000184
09283140000199
18844011000113
10516171000121
01984422000101
26594507000104
05467500000151
14515456000107
47345384000148
12207102000161
12942789000189
01156086000109
04500193000109
20645957000100
06262531000139
93620672000180
01206927000145
61412110034211
92379676000156
02941184000110
09617350000176
01894080000139
12184706000130
04854646000197
00106962000120
04714678000197
28138113000258
04873430000179
01857959000100
98102924006649
10503278000135
17163584000119
77884559000822
01976860003577
08583459000177
04501416000144
06045968000110
12223934000171
05007216000100
01687150000188
11748132000112
01537368000156
05481013000143
19614487000120
15386594000198
11480029000134
12980952000106
87771044000101
03325244000132
08342821000118
08274385000197
29618177000138
66353947000194
13193835000157
03134742000106
19688635000151
09358797000178
03004647000180
14742813000161
07220507000108
11524109000144
07324486000162
02642132000142
03581809000142
01705269000136
04934971000160
48296263000116
02273296000140
78653946000730
10996148000181
02965641000106
85297943000180
06118639000152
07145985000192
03462986000100
05119062000130
71708945000100
04638828000120
38499752000111
24906485000145
29986296000143
17659807000133
12377191000194
07571746000447
03944959000173
03279467000100
00800978000138
03058196000163
05111495000140
15293871000118
87558037001513
06970713000164
15226890000121
19502539000177
23110156000120
05608739000102
19047735000107
17218528000134
61412110067497
00661986000140
28789584000498
83382945000142
19493418000106
08722710000137
02449992005638
05364211000127
24829441000169
33014556014065
02238906000174
02395262000128
35931559000110
05768535000120
09585708000126
13984705000213
36413607000140
38814158000178
02984357000187
18865306000176
03367856000198
07778216000121
04184010000185
22016053000133
08844748000182
39346861003853
41550112003976
07687625000112
06626253008721
00964679000139
08168798000197
47746581000179
09329262000179
11497301000199
87700175000190
01840391000115
09347889000152
11192586000150
02824030000148
15215872000144
00257826000130
09102706000139
14160742000199
48541551000199
11487721000194
04462862000197
10689502000125
30537252000115
09388938000103
89474506000499
04877216000190
08008357000128
15147009000105
02710362000282
08043701000110
07898474000141
02028158000103
02631420000100
42591651119973
26409557000174
64434038000155
03440478000120
18806331000260
08033253001307
24263244000125
07244642000185
06073805000141
68555770000134
05946911000120
55657357000210
04980557000197
14033085000119
17544865000111
36412351000157
05953549000114
83947184000129
07699275000961
10157757000147
17441089000124
13465429000104
01518155000187
06200460000140
60026796000183
04769422000691
28129732000103
17304635001319
73933632000181
06119385000197
00097626000400
04399742000192
09461276000141
02806470000172
33278789000104
08265640000135
03555052000112
14601021000177
10251403000167
03163911000128
09510437000140
17312237000100
04495804000160
02767124000122
18560736000180
80043888000189
02618215000104
10806825000151
47508411126680
32036014000151
16895355000126
33014556106008
10456740000190
37305711000184
02028732000115
06023018000195
27226654000194
09492317000167
76842285000170
05524500000146
13117842000170
06338353000182
05866905000162
04873463000119
07438141000130
03309863000133
34073544000103
00924845001064
15571249000124
11519886000109
20798602000143
04420533000183
28413219000131
04387095000107
04999704000170
13042516000140
19282702000133
12477898000172
61585865113436
02089580000160
13141291000180
83488882005415
12781911000182
15812716000160
05789687000100
90396482000133
14875419000100
06131766000191
24416674000130
10723880000188
04220054000113
03076404000157
59246090000148
06049888000133
71525935000130
22108244000125
61585865125876
04499302000107
10157858000118
14416908000195
00534473000179
23680443000176
10496176000130
18465893000106
10774821000139
86672789000142
26502393000125
63264550000138
43009992000120
12984709000158
05775537000147
51247617000147
02707872000110
08671864000147
05167443000195
03049444000100
61585865014888
17983649000172
90351180000149
05074243000198
00780629000100
26125338000163
64858822000190
03129493000152
06626253080830
04010582000148
01628463000165
00066135000150
24753043000106
08490307000120
10421452000109
00111041000155
09431293000136
01208859000153
02681507000183
04758181000170
13204351000166
11111125000296
05876279000195
00444103000140
80678196000107
14619678000161
10543541000110
23123580000100
04500588000101
06866528000124
13313416000101
74269804000127
14125604000179
12087398000124
68293877000151
19233179000589
02429241000186
13858789000168
03465899000106
01589476000172
04372044000101
11769230000136
00321961000106
02579661000149
06199423000169
14269117000180
15388942000166
09477652000862
34028316101562
63468474000182
03002339009333
10644134000107
34028316538740
13465436000106
93881977000146
22772517000131
65095994000112
09650323000103
51946630000194
08015421000106
28138113002110
10342073000115
81206070000100
14131119000108
07028514000366
02548611000102
03359637000167
42169466000165
28204428000175
38148607000196
33310186000134
11117785001337
30159008000166
17559194000162
05857880000130
02107803001813
04451979000175
04943149000165
36837326000115
73471963000813
02846366000101
98406994000145
23199372000194
14288700000138
08464423000174
37078342000134
02036590000219
10241120000134
01195512000113
12353383000403
24206013000180
32501314000164
26705392000188
03904037000132
09534680000106
08936523000156
21904893000170
44363935000108
01808151003159
23350635000114
07521133000152
00145573000103
10876963000107
05869302000114
17128000000174
11418228000112
04388718000158
11083493000197
20160323000150
07277869000127
08473985000346
06099708000128
06303720000102
88519897000105
14376723000102
06511885000170
08741912000126
28487668000124
13558034000148
04014362000192
31465040000132
14184205000189
00162239000168
43283811020851
27117500000164
63864771000732
09477652001834
02112628000104
08726349000117
17671873000129
25026871000105
26401211000120
08867482000193
06533409000150
13378263000180
81820821000176
02806416000127
09207930000195
09147518000127
03577790000160
28342822000170
33243130000104
88111984000129
08487214000146
16854949000199
09098602000106
21771363000109
09087620000184
06106910000130
07893105000166
91744508001393
12875958000105
01112611000194
02784801000110
12449635000150
75308551000973
95766614000438
10417375000105
03476811031898
17414214000107
29309858000114
07588823000129
00212675000447
04222603000199
14668328000195
70179791000144
03995515001724
41850710000198
01074444000134
07629557000135
07304829000127
03211169000189
07349880000155
21879733000118
61548111000121
27326719000505
01942251000158
11088700000104
15323748000100
10348163000113
09213897000106
10877296000187
47508411132494
14347485000107
23691099000110
15138562000173
09029571000123
05964050000102
10568220000170
43274588000184
05396952000190
18072401000112
09594960000100
07473276000136
