32866949000165
73904781000112
22850731000169
36966166000104
66934951000146
05488166000112
30603146000192
04001960000127
08589345000134
03644587001565
06005929000190
14182935000140
05849850000182
12694821000154
18236918000108
21045589000114
15864341000182
08743303000106
28129260000776
01099865000110
02162112000255
90067125000121
07092941000141
77765840000170
12620069000105
06219399000263
06626253036695
02361714000150
57444010000133
04503368000123
20223260000133
10395019000138
08573381000100
24958015000125
08106732000253
22978099000133
06026376000151
04313034000197
21260914000161
93489243006580
02799779000182
06099708000470
72804073000147
84049261000196
11472670000127
15361385000190
02967565000259
04505150000108
02499083000130
20068230000108
16481702000255
07830113000163
02578323000192
04283686000126
11111905000155
66360652000145
13534168000129
00549937000110
61365284013516
01008713001055
09309316000134
09089148000704
17934213000193
11537484000129
05674315000138
04518051000160
12974857000191
03001019000140
12327998000112
26136024000166
13043655000199
07282356000104
24710087000159
16648587000260
39346861014383
13292883000100
14302453000187
05410756000122
01733825000188
09600309000197
03107624000109
22374389000178
33014556026748
20222597000126
30206241000152
00368807000181
19406949000114
25303057000190
10778132001093
05354073000103
62773841000199
34291591000115
04736440000324
04020291000130
01526916000142
06921443000100
03281744000209
08038545000280
64179542000156
61412110090804
10675130000188
10221008000131
04873429000144
09293074000138
09210700000347
10379430000110
11976478000178
06626253059717
12116213000162
08874297000126
02869763003203
10158356000969
01796217000112
02399475000128
33014556129989
15045257000137
04074782000326
55969216000151
01892325000199
17686181000154
07601161000180
29426502000160
07771112000195
02340706000128
12165953000199
11171191000170
02341895000153
94331477000101
05035768000114
03925258000197
05923079000146
10904166000196
10675564000188
15588046000140
03514109000135
05165620000102
60957784000253
10833219000125
70082417000126
03396640000150
04267403000152
23281775000188
15337060000171
18693240000184
04806552000142
21289024000182
26969534000386
04759180000140
89774160002579
17365237000179
13578265001519
11450673000160
23503634000162
02560391000124
26663290000570
28484012000158
02902798000192
19406654000229
07865729000170
07869494000194
41550112004000
07975825000170
08489929000138
32549925000182
25567140001068
04845181000108
10325873000128
02449992008300
03734202000155
82662925000162
13704610000118
30533746000121
03776044000104
20989945000195
08379782000123
04441501000164
90585456000153
12147839000136
02934813000184
09244587000159
37506102000193
13569660000130
09296295000402
04655306000137
11759129000102
01907568000153
63361380000100
09664238000196
03779455000145
21976538000106
06306474000142
10199268000158
07094452000129
17224282000103
01073080000178
10730132000122
07046893000155
04996648000110
01653764000149
01443257000423
91893321000118
26816256000165
12683343000187
36946994000180
08661631000163
41257130000272
07844185000402
34472449000174
10998383000192
32265587000157
83322784000100
11669018000105
03079649000138
59738088000609
07159714000196
14103776000141
07776620000166
03676671000165
00410148000102
07497781000110
07139660000105
02400983000340
26956997000141
09281405000110
20054933000179
04172287000198
10744705000177
10642629000199
13440791000112
07442845000186
03235697000178
12855595000146
07200067000119
14805078000198
33438250022055
93489243005509
26794702000188
26965949000110
10319375000849
06960540000101
36205375000135
93209765010260
14843172000131
12444072000107
96741038000194
05045947000132
40156895000172
73724486000184
64255128000189
82478611000104
19022506000120
01484751000193
12156279000186
82220161000155
22443780000187
75308551004618
01536135000210
81033789000189
09238181000163
61585865147683
09146315000116
05041406000136
01177668000171
21994421000155
03942258000103
22659272000130
08513450000190
07209814000180
19034882000134
89317937000107
32271766000105
93614477000148
04350594000111
96422464000246
93359040001934
07483266000424
11633083000172
09006086000134
15596080000167
61585865136134
00156983000150
41050782000150
41694506000125
02611072000109
13574594047664
18797184000128
14299064000140
06250521000183
14215930000177
09457256000105
02156040000152
08950584000178
03025974000118
37567260000153
23072932000145
06626253092331
88038450000114
11114414000168
10697994000109
23457366000190
08623663000174
76907047000103
01042977000991
61585865153810
20022352000155
01429574000142
25483249000126
08604338000164
08311777000189
08381564000123
00073761000173
27478752000119
14790429000134
05196078000147
02524296000175
08216192000180
15275655000140
39346861039963
63549802000175
10978131000100
63622856000208
73582967000100
13508433000102
17171780000135
39346861038991
14878152000104
00290954000186
19433506000112
17668204000106
91982496001173
44280154000150
01318190000152
04899316032664
35296532000100
09496294000169
09296870000124
18891221000162
02920435000180
07760547000134
03578538000176
87714176000193
27119631000180
05382051000149
10396986000203
04603104000141
00495499000155
08770766000167
55277479000108
02621934000176
00092104000173
73730129001524
01928075000604
31000276000101
82956160002621
19233179000406
10803263000192
01797066000117
01854396000105
68420678000167
09156717000100
07431747000143
21757054000176
89431167000110
27395744000109
34661496000166
77129567000197
08598972000131
13264236000187
02308193000178
15503343000146
12766940000175
52353869000113
73576068000197
16120495000122
10214234000195
10879900000104
21008582000122
01024732000346
11121758000102
84500891000135
27392794000132
27651710000138
22772028000180
01950771000102
10674802000130
20455034000188
24260757000182
07589426000171
03194672000173
08654470000180
00260387000115
22223146000139
25401185000177
09181460000138
19679976000160
03451089000109
68304351000120
01532910000188
77176113000177
26714870000116
71426191000104
65319386000225
16690922000108
27559782000150
20881946000111
02018015000102
31784176000105
03430685000102
16629428000138
02663322000146
06980032000187
01919309000576
06054314000153
06833040000281
83817858004591
02399271000197
61053179000130
02326411000105
08704185000127
05231263000125
05563868001608
86700267000107
08888658000193
04382905000205
64416449000207
07354120000136
05896120000132
34625806000197
15110111000209
75400218001880
07314979000111
09122145000130
06101755000169
89237911014443
13231085000160
08652673000138
07295200000168
01617370000135
33014556001320
12202945000175
04850856000107
06145168000171
11062711000107
10422347000186
20044638000131
12929006000127
05744498000110
33014556011392
06069250000164
04757459000438
10778566000100
07771169000194
05026898000190
01038328000917
74103482000141
01283600001149
28290286000106
01588824000197
45543915005493
05919186000109
00461974000172
07784006001460
07745513000170
17340246000105
30816375000195
73469967000352
09016135000381
11461719000146
89237911000140
07452833000728
11982985000386
43648971004142
05870699000164
12637492000100
08139215000108
08593040000104
15186056000150
13939195000181
32179467000137
01884446000199
39803119000138
02682146000190
12216147000100
15457895000165
15376947000179
13594751003221
07298747000117
80706922000158
17333904000131
65339137000110
41266925000166
00413231000127
12663259000100
04680265000139
27897925000133
39004924000100
03732384000125
92808468000125
15579186000152
70173059000248
05621816000156
13007828000890
05205463000618
05823709000100
29169717000143
09595627000107
00463934000160
08619937000151
07464288000102
08908372000122
10688380000152
26375622000198
08166171000105
11235688000105
31703330000177
28598795000443
24951766000110
13004510004842
23503190000165
60049475000102
03576648000107
05563914000184
92750348000114
72908353002491
01480720000164
32388456000167
47508411122340
02176223000563
11047649002632
21502452000141
18209965001398
97479422000557
29621117000174
11097794000170
02786558000765
21414958001090
28916904000180
07926857000186
07098395000156
46933438000123
01518695000160
17869638000166
00619587000111
05765724000140
20036278000207
61234985014911
05914254000139
06324643000177
14700725000105
03746938000143
04564090000102
05786237000163
12065465000100
90456328000100
04321265000142
09017161000162
20628152003590
11601184000242
10761150000171
94219771000118
12060188000142
20476873000182
84258557000117
82123654000177
00159021000154
09515628000609
05874196000167
05280723000105
11831545000166
06941924000179
05554430000179
03211333000158
01527225000678
05351510000127
29099595000166
07965809001411
08641639000168
05021048000108
04785691000137
11366709000121
05453620000108
13596833000109
09533651000111
24715468000120
02359316000108
16621067000183
12922731000173
08061310000128
11717421000154
27049966000170
41506353000226
12921049000166
03232282000140
13298678000144
12871943000179
11757232000105
62852074000103
33254657000134
03305461000160
13358646000197
28838506000193
01643836000177
10853766000172
03723547000618
08958622000139
02338767000401
33014556000510
17330903000214
83528232000144
07482075000103
94012424000110
23502404000189
30315725000130
25667460000107
23592919000117
11131889000162
19274202000150
07477567000100
27445537000111
09524475000151
03970871000207
04959561000173
14995118000101
06277466000115
18011326000180
14299124000124
08799833000176
14211106000300
05633907000101
96134945000337
07207642000105
00133913000186
75298877000100
09060964000523
10280765000852
11188876000120
13661163000167
34226790000140
02361352000106
03357836000136
05528792000195
10712898000184
03467637000261
02552821000166
05337077000175
32990285000141
21598925000156
05004458000132
02810870000151
14923781000109
01378022000152
05126588000148
04294624000110
92665611002200
17980749000145
08227276000119
01365498000159
17780150000168
13194329000697
08544341000130
21168174001029
05374480000174
13160859000100
29150228000140
28686780000194
93429173000100
34028316499825
12587600000187
06922671000196
80046378000165
00577036000132
08284609000141
11304954000104
25374984000282
07840300000128
11414022000114
19082400000111
08386012000531
16669242000102
09275195000157
49625080000160
70108543000102
42077685000114
09346514000178
06996179000165
18301652000121
07328970000160
01553018000183
05702558000132
16525065000190
10839633000141
03084409000121
08568354000149
22102222000158
22071145000116
15472613000107
03363723000143
12658311000121
48786313000143
02695038000151
11892123000109
01925530000103
03887229000188
14087095000137
10954689000147
17451178000151
17834296000149
05242281000102
02812627000172
71449201000623
13307154000172
14543939000107
19413016000154
00447821013230
05519803000170
16479533000138
79051645000103
01534080010603
30036327000184
02888588000197
00100374000855
03933582000157
89228217000167
55611339000205
11797043000166
18328118002748
02460887000126
08065164000109
01109700000777
11473020000104
33438250041602
89826689000111
34624379000718
19066943000145
20384554000147
11636089000101
03593968000167
02504717000104
75877092000191
16857013000111
69345254000148
72500069000195
06927877000109
00448972000143
85393874000109
42024521000129
22605257000100
36872620000168
40539199000145
03547476000135
13882848000133
54293428000107
33210337000263
02137093000126
09204604000124
25195658000127
08030363000181
25103998000180
05857966000163
00000802004601
07832598000124
37497120000156
64327596000111
18202938000150
19297016000136
23392129000198
13230092000229
65771784000105
11509531000120
41625062000338
10800157000236
46550455000181
09529479000122
01559544000150
92660406002910
22191200000101
06732094000170
01191778000198
75931600000172
06733628000182
08597323000116
22055796000112
04808232000121
93209765017788
37052156000126
33014556096797
05633110000104
03578568000182
34778803000193
09657316000125
39346861041437
22960418000183
02532281000159
10892660000188
10854346000100
04074366000166
16535103000196
19869509000101
41070152000148
11861784000169
37516523000103
10728928000140
07519805000195
08378366000291
01326290000201
74095480000158
04331410000176
17427424000130
47961073000375
04497542000172
04884841000160
12772446000113
00260205000106
28486242000156
17498163000300
82956160003350
60805736000169
09452516000141
04842361000136
18070608000158
10280521000101
06955576000601
08698543002856
17884087000100
01065804000131
27120694000157
00550239000135
33041260007410
15266068000194
04444651000121
01339721000860
03589408000139
23867381000297
08438175000278
10868068000140
09392252000188
07680682000170
10393805000104
19548957000103
11502793000244
87881637000112
28071018000101
16678508000183
03673626000157
01354033000100
04189066000122
00739604000405
17540611000125
08185314000118
14606962000101
03210476000226
10734634000121
67386888000113
17792199000130
02426605000174
96856489000177
04419333000100
71032510000199
02375705000119
10971299000185
90726506012424
72230576000156
14252964000131
03573465000120
03037163000137
06991523000123
57887796000163
08786193000160
07301325000153
51663763000820
09431810000177
15511477000109
32632945000112
03919192000122
25567140000509
93612422000107
34929729000169
18182178000166
01793624000176
09452956000107
02916914000556
07310328000153
84027994000120
09144798000110
81210437000151
24555864000138
02967288000101
03840986000368
96206941000236
08372014000148
58336314000140
04527074000131
07905554000187
76368448000124
17613823000195
04970639000150
02266454000134
03380787000314
36175107000118
03241828000120
09034549000171
93209765020061
13366923000294
23377762000107
08075286000186
59428847000629
41190729000155
01484936000106
11771313000160
44225142000122
17617878000173
84683481001220
03007712000201
07056370000190
73469967000190
04643029000142
02355754000190
34597955001323
18868010000109
08453928000133
05235170000179
15228516000165
16986471000150
17714223000113
17317636000164
04394599000146
08680633000108
11400010000130
26659693000112
14485320000193
05330651000163
11905787000157
06038433000112
50543305000118
07522273000145
11789974000112
19915561000149
11289942000239
33014556117620
21117029000128
08742198000190
03740592000176
48525794000133
04530417000117
01603903000120
17891408000101
18052472000153
02043183000158
30938831000170
04699101000153
14093799000112
97320451000148
41550112003208
06273662000111
16548703000199
00891024000188
01187622000133
07779337000198
07055085000154
21231994000127
02307838000158
05482652000123
19616541000177
00341440000102
29243218000159
17276687000195
20441085000150
24269080000143
14193499000105
00587271000195
09397625000103
11888682000137
21884264000125
35966142000192
03450906000104
04041965000183
26252213000102
20319618000126
55960777000190
11350573000161
02402993000153
03720882000310
08876847000146
80514144000103
08820760001048
30253389000148
61288353000123
07531708000118
07998440000129
13657269000197
11876397000104
06252721000175
07543964000125
14147807000166
06276571000130
12992330000190
01098215001121
29804838000110
38617189000139
12245848000160
03358606000191
12246531000229
13652426000171
76787977000162
75285544000146
12013359000182
72472079000164
15010279000161
07106906000215
06954321000454
44383214000160
02196600000100
89231708001562
08955978000119
33130543003955
83297895000286
07506299000108
33026188000104
05018002000121
08966174000115
10858419000132
28500627000392
25205849000122
04039029000138
02346268000296
17611623000101
06865201000138
04934330000105
06161043000135
22838870000177
69553550000134
02359966000307
76430438003600
08538820000143
06749110000137
11053417000139
05849430000600
11981669000128
08700626000112
65283269000682
05622523000193
00573339000187
15000320000119
06061554000185
73582249000126
08179180000122
08436019000197
10692863000120
09675959000100
11482605000182
02121522000177
03069181000109
03147457000111
24200256000100
15271434000101
07172382000260
79379491005819
10864953000151
30063275000135
45198199000142
01585323000157
19662084000157
04785749000142
04101932000181
04343720000100
20182871000180
21544208000141
09359964000103
23879331001110
00306597001411
07378936000108
10249951000152
03658692000409
96735022000179
17523214000145
12659288000190
86423753000125
07981445000149
00508530000145
04685646000100
02919168000120
03628076000154
22224578000164
05209995000119
09649093000154
07843686000121
06256879000466
08254652000164
14237752000185
17280959000120
12753810000106
18303823000151
04375274000116
05535832000126
20489040000156
03370994000126
17753165000137
59003657000155
13132084000169
41057399000124
17281158000180
03756486000180
05150074000128
13509311000122
04201690000106
01116974000106
04995500000161
23021272000173
02190194000160
20919170000181
47682133000310
28138113001491
39548078000342
24113701000103
09425566000210
10888973000162
11020513000180
04995526000290
04810142000175
40761538000303
04394215000195
43283811005542
08265542000106
03442459000133
02961546000134
05972711000141
00428501000173
10846379000109
02610050000116
19402608000170
12008866000128
92584168000100
09319794000125
11461060000128
64419393001127
34028316053908
13173994000513
92665611020283
11083385000114
02114331000188
03122823000188
03787962000120
47508411126419
15024588000190
16874534000187
10672085000108
20333414000140
02084388000181
01446577000194
15182009000138
07733374000165
15185132000102
09407106000189
04410878000156
19616416000167
11809896000170
84866342002122
03857011000261
09269909000114
02308754000139
03642544000145
37167897000152
04551615000167
01114967000167
70215637000180
40512469000124
16487241000147
23499501000160
07385170000180
02461922000121
04025444000132
04140852000135
30684658000120
01559046000108
02786624000101
03295602000101
22033592000180
09044021000183
12817417000201
39624929000127
10764691000153
19801573000142
09586510000167
02373295000177
15118114000108
01847854000332
10257014000149
17546010000120
13050619000233
07846712000175
15810671000276
12373726000159
09369604000184
04082647000160
08791469000106
08041905000111
05968907000162
00113667000109
19700941000166
34028316089090
00387532000123
28103466000131
97433064000118
25971403000109
05745947000145
05455609000179
06977615000159
11855692000176
77488005000806
09443036000114
00763110000458
10978650000160
12958165000150
14636053000108
62429725000157
00218646000140
41659251000240
05341948000124
97181499000112
04548343000308
19363555000126
26703840000104
31487473003295
19394778000150
13509477000149
57687386000500
10189563000123
02783114000180
02962408000170
03953303000117
30708036000195
13704568000135
12063891000104
04845035000930
97430284000198
02159706000126
66594177000171
02413812000194
12062553000158
19498445000171
03092570000813
06154359000108
31040439000171
10830007000275
00041327002821
33510371000172
40993347000105
02275763000170
07417162000179
08242462000127
34241380000178
03611443000107
27857796000150
60440310000159
11588397000109
04259137000116
11109911000178
05147669000205
00487886000140
03607491000121
13413535000136
04353393000178
01217807000143
49595184000179
27366301000270
15675598000196
20486642000150
12841487000114
04449714000132
05410758000111
09653953000123
41249111000113
08949056000107
14973738000140
13457365000191
07562656000147
13010379000162
15776773000131
10861267000127
21023714000195
00620869000139
06256514000199
16567876000154
25280942000100
11400164000122
42310862000160
05086854000156
01972480000115
06188444000189
61585865050507
26329731000179
05030306000376
76189406003907
03387842000136
03790896000903
92982677000190
16633026000107
61110870001937
05454784000141
01979746000151
25307227000105
69896090000309
02720028000129
21027349000197
22166227000144
83354977000134
47427653005184
03789277000133
09162388000100
04562287000102
39346861005201
26101790000195
16232381000174
05534018000197
11205508000223
09551718000140
03232707000111
34028316257309
01482416000156
17164942000108
07351363000110
04662761000160
03878185000120
27720672000128
17805470000125
86750767000153
04797330000372
60930880000127
00674932000110
14911562000282
97545113000104
14200761000100
10791680000162
24626838000153
21770011000120
07787944000108
01266195000189
11486069000193
15057061000162
10979786000194
05921574000116
74589813000103
08584885000125
03642953000141
14735783000166
14483252000123
02481667000189
02425982000199
03611874000173
94650207000155
07764490000141
18442333000136
04845332000128
29095028000131
24972869000166
01619100000163
07635379000155
07253830000170
86918307000191
94685484000101
12202300000132
15375991002108
03589628000162
10788677000190
24645327000189
29767936000124
08470231000170
07684568000118
34746784000113
08394841000213
87296026018669
03756642000103
21609805000107
00797914000397
73902496000162
18745387000170
10589773000109
01360071000168
05540156000189
03792455000185
97422620006787
04052420000172
04679264000174
03260094000126
24091581000182
54234331000115
15695853000162
74220112000194
00207713000120
08321653000184
04625788000182
18901257000180
95847257000190
05739472000184
09296295010556
09171314000121
02435456000100
05477158000170
01805937000105
48206411000164
14665711000190
02321765000159
13523142000185
04517322000163
72067259000160
07079763000119
11263358000123
13129964000186
11412985000189
00063960048993
81469439000160
31195392000115
84553528000188
10386156000106
04820238000114
09386909000102
17196764000105
17168410000149
89549570000149
07706828000109
13333269000131
63602643000125
14894123000128
04452302000151
19602748000192
05543474000101
24149320000176
72523822000168
11232467000183
96704283000121
01821544000187
07089342000179
10171614000190
03029457000117
01867538000160
17256512006319
04281550000187
74117458000161
82069113000450
95844635000181
02229068000172
18258411000147
10145054000280
27466412000178
71639652000119
55984850000406
63522171000109
16705778000136
01218177000121
03983300000126
50539279000154
01040909000136
07835483000193
30722003000108
02558157025904
73676504000108
39318639000155
17001069000132
30220686000197
03204550000200
05212047000132
02683955000116
22851343000100
12398623000143
05912894000100
07853223000140
09581517000196
23668600000128
02693749000278
31690365000119
84585744000105
03789371000192
17363647000180
26557314000183
02392576000177
61258703000109
00242706000160
90286717000134
15559461000176
16983196000111
04882059000101
10803013000152
30131073000183
05880722000100
72369242000168
11226380000101
10559108000172
03723534000134
16233389001399
04617182000103
71253587000199
00876411000145
05029807000170
09520930000140
09687578000132
11274473000101
05593067000109
10377615000195
07503071000156
08647320000140
06760440000204
03513380000156
15873402000178
08806108000188
32098327000134
00609502000114
11104419000100
25297609000103
10250664000162
01559797000124
34836643000191
07976147002961
10862996000106
12696827000160
04685837000172
06002985000170
09467789000240
29314473000145
10241334000100
13062065000103
15292701000119
08385069000192
15528259000187
19725050000245
91094649000174
00663482000160
01900227000318
10736202000150
10763650000142
54426044000107
02517938000109
10246542000100
18561268000168
50350503000165
13600403000113
04112310000159
09592736000170
92889070000160
10217627000152
16757366000140
07929533000100
38022307000166
00086153000101
07301389000154
09623794000114
00390260000110
48632285000100
15186269000181
04635021000134
05415277000107
19036846000100
03277691000163
04681824000125
34778803000355
15013904000129
13275169000104
08352820000154
16794805000194
81437352000100
01615604000105
41934829000149
04244884000180
43283811001040
11483308000151
07558992000116
07837500000121
22988182000193
01332922000169
20442768000718
35893775000118
00541663000202
05302184000249
04963359000115
03981245000135
00728011000192
05880618000298
84089515000108
03002339002088
13480680000130
00448230000118
00369858000128
43794874000170
72139488000143
54052352000110
03089961000102
01023162000108
08209366000187
02571943000108
02515766000134
27024502000109
33222670000101
04372029000155
00365804000194
00773973000163
19494988000110
17114271000170
74052655000140
13490742000194
32375990000139
01515087000100
08783589000153
62463815000164
95121059000144
02801420000607
03563557000129
58686890000117
16517576000160
01907860000176
00773321000129
78391414000186
06107996000204
07366618000119
03819668000153
06114258000103
23621964000152
21814953000163
67743526000132
01608542000104
07115092000102
10889015000106
05082451000139
17085936000165
00780642000150
00610980000144
22503096000143
21329008000176
00179888000171
27328960000131
05967690000176
00208644000170
07570135000131
00625908000190
05115193000140
13152283000139
76229624000147
07590171000167
11744078000137
05182495000130
01148604000142
15504453000122
02012627000279
10862391000107
15763856000196
08838993000187
03470143000155
04256082000190
13373156000240
24762110000159
30082481000192
17328857000138
21456410000111
05110705000185
15091141000134
02559620000190
18176231000116
06051229000131
08020668000102
87361747000153
10907357000101
49205099000157
77984201000103
04715592000189
05791705000198
09407721000608
11824174000195
03698303000118
07692302000117
12187302000108
12245466000136
10492647000131
06010263000168
07170943007700
04818072000100
02000957000163
24563231000171
08112354000130
12363095000197
18332302000122
10961549000104
03596642000193
03807857000106
16515811000165
01132478001886
16616112000101
27710763000182
04116680000164
07196526000138
05598170000133
14220230000170
02979733000145
39755921000108
13719653000177
19394067000186
11139446000118
65727497000190
03360973000120
04150312000132
17622610000120
28230035000136
71131742000102
96497763000169
01977881000168
27434253000120
24405810000196
01611596000129
20415295000760
05347261000104
78149499000190
08041706000103
92665611030165
07130954000168
08042043000141
05850792000107
11941191000102
07779238000106
09376719000287
68556497000162
09481354000170
01299203000193
23620859000107
02821242000171
18374515000117
18582140000180
22289534000112
02789110000100
82767575000107
95158705000148
31141354000180
03309048000417
03242314000199
24004611000176
15453409000130
17124422000171
29104755000118
08744992000173
09358108000125
92660406001433
92293703000769
23599420000131
83646984007708
92665611013074
03285516000118
17310128000154
08932080000125
05274036000187
29826187000169
06933344000130
72336522000250
11737333000114
04633504000108
13706468000148
97422620001556
01931286000191
02662552000190
01850321000148
15209758000101
06057223004401
02607275000113
06977669000114
11117554000190
07349861000129
03625981000150
05380091000151
19006458000186
13702355000174
76538974000195
07783026000100
