62410352001225
07596770000198
05592726000184
03602329000110
08594268000291
24883158000115
14011489000101
80706013000110
12033559000105
08970324000164
35284025000149
92693282001069
60154929000105
08345490000331
13562724000170
03066320000132
16690376000105
04513453000172
69024461000109
03952349000111
17545056000124
02436171000193
15029411000187
41535501000150
07284035000149
92016757002305
03497215000158
63967657000142
09624234000184
07041736000157
26929775000130
06555131000111
10744137000104
08156003000120
07486008000159
08342702000165
00461805000132
43283811015262
25095403000192
05323884000139
14064406000142
04504011000160
79065181002723
10632132000190
60586625000109
17281973001030
13101892000169
06887668002637
06813883000135
29130014000101
89030084000110
07792435000750
09635952000156
17199688000183
89271464000146
00433018000187
09942474000127
45722618000101
16805309000199
31996088000177
60874799000177
03444658000180
14539593000173
19820637000152
73676140000310
00358662000138
05074736000128
10912294000181
10296520000147
01841817000155
02059560000147
05289389000150
01933470000170
12651658000142
37639036000120
03396163000123
08281498000110
08151556000190
08159985000104
15670940000165
06344615000111
00661094000140
13670696000105
13800772000150
11158822000111
47508411096080
00394361000160
70035860000146
00217046000167
11368493000133
14082069000116
10306649000199
23509647000149
08981976000102
12468524000190
05612951000135
12492615000161
10280765000771
13841187000106
41305160000126
15546401000119
10739227000298
08933524000147
06058158000107
66764242000160
02910006000121
06057223026057
05068048000155
20357968000187
07197122000592
02943696000115
10502492000177
03601956000137
38785218000171
83646984003559
03792114000100
21486633000121
06309808000131
07684186000518
06030888000191
28030767000182
19211210000157
15106092000166
63814339000141
15679552000145
23739728000135
01399333000106
04432115000106
07850768000101
10883499000186
13268928000101
12314801000100
25118696000186
19798611000155
03477401000125
60855160000144
19841557000183
03847408000191
48551626000112
13029759000149
04053259000151
24480341000170
09379524000100
04645441000100
07886068000169
21475348000105
06330597000119
07780730000100
10692201000150
07664213000248
12196489000106
02039154000112
17213703000281
08394594000174
01299396000182
00285753002991
17077603000194
04004534000147
15359960000110
13186334000143
01775888000105
03603198000196
43283811008487
05875088000109
09363018000122
05329004000131
04682687000143
19532967000142
24073694001208
11641479000161
18670960000124
12004518000182
54617147000154
04054357000103
09007843000194
19468242000132
20908557000132
11578979000104
20830029000108
03576562000176
10280765005650
16651388000120
09486290000108
15505704000606
83240333005184
11570172000117
07117429000102
00624464000179
23802473000108
01948534000107
04149637001096
13269036000117
14942478000145
11773863000118
09217346000110
15830669000188
85320323000115
32666244000102
14207813000161
00142972000110
03871744000170
07575470000122
09646827001890
10207137000175
31040512000377
24913618000100
19563925000179
34180737000155
06102163000161
07824162000193
05421827000192
08593687000128
09371647000102
07947903000123
65779621000160
03619584000176
33014556034767
04818646000131
24873620000101
12537319000130
05868574000604
04151995000142
12428435000110
02807718000209
04847899000133
00645936000170
07853172000157
33116468000103
05776137000156
05066728000482
13968743000100
32324669000125
19832912000158
71209183000106
13536803000298
08781332000162
03608110000390
07514450000141
18826362000100
82687484000153
10882395000157
66720533000156
08745098000118
97752851000556
18341346000119
21340425000110
01113095000112
15644506000100
04282296000131
04930528000110
04598413000847
00867099000123
43283811000907
04024268000467
13178793000185
07148549000177
63004030001672
14219445000171
08435988000123
03596192000139
83302653000152
13402315000107
01002248000154
07534822000100
01976860003739
18334144000140
05653783000126
08998094000141
05307770000103
37980323000107
07242947000158
07187462000109
32132433000197
10422446000168
09021891000137
06854061000283
18105606000157
05444743000174
75604991000110
17502576000150
00778062000129
05634437000109
04733074000198
11200839000190
40761538000133
25625344000117
07825038000142
13497153000138
12818180000100
06211935000446
24232094000192
07009276000180
05413312000140
03286294000158
33014556001834
19718816000183
82566357000104
76618891000106
04602269000107
03813854000185
12505448000227
11992166000158
01543111000107
85403558000332
28588432000184
19823999000105
05968294000163
16519674000137
02295151000140
03786403000104
33048844000161
14592397000162
08655137000196
17440003000149
69961183000299
08765399000103
10790112000147
88131727000159
02746667000163
09019257000160
03645267000124
18256960000182
07457409000180
05601388000108
69902682000124
13821378000106
23304257000132
22517830000123
05784072000190
81073538000128
19230161000108
23182608000180
00863224000127
17205803000185
03476811061614
03498541000180
00875122000121
11128140000166
06091639000106
33102963000155
04353233000129
07095837000100
00247408000162
12550695000164
12306539000152
42361105000116
17600386000175
03089399000117
05307387000228
08044783000117
15599968000153
08573241000131
75804377000100
08033253001064
07371874000102
17197047000190
09454682000187
02117963000103
77881001000117
16436946000135
13563033000191
63620983000189
07516279000290
08933222000179
30309406000111
06864919000100
04962946000190
03291651000176
02835581000107
04588420000191
02363493000150
11172387000180
08179487000123
10827302000191
15101546000297
05332755000107
16944429000177
09317360000196
11302754000112
07707271000120
14323266000180
10948651001303
02393323000118
08041444000187
76090315000139
39346861001648
09664173000189
04206050005816
14959566000150
05687854000101
02859978000139
24970139000126
05524292000185
07453651000186
04191688000195
03062748000450
10921285000157
56173842000108
10468780000152
25740168000164
58835471000108
13466024000182
12806321000167
89058911000183
19005361000159
20424125000156
16823096000128
02468894000255
27843168000115
04455237000118
61539813000149
04256407000135
16812967000108
16802303000168
19327256000136
10336145000111
40296212000344
00629384000106
11486375000120
11462908000133
01335808000273
92106178000130
05397442000137
07330659000155
00959766000106
33190844000100
90987538000124
15323699000106
26813873000107
13376671000101
17049189000100
03049090000365
08915960000193
10991171000183
11938780000131
04341659000162
76430438002700
07712079000122
07070138000106
45543915006708
24849101000108
18477148000187
06626253069941
28875086000204
06082078000189
07770558000103
13007170000140
17832410000100
23440710000138
07849226000100
16668192000149
18801122000142
07349007000162
40531824000102
02110781000445
07084739000178
02635833000154
18901412000168
91093898000145
07021738000184
04715175000136
03863157000139
04249431000147
78781317000108
67756288000108
32950909000105
04329101000161
69277754000190
00563786000317
08963033000149
17439839000204
11142152000145
14998622000165
05404483000103
09076163000122
15503411000177
21471099000180
04451523000105
06218115000133
08048051000103
00604233000101
02021680000236
13550488000172
93015006001861
04802366000135
16882380000175
07919263000148
61585865034641
08256108000151
10145178000184
13370629000175
26542945000129
04661467000133
16982779000128
47030754000158
04046692000160
00786662000139
07911524000183
89237911019836
10687413000140
34973438000178
05258802000110
00013509000179
09042928000103
07692238000174
07686069000160
07521116000115
03509679000137
01520999000162
72297872000174
36770816000141
01972586000119
10678283000189
26689340000165
18452701000127
07262008000175
14536375000185
10250992000169
69405207000142
08801299000195
07990241000174
31210180000755
68912435000146
08505225000101
07753186000107
14526630000109
05108920000141
10365308000194
33014556000358
04337380000105
38941142000126
02570370000270
38648663000190
79848396000181
13041945000101
93436194000153
28569317000162
27132497001049
04684922000116
03138328000167
43537778000147
02443988000199
56355191000169
90786864000173
07380155000220
19664523000160
04310139000192
17129904000114
23730300000121
08734040000179
97318307000258
19986580000166
41474933000106
17094237000181
01834358000182
83297523000179
14088067000134
31232540000124
07010037000140
07096804000185
10899952000142
04798993000140
19289534000108
00993898000146
18595179000132
27116423000128
34731885000110
48349633000136
33014556014650
22815061000140
09375807000183
18751931000197
02007224000150
42591651001204
21783212000162
32860231001133
24297036000147
13121717000133
04651756000151
68474048000175
10672587000139
05607606000103
01365181000112
30415210000101
63329619000164
02829565000101
17975730000100
12850937000135
05231405000154
07464062000284
25236589000152
17381995000180
53324497000160
70046164000135
05792799000110
06626253004220
13892960000155
04231869000106
11790559000189
13862160000191
08954259000183
11598080000145
17505717000198
17210213000140
06132487000142
14636405000125
05311835000186
04727601000151
08404937000134
04061673000102
05243979000142
02012862013490
25442427000170
08343453000203
06256141000156
81235855000101
76080738010807
10295418000127
07155160000230
11052812000105
92321785000465
14343200000151
22515229000100
00457512000181
19921410000101
03524269000165
02243753000153
21060551000110
17616965000106
83487371000177
03312653000102
37063328001309
01318350000163
11201870000145
10650716000198
07347142000179
79381166000155
19455018000106
23062698000680
08994139000100
86968385000109
00352294006232
09943568000110
72536014000135
01655569000158
36111755000100
14162546000153
06894782000489
54394630003990
93209765045218
01332553000104
14233090000175
21731286000155
36163590000110
10962239000287
32228108000122
05050440000177
09128292000117
97320451006693
06626253000313
04164607000168
90589698000115
20266818000168
08612765000194
37107034000190
27145561000135
00068721000133
06115837000162
06058616000108
03793285000153
08334788000184
14043270000194
03330737000160
05861481000143
54326301000139
89780639000140
37563426000244
09008788000157
19661701000108
15158353000191
02519011000108
04004586000113
29911152000128
18330373000439
00206850000140
11208687000171
02341953000149
09160226002925
05169237000114
10226043000143
02473026000182
10375650000175
03551654000282
23971129000142
07705081000174
22955868000188
02300382000102
03250828000196
16904400000161
05094864000133
10268177000127
00931891000108
18530175000176
08028388000140
13420474000134
01840594000373
16284937000176
07170943005170
11303942000165
37549789000144
08987511000150
85487874000178
88212113029779
04687635000160
01673698000179
31849102000100
21975676000170
21079793000156
82480831000172
05058322000105
82968983000119
06007687000173
14990671000151
39192117000150
05347201000183
05406602000167
82334053000103
14680878000120
10532951000165
13144828000165
18003854000197
13701662000130
09554646000195
11322064000559
17745613000584
12695565000110
07076340000145
16127912000169
28890887000150
05194640000101
02529440000166
34217653000220
11897504000172
10282905000155
73285256000166
04555822000190
61153755000110
96822408000118
52736576000115
00127785000168
04298302000220
09387941000102
70309885000190
02357139000112
17703949000401
31313661000109
03681294000152
14055066000193
34460556000182
07550854000190
02737691000136
02979899000161
08598463000290
45043536000203
24220972000150
05262188000160
05815231000177
05194705000100
27429844001008
10648832000172
08654031000178
50668003000176
17230039000106
09448286000147
00418965000107
33014556023218
16705582000141
10703324000220
97422620006868
46029724000169
33755745000110
11498936000100
12124609000151
02629260000156
47562822000120
15831007000122
97538425000190
15706841000196
05791319000104
70391438000123
78061132000544
14692101000185
17077903000173
21953202000128
11034176000180
02535836000116
06225625000561
60577210000179
10216945000107
03127067000180
07538128000233
15081163000113
03481375000109
62002050000165
03416612000158
13799332000120
13716006000454
06696614000136
34024067000188
01581847000170
83109504000848
03138265000149
05094920000130
17385610000153
11805645000118
05419814000189
14381309000183
05882704000159
78098290000145
10967976000191
24114391000133
12349695000109
17774420000128
07077857000159
45150182000115
04020518000148
60433448000120
73970469000127
05152825000145
05400050000180
04563003000194
10207825000135
00738942000171
28569986000134
21300288000190
04462724000108
03228836000136
39346861039106
11633084000117
11688742000178
08346378000153
17515864000149
18297894000199
02360372000154
58909623000161
71305726000180
13931823000182
75526111000135
04991379000108
78653946001116
93209765004880
10926234000118
23338189000718
05768154000141
08679675000110
61585865070362
26486210000125
01604447000132
12991347000122
61585865107703
77896033000196
04153473000180
63473235001788
06167186000154
09566098000113
12811734000130
09040248000150
04841728000105
24594381000142
33014556015207
06981478000126
10173379000195
19463275000190
05214053002687
08783743000278
07506748000100
10683239000329
13496856000141
17377585000166
07251540000197
08826546000108
01958174000396
33014556055250
13226913000172
06626253000151
03665927000139
88322706000110
32955763000182
11960137000104
20657410000117
16143943000294
13481667000103
18489825000187
02714656000100
27684133000180
27605108000164
44208320000107
10736373000189
27192237000178
03335575000153
01096207000174
19258029000104
39346861034066
07924683000112
03953240000360
11046456000109
06098753000168
10014468000199
01822524000120
42995068000106
10518968000168
02970492000173
88687348000140
32713425000134
13816960000176
02448009000195
14810976000134
06276765000135
36168250000182
93359040000709
07184353000138
07273882000108
17843218000100
10788975000180
41683145000111
05253879000105
01004274000111
03261977000150
09149936000404
05842699000150
08883825000103
96632666000131
20703328000181
11601184001133
00262985000476
13412918000190
01088519000136
11373353000153
14967336000132
01911826000175
30215924000176
08555864000939
03044201000189
07403954000356
02585515000126
77824266000183
41272725000205
01276763000122
11640599000144
10336619000125
01024473000191
14621406000104
25318267000152
07175631000190
84938430000220
03836993000124
17198603000142
08166114000380
19448459000180
85354587000190
01885641000133
10565954000103
13364628000118
11734863000109
06626253020187
39346861039297
04090740000117
04797330000100
06652053000173
15295901000125
06987097000154
11121054000121
07878502000169
05406670000126
11224957000138
09569862000104
37366093000182
23769164000183
47427653008523
01038017000109
06913480000591
10398971000195
03806541000108
02252784000170
25184580000145
28005419000155
00312673000187
72308836000240
72637218000162
10449898000133
08584693000380
07064549000199
01184625000113
18818438000147
03370029000153
10529383000143
43283811011275
53775862000152
11402031000195
17465677000106
33616122000166
02998756000369
05603930000153
10656087000103
16663569000177
04243106000177
23761133000186
24307233000108
20927644000137
20149853000105
07296124000105
14221735000150
20151344000109
02247609000195
13109988000173
09352634000269
05250676000157
29911559000821
07851567000110
17317544000184
42038968000157
51996619000139
07541528000117
73503765000118
07925918000190
08934323000164
15727179000150
26541634000145
02737984000113
42954107000119
05666518000182
03995515004154
20547974000105
12072590000147
61099834063354
11656208000180
10874537000134
05330585000121
03224276000141
27654631000180
28948958000128
07479494000188
29311061000151
20615803000168
14181999000127
05156032000102
07470868000102
08909373000191
18472528000129
31598352000114
11444225000153
14034548000167
24646079000190
08947314000108
49095573000135
00636223000140
02226278000298
06033317000100
47508411115212
09121683000100
84192434000120
18593925000159
07847504000190
05764932000124
09225635000161
15571057000118
20605834000138
02843320000139
11047546000114
09396731000849
91433458000190
07773452000317
20706818000131
07568994000196
12409484000106
08834711000173
73540312000161
27486182004872
02400983000260
13848430000100
02072286000146
01272434001002
11934004000163
01763774000137
64396534000161
08240645000103
56007859000187
09020185000170
11834319000139
36574689000105
13177284000138
02654033000180
16457243000193
72743669000184
07575651004227
12027072000101
10796312000107
00852594000169
03002339001863
12412084000150
07530907000101
14576492000253
09626550000195
49975923001472
07152006000123
16656179000170
37041142000107
00852515000110
07835169000100
05265737000150
04321049000105
68365469000168
31116882000189
03280856000156
12711750000150
11828725001160
07539074000140
00819201005265
03777341001308
08527259000105
12975673000146
10195012000172
11974416000127
10914019000105
15279352000103
10915970000251
20808051000151
14011103000161
29027889000182
18712627000130
33414475000183
26450349000119
08722710000218
13202593000110
11914541000141
00927065000187
05087158000164
23759725000163
36519452000121
06193897000101
11958569000180
15370314000153
02506664000152
01303599000103
00683763000184
15411246000123
01716186000223
06933029000102
07976147001302
06991393000129
03582058000189
03385913000161
33216995000181
95596920000805
45219870000194
17235826000132
10948205000157
12268652000352
09504642000100
11504932000198
60765799000139
33229519000103
90410374000178
10632117000141
13689682000133
11032392000197
01077220000186
39786983000926
56932510000151
36773091000145
20954288000140
03643670000114
87723417000918
29766680000130
15676606000119
05578837000136
11513863000189
09160226001520
23701665000128
97530849000290
12329549000103
05263750000170
40551442000140
78675329000140
12368557000169
24934648000284
07362119000153
16987613000102
01865549000101
01104980000135
02408071000234
05453531000153
00320523000115
07952482000129
10246297000123
17305219000100
06057223030755
08221884000116
03733863000166
17910021000147
21165638000152
32339590000178
00609522000195
02520477000123
07117046000568
28930661000135
57040115000127
05382482000105
02558157004826
33014556071883
21122188000110
71332779000190
00169439000142
09180170000170
08207416000197
04165099000132
03208714000340
13829008000107
09296295011447
63721278000259
15302678000104
10635390000120
05941278000187
07239709000193
07931848000183
26077180000101
16982779000390
14682839000161
07132670000100
15536669000170
08803010000177
02278198000103
33343602000109
39059225000159
09319061000190
13937347000107
07312290000158
00295151000114
64528946000108
01769871000137
12371082000160
60500915000511
07170943006819
06088957000118
36958262000291
05592786000105
72671985000198
09311024000136
15203206000196
36894939000194
25353769000114
47508411223457
10290557000168
06954163000190
04363256000114
07446698000112
39893003000137
15773368000240
51645646000167
16814605000156
06813336000150
19618178000129
10404809000132
07388844000281
96774575000130
14050067000145
17664601000100
75492694000392
09182217000215
12560610000129
28621544000190
05481285000143
14084679000159
03113246000168
12219310000180
18118453000182
31743801000170
16687394000138
26953562000143
17979951000238
26729019000167
27499424000107
07914972000130
09078232000137
13629721000107
49930282000115
05849643000128
03327908000364
57948887000161
09434563000162
17588240000151
61412110074868
13408058000110
21582314000110
03583098000145
03373535000104
03249580000143
03139910000300
07250333000118
18500196000149
12569468000180
06813685000171
20303069000100
09551734000133
94545134000131
01054108000120
08332648000177
01415543000132
24825566000110
79468286000194
11237100000152
07169677000105
03706687000173
14760519000182
72251622000101
30591403000113
13803355000160
28626810000177
13234485000120
83054395003743
10389021000528
01102056000110
15599253000109
46632204000146
00927007000153
05613388000110
12120226000105
08901054000130
11441975000171
10276799000105
26058865000100
49045321000100
11805916000135
00066716001830
01522187000156
17027418001167
05750207000105
09229017000190
48836860000196
18142559000111
00550527000270
64984370000193
26808992000171
00590445000179
02203380000197
15084589000120
05906362000160
02695356000112
04897831000169
26569874000158
20006438000194
91156471000904
04977763000148
11368640000175
08868139000163
08717642000118
12055638000109
04314293000132
22881220000104
07729168000181
07384980000112
47508411136481
07696891000101
05624717000128
11689936000198
42591651131167
04189120000130
07418875000157
20855151000139
05563906000138
15264598000101
10553071000175
56022841000154
76832054000185
88212113015123
15261422000198
09622795000144
13576520000199
25875758000102
02983455000108
11811062000108
41739954000106
03103963000109
10779704000168
12939654000164
07790026000120
09357518000151
17857396000190
02277391000200
36141661000184
00940878000107
06913480000834
04249638000111
24598476000134
18604939000120
14364749000122
03429058000143
41996539000120
09318374000124
07079420000154
41751470000174
10756043000155
03663852000157
10792578000181
03344826000166
00741094000150
15633024000155
10784720000149
01392709000142
10476736000275
10367269000164
13507313000182
19511039000525
12220739000198
00510438000110
21780716000129
07182114000149
65957961000134
31115298000109
02686377000171
02041093000128
37453644001036
19195455000138
08490248000190
04375035000166
35212299000122
06526362000105
03989217002965
29011214000145
13972067000130
03743085000196
02558157034148
14437913000184
35372606000132
07295001000150
13144308000152
11636948000154
15335275000153
89677595003496
01767998000117
28930907000330
61069373002076
10541244000135
13470997000195
01559046005762
97347462000111
06906791000108
27444595000120
62392261000151
06287781000123
00528402000163
09228105000177
15194268000260
02003628000176
37209434000106
01579560000105
08753542000147
11263715000153
02056229000173
10417608000412
27744333000181
33014556001249
35823830000101
02233406001626
11641843000193
10707410000120
80213705000983
07030958000174
01169309000172
03040773000190
04931102000181
76608660000111
61549259005735
14752140000120
06268778000162
52052438000117
00398535000162
00183769000192
09537328000116
11628282000192
09268303000164
78258845000179
87452298000159
02486237000150
20498499001350
02926357000120
75599951000128
24366809000108
14072798000868
27179654000180
03147163000432
60957784006618
14576502000170
03734864000125
14934095000125
08549742000182
02036182000186
01323884000188
01029450000170
27178014000156
02363574000150
00485157000154
08157759000194
19410968000114
89474506000570
17035320000180
18824765000101
03040446000138
08033684000130
24287821000119
11260446000171
17376885000120
19378060000170
22440358000178
86533916000122
15373499000150
11021397000114
07822861000102
13796311000150
01801974000137
13809422000154
07133897000170
04583420000107
72588478000195
04011798000209
06049974000731
02510923000119
10816307000119
08658880000108
83697078000134
93108157000116
00741629000192
31308290000169
14548746000149
17620798000177
26651095000105
17379357000125
12941753000180
13034282000190
05958002000101
36123859000135
34795401000105
01148047000160
10292914000127
07906656000206
26696003000103
08486414000184
11175530000197
89982086000290
13107584000140
00112543000109
28070589000113
07852476000108
32739773000180
10491100000111
93209765008525
04813863000139
06232644000191
10396986000114
17658057000185
06049929000191
00412876000145
18232666000130
17456607000183
07722621000128
00656243000182
02683641000202
29433844000108
04540560000190
04329050000178
01454299000117
84584044000287
15263386000100
06336111000150
01989200000181
42985218000435
43529262000150
12882270000233
28309624000104
00361512000183
04775520000127
11497984000184
24801201000156
17377349000140
01858932000213
18500252000226
01072021000185
13045564000192
10378378000268
02578288000101
01784198000104
15040971000132
12305217000199
61365284014911
27508816000187
39555776000103
03889658000194
93209765008282
04872677000170
18100267000116
05914929000140
01881444000146
02556246000170
02027184000109
90244153000177
16906780000173
07347035000140
13366523000106
16621095000109
18538446000130
14513015000168
02349103000197
06248210000180
11372580000164
00283475000132
25626946000199
03720882001049
70095401000239
26916462000147
08968165000163
00460507000209
02858376000248
18126272000106
03896246000181
04192442000138
09650840000174
13498159000120
19020791000140
06077120000173
04415928003103
00773151000182
05472346000106
27350430000190
21518354000100
07265636000104
16188104000101
01978869000259
10980542000121
03442895000102
08403578001091
15401131000158
10992235000160
08791515000169
02203921000187
08293785000905
00120745000194
10455791000106
12492742000160
01095254000101
73656522000110
07337559000150
24980248000124
00938142000102
15375991001993
09358783000154
35954379000153
09647647000184
10978288000127
08811620000112
08292401000174
09039659000126
21825241000140
33014556050029
33438250041009
06279925000523
00085446000166
00063941000174
33345943000105
07201847000183
24127601000128
78323094000208
12330323000122
05207656000101
08236401000157
26404731001320
10905179000180
08362374000169
28200947001307
07523967000105
02921185000100
33014556083202
09249857000114
11649005000166
02588217000190
17246180000199
07158977000180
41854464000142
11248935000108
30060610000141
07119129000162
11531128000106
15062235000185
19953048000142
00595428000639
03944659000194
92743681000104
06967098000137
06414734000101
19978338000140
01630173000156
01904436000178
06044170000154
86494242000102
10841386000118
07891920000196
00505865000100
91581124000163
20415295002037
10665667000167
03155056000103
11869357000127
93209765016200
33917105000169
10549071000100
12149827000140
01754239000543
00813658000112
00140661000112
12553542000170
13004510000693
17643420000199
91238741001132
14689370000192
02360975000156
08329264000103
12532153000169
03972942000634
05752054000127
93810760000145
15388496000190
45865920000887
30584635000497
41045121000137
07409500000120
11256854000150
07690843000106
28655552000157
10789658000188
01559646000176
07696727000285
39763032000184
24373276000183
35163732000187
17332933000189
15604012000100
09967852001956
10824285000210
11114284001488
63283055000176
28315984000119
13972083000122
24061365000194
01669873000154
09627871000104
10913040000188
40549628000246
11643309000116
07408513000185
65199036000191
05052449000117
05082145000100
07170440000136
04737552000561
07339309000150
92573666000157
07932597000151
08100875000177
