07284946000176
10237221000131
05568861000194
13226794000158
03144394000140
22303660000184
25608977000117
03772389000181
11397103000153
04940472000185
08985342000209
07075892000210
04667505000165
19579246000198
05753680000138
16526548000100
10267659000162
03476811023100
08234985000121
13384385000180
00958375000169
96031976000109
00984582000198
10664637000136
78901915000831
10922309000192
32808388000148
15795598000120
07552556000130
03990343000139
08017927000146
10443477000103
18235775000101
15570386000144
15508362000165
22734235000140
00379655000112
47508411092689
06235280000101
21211169000160
10765690000123
03818515000191
03078133000179
59312454000140
12218504000161
17060845000175
23131599000106
07495619000163
17313062000156
00008226000139
05338606000155
10250381000110
04579016000151
20145919000180
12971820000100
07331174000186
09065906000169
14984913000102
02030658000171
06141997000186
07807632000100
09310530000100
09941977000692
44616506000103
26023242000194
82587973000133
02393991000145
08386314000186
11000552000116
07442514000146
07297531000137
00856606000123
22564289000104
15766585000122
09152423000100
03499890000116
03261316000125
09687719000117
00920945000121
24284557000160
06881482000112
60692308000177
17491025000138
05699870000114
84501063000111
04771886000128
08104627000102
06058181000193
29911559000236
13028476000182
16173569000350
04594604000164
33100348000100
15351061000170
59892489000104
09149110000194
08788618000170
05808983000100
13739133000126
03273678000136
68130947000150
02192960000126
01393975000190
93725653000119
10627826000309
03860495000117
23768366000100
29217320000180
12793876000111
17992922000125
08262792000184
13311666000102
21845084000134
67019778000113
46169033000160
01991461001965
14140909000230
02019234000106
29564392000101
90294836000139
04139781000150
11087647000119
00321340000114
01876723000111
40872384000157
03472461000155
37101995000197
01246364000208
00001335000124
61365284007389
10531844000112
07160474000140
05786242000176
15464096000116
05297495000186
82871518000165
33258104000150
13374273000148
22797545000103
02634926001136
64308299000803
75988048000159
00496061000191
04054010000160
19098584000108
68292408000118
40557175000119
37509288000134
09382153000115
03768794000126
25540709000100
11384168000164
12222371000105
00291784000820
05335868000166
80796436000330
32694762000121
80139157000301
66004425000187
07557712000155
13871949000109
24882603000122
15485446000120
95420758000195
27410099000156
07123545000134
07868655000125
05684805000115
17256512002089
03840986003383
78585957000134
10565057000191
97422620010547
10917874000161
05886912000126
33014556095049
08902708000140
10784694000159
04275304000112
14295407000106
08824171002000
84610245000120
37979119000168
01933183000160
04083099000193
24743605000130
09300265000180
08645532000198
20037253000147
47960950022443
35397488000117
06018304000162
04613902000669
34028316015640
10722566000180
92665611007341
74753351000100
05789133000102
52330222000176
15181268000144
07139815000103
17252789000170
05122738000145
07623527000111
12394825000117
14524699000284
09362415000180
18704273001073
11673618000210
77800084000172
08785350000112
12325387000135
02219422000188
00145332000164
05333886000109
10595815000114
58636499000108
02614288000110
10870501000182
22778844000109
02949404000151
02082343000178
10638552000183
00292197000180
08725320000200
13211509000125
39790191000178
03575388000147
15233547000104
29004680000101
12517288000155
79098273000170
73304982000189
14513471000108
04445736000124
04207022000188
06262872000104
07769477000185
25344473000137
09418828000139
02352884000179
25005862000138
13551115000116
00135411000194
29804116000165
41894288000172
72908353003030
00620997000182
05031452000154
09721504000175
64452329000176
17268877000160
07032422000198
15910375000166
08459401000116
04661385000512
12742942000124
10840082000136
36153922000186
05973242000185
07278138000449
10899570000119
72110703000183
09449166000164
05164760000158
89169379000171
09415786000182
69366128000250
17185129000114
11951631000102
96276092000106
11685816000112
02077075000104
00833327000144
07040627000115
11290623000162
08172676000255
05863786000194
23028741000186
66883778000102
86915048000145
28942286000143
07300351000167
04465007000130
01074783000110
13954697000181
14412047000177
04577829000102
10616180000194
17823104000107
08095323000118
97553535000121
07737554000204
14405424000140
40463879000122
85076719000240
09401189000107
29090594000150
03892715000194
00063120000138
21098041000132
18172542000107
07147692000225
05093694000172
86429040000179
09214872000127
63004030004000
91046284002075
77906295000275
13225738000107
43257658000196
05444788000149
21067244000161
64766470000143
08066028000133
06261197000107
19020874000139
07435115000409
16502929000159
04367761000137
21272384000171
02742910000175
08932978000101
71332837000186
02401076000154
02646869000133
17161417000139
25531722000101
17342397000100
10428528000110
37539285000224
60829264001075
07871413000190
93209765018245
10893215000132
01772474000114
06271883000150
02077584000129
01822529000153
17460456000137
06006437000119
08417937000179
32234361000199
88477997000116
08687087000129
07947368000100
04415781000136
09614814000190
13441448000192
09192267000100
10158581000148
08946975000119
09159677000222
03034428000143
03333725000190
83896514000102
10445087000164
11859194000100
13992341000132
05914314000113
01063027000196
04815039000207
10449284000151
05783504000149
06180169000157
02564959000185
00836189000157
04166671000188
03231239000160
02498326000116
02821018000180
00159769000157
93209765028801
21925065000118
00180260000196
17870293000160
16516324000117
20007608000155
01742740000166
04119423000186
34028316449305
03258062000196
12442461000101
08404545000175
03004581000128
01215178000112
13597138000161
69907053000197
04803682000121
06206159000143
08750646000106
15746936000133
03878934000119
04210656000190
13418215000330
08230128000153
08580492000143
11480580000188
17512089001492
43283811010031
22138372000111
26395674000126
05816436000177
09619183000100
02071961000112
23004333000194
91292987001605
23020191000159
21231340000101
17549506000157
33014556002644
15489157000108
08398726000217
09566493000104
12160549000122
02787123000140
13610849000129
09512944000112
09298709000190
20914569000170
05776005000124
23172928000159
14018546000184
08009493000132
07160535000179
10406630000114
91222869000136
00924098000173
00096252000166
96418892000114
13403570000174
18068084000160
02890296000199
13703882000284
11049336000165
01791723000119
06626253008055
79356416000105
88212113003621
33014556006801
13376647000164
14793595000194
02539643000133
77488005000997
83240333003807
83237446000161
20517679000106
04308884000105
33041260123673
03435972000105
10422778000142
30539761000187
33438250012920
28580702000372
40996118000136
95046876000185
02525510000108
27271694000158
08476271000120
13259757000146
13472648000102
09026465000196
11296170000181
07615214000111
10430334000159
10483203000130
18740933000180
04623321000101
79636817000100
06556479000123
09389301000123
03766931000193
04220669000140
89740898000148
74213018000108
02492715000134
09149459000126
16986769000403
25760851000163
92660406002677
08922988000158
18020465000170
16568329000193
00613144000113
08261810000103
02537058000102
11943701000180
15056030000197
05095371000118
64565732000454
61325700000302
23085488000100
15461067000109
01399503000144
10990509000182
03108421000471
01712589000113
55808703000132
07884797000186
34028316653417
06269570000168
14725141000186
09574637000166
11429216000193
39409958000176
04127762000376
03133699000156
06057223005726
34028316068255
11600541000843
15995475000132
97124259000186
88991112000100
18126995000105
13427625000186
09247049000118
86386984000106
33014556040732
53872289000103
31010119000250
04921014000107
38060265000158
08409697000160
93798494000182
05961427000170
61115952000145
11495304000193
20865265000160
45543915000777
63935365000128
84048180000171
12041869000244
09626846000106
05359548000146
24699940000189
94820560000136
02455892000140
83118505000182
04823635000140
01096104000104
72459696000120
07717683000141
05028117000105
09260914000166
11982971000109
00924543000103
18599416000133
00886074000177
08170570000131
11149140000142
01761902000103
58228222000146
13710514000182
79086419000591
45830643000109
07861729000100
22434915000148
05031306000129
02690408000168
72578586000187
30094114004449
37517323000167
04209721000167
40403321000151
06131979000113
37070083000103
04356309000170
00903175000109
01790878000130
10771603000140
60604097000173
10535800000160
27591175000177
05430423000165
03556287000129
06572994000105
09590857000183
12506024000104
89982037000176
00534265000170
01937535000156
01656413000191
22838883000146
11634135000125
26236511000109
09943003000133
21864808000197
05371088000171
35490119000255
01629489000128
01456027000156
18845097000107
29093267000152
08339569000783
52138997000144
03893311000115
06215021000100
07240450001415
09326760000400
73317646000170
02174711000108
07037347000158
16920293000165
08931323000100
74428889000149
05518639000268
47896378000189
02796787000175
05901688000102
02250528000144
11641735000110
05948553000275
54310362000108
91521146000138
01432670000140
68748599000180
15245835000189
83468512000104
64167109000109
07565482000176
06373025000117
75277525000178
05431085000186
68065937000189
20220362000103
01450555000106
08069072000105
17209379000147
12073479000175
31831794000169
01597755000188
01422449000100
05215184000554
09175454000178
13391754000161
00219928000161
02801901000108
01963040001416
56074271000146
21549200000178
16881618000148
00685004000150
06036082000100
02012862003002
07924671000198
87776043000141
22805436000190
38008405000300
31906522000180
01945165000107
09368687000197
20665359000195
33082363000172
13231197000111
05730903000222
01114288000198
07400611001903
07761177000150
28161149000414
20320950000100
20465753000180
04556971000173
79182861000198
02310368000181
10860880000120
06916431000189
03431781000167
15743560000103
06865335000159
00933936000175
11734792000144
08251358000107
82696600000109
17202294000137
34028316049897
00506094000175
92660406003304
23679947000176
17078891000100
89237911011347
01487386000170
07571746001680
10806278000104
24206617000479
79854667000101
08724520000159
00124974000187
15661807000142
05951338000142
08235669000174
10445016000161
05971755000157
01626696000129
23084981000106
17390342000168
12722582000107
03683160000170
10488201000133
11279794000190
00877269000150
14622730000139
42564153000101
06626253018875
04994456000175
36458156000168
33331976000104
07821726000134
03711800000109
17479943000141
29169479000176
03974281000171
10486325000180
02648737000140
93112910000147
81128969000144
25156255000179
19961747000215
04052412000126
12140231000180
14953750000192
04079826000149
07817107000338
19885126000119
04246538000131
19741125000109
00741003000186
26703981000127
06723175000456
35373752000182
03039986000100
00883975000105
23210228000101
00658001000128
20714323000154
74122888000171
05115983000125
10894775000101
86422615000121
05941885000147
13180600000120
05311419000188
01856596000199
02811716000102
76628031000153
03639247000140
31195392000468
03562811000336
05099772000146
03476811067655
08593285000123
28245926000166
93640704000100
00497373000110
00921214000109
04517835000174
08661708000286
55330229000771
37372802000132
07265698000116
02368068000153
05815776000183
03046978000182
04571281000193
00122401000114
10766659000107
01386576000282
84586205000514
00735050000117
18505242000100
09538662000275
16464338000134
17155342000507
07979109000242
04165804000100
10890748000160
31094667000124
18428558000138
91623074000130
29251226000147
02370303000121
11725072000112
14126925000198
07578965000296
19160382000149
18322046000192
06337087000505
16714450000186
81586851000160
71322135000111
18245430000139
72621998000152
22745194000197
11994170000155
07691353000124
03047139000189
93064459000210
00614659000138
14370288000109
03327197000166
12621525000123
25770066000191
01319311000180
26320119000305
69901551000122
03541830000114
10763102000112
05742839000119
07562490000169
61980272000190
04460252000154
82218744000141
01894827000159
28048312000194
04327561000150
19567510000173
21313707000128
00846531000108
16713032000174
10447645000120
13766538000153
10515873000190
12194646000136
83754234017631
26401729000163
03283625000104
12957935000140
11280034000284
08345762000131
07267187000133
13410543000129
15081551000102
05416168000104
25969484000102
13321144000191
15164929000123
13816763000157
12769481000183
00612882000146
00000802001173
02734357000129
00967342000185
09060788000104
41825621000191
09175231000100
02189910000190
71031611000145
83109504000503
94383346000160
23613395000101
18721206000257
01458201000108
10508484000138
08895158000189
79985479000112
61412110026979
03306578001726
14016272000275
12218556000138
61585865105506
36121929000116
05852861000111
11590095000248
17263657000144
01939501000362
17185124000191
06116154000120
05985085000128
07294725000189
05625997000199
07756124000140
17089747000160
71507149000100
12095921000164
04473293000185
00282607000101
83900480000174
09127782000107
17158322000166
14749400000109
17702020000107
18715018000135
22456473000211
07460655000191
13162841000147
07302300000174
09951740000188
07294689000153
13158179000151
11827663000109
73599482000111
80959588000144
05084873000143
03757849000100
03257319000195
03755197000167
04235711000104
01180169000133
07060304000193
05817484000180
00763110000105
33014556060687
04296770000184
03567141000189
37572559000104
04481749000159
03608557000106
15103047018448
27847703000106
08616569000198
41264375000146
28585952000133
05994903000159
07309244000280
14952653000185
03121760000145
01558665000188
41314790000167
05672998000194
08100959000100
96919311000209
20738213000122
06090483000149
11739007000146
09449735000171
06539780000129
63863716000132
09566291000154
04429478006204
04831185000137
04613902000405
05601196000193
31665011000114
85255347000219
11786670000100
16950529000378
95025185000103
04893780000105
45109691000102
12358639000122
02740266000368
00854432000160
06573042000106
00510012000166
05660371000113
12106182000169
40893174000650
00306597009587
04422124000116
61506481010835
04289177000100
20935049000143
02417508000115
07251435000158
16233389012161
23701523000160
02012862008497
65344210000142
41526112000168
07255889000105
92665611030912
01046559000115
06185371000503
32756462000120
20056771000108
16891209000122
80119936000175
23523384000122
34028316565127
04644221000153
25314949000197
93589240000154
00854761000100
11752674000169
12336897000108
86830056000199
61317699000102
23778519000281
11569482000111
07189573000316
04876068000190
00910130000161
15016663000171
17799455000111
11780358000109
12396339000308
07662766000180
10279931000124
06907249000161
14406229000135
00758058000107
79975751000183
04954926000177
10821988000103
14055499000149
06118167000138
05979616000170
02533579000183
10319859000111
09058842000179
22661698000129
39537469000108
26050525000125
11967156000162
03071816000102
10784223000140
05062182000220
04257117000106
15378121000149
83164608000189
83584433000240
78621315000143
03315748000171
02956130000128
00422614000161
27022275000182
89713861000392
92649367000159
14190675000155
14722938000391
08750716000118
14549994000104
16744627000197
10327089000159
10993611000131
22497584000195
00688292000105
07807512000103
12996624000190
05346644000907
15669959000191
07067330000143
10992099000109
42958207000113
17256512011231
39375977000129
06955576001080
23938798000112
91292987000544
01138320000175
05900467000101
04104764000188
00024369000134
10380980000400
04451626000337
02687269000113
47508411008645
08366879000100
14862493000183
24156820000135
07900388000126
15320430000168
09185537000148
07575651002950
18779888000178
86449907000239
25296138000291
19004425000105
09010183000109
03479314000107
06023729000160
34360230000183
00959067000158
05540340000129
02629884000173
06055186000162
09486360000110
14613093000134
14957390000105
05661052000122
02104470000120
21784572000189
29521255000181
00306597003201
00581612000549
02339082000129
11005205000186
03101084000148
04470749000153
14358737000195
04363021000122
08752660000130
11589308000130
07656913000100
02944385000170
09599677000162
06071270000170
01399350000135
88761994000100
33014051000121
22873208000158
03485092000135
22991939001250
22384139000119
18029761000131
05144033000129
07158008000120
11863171000160
10018208000191
03476811033599
04088092000164
21492293000303
17183561000176
33246083000152
02010453000124
79111506000128
18350607000167
11091105000209
02512201000284
10976771000172
32886491000106
08660877000110
45466463000181
10313031000156
13205268000101
06023866000102
02158902000186
21246984000165
76177807000166
18647658000155
45242914017504
04112118001134
10659194000195
02549492000102
31258536000569
12569123000127
03253626000106
19733791000197
47016464000150
15361476000125
17044861000174
03796865000102
04427821000674
07482450000107
15620316000153
02030781000192
03816799000187
11258288000115
17534707000180
03723359000185
13498923000167
08852752000192
01654971000118
10798221000100
00509629000161
03959527000136
06170586000119
04699996000126
33014556025342
63004030006399
13691028000164
02191472000366
87305868001583
08779705000160
08349231000117
05078090000157
22073098000140
61838884000576
47427653008019
02466437000140
33232554000173
14002780000113
11050845000108
08007653000104
80218951000170
07272825003472
33311039000189
13207520000111
01119969000149
04068495000141
10785502000129
07666004000152
04145990000107
23444442000122
10851582000335
09473200000136
18786576000191
01437983000190
03854076000172
03315246000140
03779383000136
12755289000138
17511754000109
14294270000167
09349918000115
17636565000162
12424916000158
08227872000107
81231201000100
07299174000146
15550037000160
54985932000160
13800514000173
03767764000103
09410362000125
11041444000191
13859534000110
08578646000162
33498049000175
69896090000651
12079269000194
22488893000107
04784828000139
06597355000196
42853713000148
04118006000119
20461585000154
84950393000194
24544462000138
05600780000124
17770313000121
27911346000106
03403247000147
06066919000164
09069817000190
04768477001578
33182452000433
23362824000107
09149936000315
61585865157808
67054379000193
03189859000502
39346861010396
17536224000204
13232089000163
73909400000198
68793249000135
32299125000150
03727992000141
01416035000179
33687450000153
13521210000177
13653322000181
15512542000110
16010431002112
03793694000150
21421439000168
15366970000182
17670956000101
44432987000199
07473735007941
30445456000126
08830128000194
03737835000117
14005140000167
36161701000150
41907361000101
08531872000198
24178617000160
07742066000104
12841780000181
47508411083000
46746376000140
21890722000139
07410127000128
09215424000148
07720890000317
05133662000153
07067532000195
04779685006884
05060451000138
34977223000397
09026887000161
00101304000145
56133473000111
24216228000181
01421353000128
16580748000493
13763324000123
08882902000100
22045078000165
10177237000104
20635625000137
23612224000150
02867797000154
08875057000146
04658087000140
97542313000103
05783844000170
02421213000112
12094654000100
09025676000104
02856878000230
20167588000180
04919679000259
17560463000100
00671231000127
77808764000132
03750766000181
15143908000121
04813082000144
47508411013304
06698222000106
08528588000162
17254711000195
59463042000292
25225594000160
37979515000195
27582123000134
08307493000119
05323051000330
36470656000115
29754050000146
10789090000103
04774420000186
03496485000144
20805060000199
08870731000108
08587706000103
04244025000191
07322489000167
07337714000139
13670587000198
11850537000167
12840097000120
36757854000164
04240378000113
01272434000707
01904228000179
67816074000171
05340465000105
07631814000173
09448787000123
13428193000209
01662825000134
07956670000125
20316406000195
06106853000199
39136031000100
43283811011860
01223709000208
03058447000100
02959363000184
10156101000100
00790670000159
04004986000129
10348445000110
02323033000289
31739543000159
07099190000195
04235125000151
33438250030317
08027515000197
07308544000164
11218577000190
10992167000482
14644635000136
00960690000120
56507452000119
20820274000134
71644058000116
04565289001208
08986525000745
94327285000113
19142269000130
61585865108866
95622478000160
48539548000130
01126654000129
02465030000107
05515208000167
97401624000152
07566131000180
17659126000175
79888178000170
03821388000180
03579061000143
02836294000111
14029515000129
51268761000160
22751834000171
08878864000112
07263826000192
07487714000972
12801150000183
18594951000100
06969629000120
45977725000172
13004510025254
01541838000155
04066516000270
21308349000165
07134797000169
03476727000138
22017188000113
03449508000160
04540064000136
16986057000141
06956532000183
16973560000162
06969327000152
04604417000114
09478441000330
23069651000486
24423535000133
02729234000108
27709051000143
10374368000173
08071174000157
11396335000359
01438784000288
04234173000125
18635722000188
11782001000151
17005342000105
15358869000180
13052593000181
38155719000255
01154956001425
03204484000189
10660216000137
00783454000186
07693603000165
00162064000199
10518364000111
86653987000169
03702174000194
30448559000140
05031932000115
05631627000164
18468199000657
04537141000107
43283811003680
08722067000141
74037011000182
28485398000112
05305690000100
07529350000199
02000375000187
03627956000106
01001201000176
10361101000141
05236182000118
18164579000193
79690277000143
07932661000102
15538387000101
24375396000110
29995677000199
10926680000122
33014556166400
02770621000180
11702747000108
01414231000104
93209765010937
15734029000174
02113373000102
09332774000194
00954305000132
41479361000220
17766180000110
00622706000195
07617526000164
08932545000148
04275068000134
03456084000160
09516184000111
08248334000190
10220890000109
02386002000196
08036406000136
79961116000147
31448350000149
10391104000128
83144337000108
02240718000180
63401558000107
02562643000154
04899316004539
08509223000190
41185455000610
08989000000178
10361808000158
07030813000173
07152340000187
10213890000254
02348131000190
89173736000175
08960198000167
03901373000121
35820448000721
00088374000100
71095160000371
11629960000131
83817858006888
04647730000130
11469427000150
15703784000191
05871182000190
04870690000190
00711300000189
60545704000171
07186805000110
12646966000180
05518307000100
64351125000149
01000289000101
20621629000670
05664312000113
17974180000105
73340440000161
07037889000120
09551475000140
14508774000132
11634299000152
05214734000197
04338088000107
04898334000185
22920437000186
07075138002223
03911364000111
10945626000124
07219298000174
15752283000103
19111188000254
07467069000179
29142314000100
71420707000103
18739764000169
07817108000110
04963078000162
20835066000109
09010657000104
08958414000130
02203159000139
17652548000119
17822084000141
07008646000164
05118509000157
04721057000130
12300435000130
37405941000115
00293657000194
15575798001068
81254468000457
02545250000132
02558157037678
09253480000177
08759393000123
26748632000393
05215132001550
05073543000152
11324392000160
24166979000130
03354353000188
12569643000130
04723719000101
52557816000203
11373240000158
07760547000215
22840706000447
33896119000143
14116363000100
83248070000190
47756838000173
06626253033912
13857219000153
11106247000103
26865739000150
24368760000114
10414011000171
10248865000125
41043332000130
91500819000173
12077852000166
08181769000165
13235990000199
41094087000190
04438598000156
01300174000132
00405663000196
04164376000192
03769383000155
04854015000178
60860889000109
43864479000117
19718955000107
00000815000170
09309877000133
07467900000192
08517938000195
09326760000168
08855054000140
56145469000173
06061674000182
25630682000309
09000173000184
04268232000186
08385809000190
01754239002597
44585941000100
14411808000176
18286288000178
03015631000172
20306695000141
12290841000160
80306939000118
01438784000369
61365284014679
22519604000181
20441995000133
20131008000102
12818393000124
08174078000134
13707740000104
04953211000108
02897077000131
05530941000150
09153942000184
18996750000120
30442982000132
01697121000105
05802687000100
01440934000107
43283811014533
05745727000111
01322563000169
21218699000130
95383295000139
77307650000109
08753107000112
07504716000175
34624379000122
11132138000160
09519536000192
10321672000152
16355380000389
02103012000177
17580609000180
08064721000177
26083186000183
08184189000121
24648099000109
09478441000178
89783252000148
07417988000138
01438784001330
02843955000136
19972249000359
08942506000121
02525729000107
19053718000174
01716371000137
11987060000166
03420746000142
29833506000163
92797158000233
17866588000163
57508426001069
14656315000104
07679604000155
07211751000287
24393081000103
04742176000170
61585865098615
05735804000152
05331549000182
42497263000106
02042483000112
05342868000193
79430682025206
13217244000172
15151167000201
97228571000110
18472157000185
19972249000430
20628152010103
02871629000132
11313916000118
19296394000103
89317796000114
07790953000140
17352969000124
00041327003712
18802000000170
42299198000104
01307976000174
19514553000190
10159093000236
16920413000124
04612502000124
97147946000117
02829582000149
27817441000137
12968970000164
33149686000136
14508483000144
15767126000163
03776330000161
78945730000403
14467745000170
15151046000502
87413332000186
06118543000194
48783096000138
29824315000135
08318836000140
00293644000115
33333162000796
06626253027270
02347808000175
08079903000111
07994158000173
15087658000150
10420060000117
05871768000154
22387274000118
08055366000331
39107644000119
08287043000101
10827927000153
20384307000140
55297493000165
18390633000119
23994449000118
04630577000138
03941821001001
02807139000177
10209824000120
28739648000101
39090972000150
60886447000131
02859864000199
04065751000147
03674348000152
81697294000154
24216620000120
07820431000143
03059107000101
23547723000100
14563368000172
20510725000137
03640467001751
02629477000166
04866656000142
11086101000143
11579652000149
07392807000166
19925177000127
28823722000165
05422597000186
43386002000173
04729222000109
02223433000131
01612058000159
15284624000155
15902307000155
21245616000100
06887668002203
08914123000140
03514443000199
08533644000157
10370329000106
08267103000124
11187715000111
15513525000106
08399018000110
13185628000150
92665611004911
00786776000189
13553053000181
05854109000100
06984786000105
03783331000133
06214080000326
14209929000130
80313364000160
15091433000177
