06043742000180
29702345000179
11155743000157
00227431000195
09217561000545
03003752000102
12114401000151
11219140000171
23344710000134
10757785000103
05872123000136
05840592000173
02914567000107
08472531000270
79581781000105
74638156000481
07502631000158
07503622000181
65665408000128
10648265000154
92064443000164
24526706000150
00076232000123
08460196000451
01706665000188
04145166000157
82134073000300
04872504000152
89422836001089
06307959000150
04026685000368
04716010000189
11230306000150
01706165000146
37130432000127
23870931000146
73849200000197
84683481012000
10995373000101
41377748000195
09191054000156
32414740000160
20415295001570
04698533000492
15043632000100
07399435000108
10869569000141
11257596000126
16755871000155
31711000000123
61235370000100
23716038000160
26497032000138
02342620000215
97295042000139
41945056000104
18190224000179
02642097000161
20379786000107
06172706000117
09040436000189
07964337000168
11585897000189
05643334000105
17268420000156
10832251000196
31719933000167
13073323000157
11511042000103
55329551000195
24853242000196
79095493000140
00572556000152
80091515000183
03932402000112
04387730000148
40759367000108
07230665000130
14164330000127
07564036000147
97422620008054
10204524000158
17772234000150
36102853000181
76509041000412
08589297000184
65371023000158
58890252000113
73552044000106
07646008000250
10889546000107
17943652000162
14266535000113
33014556054369
02203356000158
07857573000185
03907296000117
08625990000246
14808073000119
10714134000128
64308299001010
05946785000294
18810176001499
44622389003793
08097341000139
07390605000185
04192046000100
01008212000188
12038898000176
05234250000100
04112467000184
08188798000159
10667379000141
20984316000172
06057223007346
22321353000126
03980429000180
40596389000102
05038640000104
21117496000239
14826677000198
26224992000124
05732135000165
32216244000100
04063503000167
06626253044442
10784069000107
05270950000150
10412791000110
26794305000106
05235351000103
29253444000110
07839831000109
13540754000186
04985786000285
06012414000621
02409008000131
33122953000262
04330438000199
07739981000213
05338461000192
15469234000150
10631712000162
05144904000104
09256342000494
12966672000135
16627283000136
41849415000111
13467147000138
71033872000102
20413517000110
05402904001139
08770977004510
01395689000163
52203858000157
11384689000111
02015259000131
00092029000140
82393471000171
92749803000242
06977908000136
07544373000334
00843444000199
73905374000120
11438904000110
33884495000118
14484746000122
07229913000123
31541824000100
11757299000140
16827928000184
12366851000131
04211357000170
10319607000192
12185800000103
00392115000411
02036195000155
11548019000193
18552041000237
08869348000121
25597923000101
05294853000105
07700579000144
11081438000168
26021690000159
15752569000180
08952328000110
09274067000199
03632591000108
04709461000199
16874417000113
16925574000100
13793559000168
05095233000139
04927320000142
05761487000149
22988517000173
11045244000107
05376873000117
94358132000133
01522391000177
03039815000172
11040212000119
02130167000100
34991521000170
07116969001577
21261984000134
14159188000120
81138497000100
13035693000108
02934634000147
05113240000116
25291592000179
20627559000153
96681861001123
84054329000125
79932992000145
05888030000108
12083037000100
06814340000132
05805761000568
03200796000114
89122972000839
12115412000156
22962401000327
23874146000161
33609207000117
03265579000102
06034506000106
10558340000196
03755275000123
15931256001161
00310712000107
01740627000141
09074500000142
17256512019992
15791257000186
93209765018326
11560252000191
18904443000172
06331317000197
15521904000130
19280677000159
00977972000130
24223042000150
24866643000180
05600759000129
12988127000220
13332261000150
03675193000179
10578365000151
12403920000130
08139789000178
02711906000220
01387686001079
07533048000104
11721374000112
11033038000187
21850286000174
14631190000150
10680581000103
11824735000156
84410240000154
25019122000150
30134147000135
47508411168090
07997127000176
20872701000128
29831526000103
06227397000135
97478424000106
03297954000104
08644747000194
17688534000155
21718430000113
62018759000400
44008985000177
03375792000177
14595616000167
07846325000139
06957444000104
11324994000118
00699393000254
38646360000138
23582505000107
45543915034248
00089602000400
09202230000108
39346861043804
04478029000134
17358778000170
82956160004080
16670085056614
02865597000162
31331290000180
19988063000398
15055757000150
07236609000103
11997976000105
07348159000140
17256512010260
08343302000174
11430677000267
09506358000165
06057223031301
11259714000135
78522125000179
07150855000148
20927537000109
05215132000901
01505499000151
96363684000165
13318313000134
15547128000147
02625717000154
13062725000156
02268275000136
19552610000126
14837580000180
27340074000638
01251204000168
12085224000122
78112828000129
21195442000291
33041260129876
03906467000193
61585865050680
17854811000152
04580446000355
80934631000117
79183067000169
22506135000166
05083820000108
28699353000140
11548909000103
02307815000143
83581959000195
00436552000147
43158302000529
07866327000190
61778411000440
15682792000107
21612373000193
12381827000171
04899316005268
01732231000152
03826666000191
07668339000100
00194684000100
03450672000197
11810229000108
26579029000163
07351043000160
15023116000113
93209765024563
22712005000180
50763606000157
05741378000160
08488475000180
11706688000146
11236344000110
07806648000107
26491406000108
08378977000159
11505046000189
15517907000108
12072458000135
00041327004522
05590501000199
04768626000101
05339887000160
46797882000169
12741045000104
13530724000199
37869336000103
41264904000101
04656268000137
05408429000136
63015937000746
45543915010659
17089772000144
76822832000155
09500546000186
94846755003251
04554733000129
09443646000118
14556401000137
01209231000172
02071075000199
27678317000138
18258324000270
48925960000199
07285453000150
08847056000198
61234985018585
18972259000160
10489428000101
07198293000102
09577922000130
24414417000169
04085287000150
07681119000116
27350983000142
24606516000142
02431758000100
04201944000188
02614842000169
13974867000270
90755042000125
16949951000141
12373561000115
07310885000174
66256678000148
77143667000178
21104745000170
24197297000195
26195317000114
84051531000101
18260379000134
71322150001727
04444701000170
28868156000108
08192799000177
00431274000569
71834089000130
05310410000152
58799701000112
01537467000138
02892805000112
07855979000129
83596775000360
09283009000121
19707464000160
12540172000137
13769134000113
06284977000164
18872146000192
10988651000195
01436181000166
27989722000177
87785721000132
01706770000117
04034459000167
09510334000180
70047741000103
08847860000177
43708379007295
07473735013321
02955817000149
31209836000124
82556283000117
14621647000145
33262593000113
19120586000156
68698208000160
09385509000174
01605214000154
02338669000113
04927556000189
66680174000150
23785509000192
03407691000300
00533571000191
10779196000118
13989976000180
18868315000110
05021377000140
28308667000175
07659365000171
23412041000190
07385022000166
08647624000107
33718942000169
14232071000124
83277913000187
85602472000177
04359272000133
05125726000255
29663762000150
17710078000100
07674688000134
07629324000132
89470462003606
02336200000145
09260941000139
70394499000144
32567893000148
05949788000109
27939974000191
12457410000145
01316071000160
01047035001030
05857567000100
43283811010627
11989636000124
24804263000111
80035348000153
19709344000100
33402553000120
15588700000116
13730048000105
03042891000137
08309233000263
15131601000100
13154073000180
20743715000141
07847191000170
10173808000124
04709850000114
08007756000174
00702158000103
31353012000123
03536156000260
11828725004348
10365517000138
00705873000108
05194952000107
02252261000124
10355593000162
07825412000100
02665586000139
05503214000102
05307247000179
31217037000108
21675036000145
33351446000110
01536473000170
18219064000143
13311078000179
06206950000153
00600717000174
02821231000191
07220182000155
79204855000194
09798893000137
04116398000187
84654326000122
86653987000320
33592510031548
04190025000156
14512573000109
13501187000230
95770228000681
81122905000136
12028490000113
17279994000120
39346861046153
06921643000154
11755744000132
11416783000105
12461379000116
65409872000234
01793110000110
21782463000122
11676388000161
15839427000155
08049174000150
94906989000140
04813224000173
26835009000106
73734188000175
82436007000115
46555033000107
03083231001419
17281668003920
10406446000174
29777646000161
10555665000115
11775689000142
13701544000122
15492105000182
13243288000258
06272446000151
11483520000119
25001994000191
01970665000190
00887870000124
06012357000176
26880736000195
29782042000103
32336786000109
21049788000109
04786020000190
03616708000160
07272825001690
15479829000196
11495981000101
10609053000168
09089407000101
24073694000740
09553451000120
04401629000102
12426910000381
08547348000105
03147271000162
00073245000149
05775840000140
24128401000190
08697957000140
05077468000106
01051143000195
08298628000127
10856783000163
07972512000169
06968679000193
08887412000105
08290555000127
02234943001429
23831882000132
05114227000181
06284799000171
03009809000172
05129480000109
09455646000138
61585865095276
11150786000140
74788175000141
00957872000142
92016757002054
10325125000145
08862769000120
07104662000150
02761103000795
49152929000125
14237251000107
13220542000111
06954948000162
00870507000104
98338072004488
07788535000118
09571976000199
27511584000116
29602356000268
14208928000170
31815194000107
66280827000104
89470462003444
39346861005988
02464848000105
22580556000137
33404666000164
17080083000179
25165758000100
34172353000190
33076688000142
02284908000108
03191191000104
25176641000122
01486101000349
06217440000181
02314041000420
18009894000146
08648237000195
28130849000522
09411539000108
10251517000107
03802755000289
03311276000189
01484379000115
10520434000176
00751947000134
04770693000152
04657203000106
07854846000138
21414958002223
25199962000142
21097477000107
07024589000107
04576775000160
31293924000157
01365023000162
54759238000124
06324360000125
09031809000155
14928366000130
09217561000707
05420064000165
15541913000192
04764505000183
01040092000104
04578091000106
05774170000147
02861273000156
03726755000166
43283811015939
02278249000199
08211109000180
02371266000176
66770488000144
03845717002257
08861396000840
10280765001581
39346861032608
66093535000162
13280909000192
24359626000157
04583790000136
09565759000196
01109899000148
46209847000181
78515624000309
01173974000130
04589633000138
05616656000157
07617672000190
27129953000100
14863271000185
11899745000150
86495074000161
14303146000110
04601308000143
18218664000197
17142572000108
15158913000108
20327799000132
00617251000110
02037327000163
10737761000184
10947776000177
33731183000174
16070906000112
05319327000144
06626253014535
01491205000180
03269093000142
17938757000719
14853737000161
28728145000122
37589686000108
91146134000170
01644550000106
15168380000145
06952175000185
18414827000107
60872306015191
11805060000106
70391933000132
14585664000174
02371251000108
06626253060642
00338915000616
02213557000136
14395825000167
04237235000152
42270058000103
02202623000253
40927550000175
36876126000171
07690299000100
05504249000158
08770977005169
82451048000180
11077043000191
89432652000109
29281338000140
33014556001087
03106487000180
20167437000121
15209697000182
15737893000120
03489682000136
10794130000105
05026494000105
07929689000182
02997222000156
07787788000177
13105003000131
05850693000125
92665611016766
12562918000103
19921718000149
05980359000196
02503579000130
68329226000255
23059596000524
08986388000153
11305234000163
06228417000192
09338237000232
26337793000122
08699961000148
93209765015572
04648182000162
74772070000102
08842314000143
18293847000177
08255900000191
03613556000141
08692843000612
09089849000158
12094662000157
15008092000123
05492338000121
12145475000902
13795809000107
84306083000131
13300493000127
05254091000105
11635061000141
04234216000172
15004613000174
00314831000138
93959591000100
12077160000118
00900067000182
00839916000130
11298770000189
14104873000159
11392761000152
77026540000179
08197100000161
39346861034309
11552917000115
02715022000244
27655695000104
16721313000179
11049985000166
13936830000177
21977156000105
07297678000127
07978401000160
08194304000149
00494982000115
94989027000100
33014556065808
06186606001898
09037821000177
23099106000190
07540669000387
19206665000184
22187838000179
10930171000173
02934809000116
02340227000101
29814050000194
11239927000103
02198449000131
04082624001713
20966273000100
00055978000231
23636277000291
14047262000116
32237257000158
03891671000188
15746936000303
10331501000104
07051789000159
02152072000180
88212113033105
09601087000127
21116086000192
17157314000103
57888497000143
11690296000136
75920835000169
07059735000300
03284796000140
11663480000197
10676848000199
08490694000102
41672528000194
19694451000102
17284346000161
10276587000110
00777674000873
62165436000198
13805941000144
22182703000110
14561699000173
06880293000125
00126996000186
12063581000190
21893578000194
84654276000183
01966944000180
10370481000180
09643977000100
18891616000165
25848060000190
06941400000188
05933902000102
08942331000152
10867056000100
00093800000102
05764360000183
06126094000126
17691999000165
04490027000160
70042429002170
76430438006889
04462689000127
13365230000104
79756680000128
15728547000185
74088485000153
90287087000112
09053567000109
16189813000101
08309672000195
27762115000170
43667922000160
80950553000144
83191221000200
01438784002493
10741791000164
13129763000189
07833328000138
32876757000130
13520310000189
20956405000105
03995515009385
37094117000191
75677864000141
08208729000240
11392844000141
13788161000133
26092484000130
04572252000146
05169892000172
10415150000110
08040982000157
14409690000141
07240641002025
13161435000321
11249687000110
33664525000180
07474140000140
08805698000205
09065652000189
88127857000118
07415082000931
28788437000150
10816738000185
13037587000155
09079447000172
12536852000268
07014764000428
32937427000298
28560712000184
08891283000110
11660716000131
03259962000158
23881083000170
02918053000111
22483447000100
00914217000107
18105901000103
17375792000181
01748962000196
00071655000150
10451609000130
22403588000167
20423295000116
11074950000349
33086851000158
26881296000190
23827121000107
00445168000100
08282574000101
74229170000189
27390604000148
10760171000334
04511206000137
41738691000374
01243177000181
04897444000122
08703980000109
12097051000162
00923864000347
14939927000287
02151638000159
22618488000158
21698673000137
09497535000194
08976685000118
02167734000195
00271996000170
11858638000184
08824171000570
07103588000158
69602373000139
92198795000102
10247918000193
10861624000157
03765001000115
08781762000184
78707965000106
08665816000227
44993632000330
70176060000145
76720762000124
00599333000189
00928513000167
10486315000144
08074027000130
05735275000197
04518310000153
07975536000171
05856213000133
05481285000305
10188403000160
04677728000103
09719749000168
17059084000131
05230009003632
14432345000129
07406222000158
04149637000871
15861412000193
71899645000156
05380440000135
04426061000176
33118799000174
11783064000122
08676197000195
01705205000135
21492293000141
05088627000160
06242276000324
31062334000113
03250754000198
07058302000160
24904805000128
15012049000131
03357361000188
00416559000105
08570576000104
61198164000160
47960950081296
10881036000185
02894377000167
17475458000108
03982296000181
21726964000191
08812872000166
07839504000149
03402181000251
07772298000105
03610576000169
09056191000188
19848233000177
08832774000190
12810631000155
21102785000183
23456233000107
07148938000100
61022430000107
30428586000150
04244054000153
02905110020234
10980777000113
10558961000170
01024474000136
11819234000181
92660406003720
08157130000144
47235528000103
04609739000156
11956375000146
10337197000374
08184963000102
09557999000149
76863877000178
34217372000196
06332454000146
04132531000199
49708183000193
10326841000147
37046935000119
03116557000180
07898850000106
17137298000189
19240305000107
34028316202083
08378117000115
01307862000124
25416090000127
08783392000114
06698495000150
03840986003626
01458352000158
14059513000182
07687085000177
10464706000168
17691823000103
93489243002089
06626253040960
14406099000130
01669636000193
47508411044609
02114575000322
13352897000164
26868052000178
13191795000104
79858221000155
05680070000151
24932108000180
75010595000165
02100974000172
62031547000101
09419668000142
01172655000100
19511687000158
60196532000178
03611397000146
68302520000192
01523960000107
16829596000177
05951204000121
15541879000156
11440349000160
95239836000150
15064145000123
09103381000109
71207989000157
69557270000102
01536135000562
22277623000149
10227348000250
01603605000997
00629129000244
08306054000191
03694641000181
01024914000155
04572389000109
89640791000128
26501450000151
17070944000138
84743152000174
02976013000126
83758490000117
10771715000100
42261206000115
04452365000108
11434808000101
04675147000302
00176319000172
10654312000172
17192034000128
05926648000107
03291452000168
16984768000187
06913887000195
01669237000122
09331882000142
61412110016159
13238766000150
32265738000177
12868498000198
03408679000140
29628340000143
03577081000185
02692756000174
13224004000103
35513704000142
80781636000157
17702749000183
71911127000100
52858214000105
04108937000136
11786404000179
11405968000114
15575953000155
00533018000663
01768738000166
72724826000104
04587328000107
26787572000156
78323094000470
05315179000190
05842699000231
10672188000178
12402398000252
18163335000196
10786028000150
08801561000282
04004663000135
96238191000101
00927334000105
01958185000104
61156055000180
10336120000118
17979545000194
23117881000120
17088351000107
04864309000180
92657691000119
22551998000155
33014556007018
04309252000158
34028316126719
00718661000238
07220105000103
13580031000100
31487473005310
10285063000195
10947781000180
29506749000197
18080698000168
08926955000186
42063727000168
00571727000129
07863610000168
23593336000100
04641376011413
13280697000143
00913274000171
08413902000161
01774772000143
07701021000183
11892219000169
31329313000111
37135928000193
22885915000164
03010885000106
08770936000103
23429368000175
21145463000111
19642998000156
20831624000168
08877663000109
27999440000150
17713122000128
18098382000101
06130379000130
14073092000144
04338859000166
19242158000104
04502809000253
17024313000182
26459483000180
16230526000106
58682881000409
23907933000243
09484484000166
09009339000123
35229681000220
17890392000104
19659094000133
21043390000157
61412110004738
22991939003202
11720765000112
05877810000144
03844923000118
10144575000131
01689948000169
01437488000181
16685710000132
72109390000143
76593318000195
17819084000192
12105267000122
01819903000161
04547233000160
11478234000165
40872152000107
04228625000166
37826807000279
00186777000192
23073000000117
13990312000131
18765716000145
10547072000107
27340074002681
00814869000170
08218864000196
00332485000110
04305162000270
80041114000119
04912953000187
17679678000145
06140940000243
20855432000191
01153837000133
03139840000128
07380589000140
13646766000190
44623643000167
84053164000177
15574381000190
09060747000100
79408746000199
15355036000165
15142127000112
81470734000136
13266190000135
09424320000143
17960530000184
19963629000165
16606831000141
02771871000134
15738322000100
09623150000126
24380578004176
02511525000117
35841949000107
12247272000170
09298074000120
09149834000138
10391441000115
34270751000140
06966662000105
10395293000107
35991793000132
16874360000152
20984582000103
07533743000176
27248426001278
11866586000198
25357008000130
05230009001265
57885329000102
39253505000101
63183594000133
14131905000105
04344283000140
13398201000300
08084526000109
12394413000187
24325301000153
14133116000103
01788102000186
01056269000152
03653100000105
63217004000146
12764193000136
04675588000134
10145897000103
07343373000104
82263609000118
07583041000601
17948172000194
09071551000200
32296378004320
72093636000136
07518278000102
24683583000160
01423513000178
01610333000103
32350027000109
01087108000126
00807091000171
38078978000149
79689501000187
12778821000132
18579330000149
00529595000177
06044676000163
12478950000105
11816729000157
16703243000126
07456665000153
22307419000123
04066731000190
19136055000151
63630420000171
01582892000149
01302336000252
03148020000100
09579466000168
07482132000146
16650471000185
12992512000160
14820709000148
09111788000188
92985522000108
00438024000127
04899316004024
07341009000105
03528519000135
05640270000180
35038736000133
03864143000130
02442437000100
07532604000128
35654425000107
74142670000189
11263447000170
06206389000102
00837748000143
05018563000120
18713840000167
33803798000169
80284540000183
11781094000108
05301937000110
02596396000107
20041109000184
17490170000102
00019299000126
68784164000190
07034187000193
04008437000122
07026076000569
15101239000125
05243547000131
02971360000590
24339384000130
22952316000116
69554137000194
76573260000118
08792577000195
02635488000159
04695119000187
01475858000175
06599260000101
09267050001186
03627602000161
04948865000135
94008646000169
11555834000180
33016064000130
04831009000103
12717271000141
13055808000118
84866342001231
00702298000181
22586158000128
07111833000179
07651911000128
41251513000152
18425768000172
13062739000170
02024254000175
27744333000777
33929175000137
09632300000168
05490002000120
83240028000123
29110636000178
30054316000127
11164817000111
13376135000106
03186091000190
06175598000136
70170782000192
25079648000126
03972942000553
08364837000121
04143652000136
27571787000106
01774364000191
07575651006602
03508406000178
11828411000196
03133119000120
09088072000107
13053278000179
19334181000200
09310518000104
27473669000742
55065254000180
37839347000132
01982219000104
03311316000192
04200707000100
03149600000104
20097811000160
03040687000187
06537457000116
07261876000130
11204908000133
13203138000130
26036995000134
21698527000101
13386081000402
18185214000145
09563341000140
01559046003123
10415029000198
10667817000171
14277373000119
51687713000106
10331378000121
15228688000139
03768612000117
00293802000137
09520232000145
90978982000183
19097870000159
00078324000142
04857395000102
17324362000130
01344246000143
13823933000120
12071223000129
88469788000120
10901996000160
63668222000105
05649538000145
03606607000108
09186280000149
21913801000118
00527094000151
11034470000192
29348554000166
16662118000115
06878729000222
09439153000104
03968527000100
12871035000185
16611705000185
60537263035709
11330758000104
02681932000172
17643177000109
61365284017694
02904254000160
04742750000190
18960182000108
05288920000170
08831331000185
12573626000176
09090178000145
28129260000695
00921816000158
19503835000192
50973791000104
35611045000187
76174911000105
03814669000105
09416960000101
08940483000116
01991038000640
11100599000151
00763459000147
00838374000261
01276256000350
03456084000241
01063076000129
08995379000129
14639868000221
05743084000177
47427653000204
37377934000661
08445910000190
10694409000109
79216073000175
28290567000169
06199024000106
63004030006046
09249662000174
76056522000177
09688527000125
29299508000114
02040026000199
28702441000154
10174308000107
04899316001785
04847058000126
00118685000175
33200056003245
11157558000100
62032875000122
28684033000117
16369838000197
08692843000108
05346644000230
12971696000182
91722348000148
07071797000167
04554147000184
17957431000143
15807170000150
73397341000116
11847977000165
82382458000389
02843268000200
16732276000102
08147689000193
26525433000154
12832324000175
03006233000190
14168723000109
12326262000120
63004030002725
24070518000160
13232868000169
29963303000191
05875762000155
45543915002044
02792468000191
02328689000103
04188024000177
14714021000183
06158063000238
37101862000110
10535965000132
07374210000199
13727098000125
09271603000100
07432501000196
20815074000193
02481843000182
09015122000126
26614567000141
03398583000149
34413971000185
19972249003455
08325922000180
18548744000100
08351530000277
01537271000658
12654402000199
14991149000194
04536459000165
03194721000178
03654492000127
25125425000158
15601564000157
07637261000166
09081924000134
18199475000114
07168943000177
06282033000158
10789171000286
03590418000941
00901816000196
00670562000142
04193079000175
04439667000146
33423815000132
80453574000154
09359523000101
11071378000100
07775787000293
92783927000830
13668053000470
00980113000281
10683029000179
04746126000160
14452145000138
21414958001170
50947605000162
04585610000155
02759259000146
18804081000148
17327070000151
08864907000100
08812861000186
10633188000169
01274396000128
32921728000142
04149191000109
21565446000133
05395691000193
02666152000153
07436088000138
09056210000176
68759166000120
30219113000143
11261268000101
80004484000186
23188565000140
12700401000133
06269189000107
19823608000144
13008112000130
03693271000168
09459572000108
94296175021562
42354076000165
07743792000133
11870669000150
08600936000165
02307922000252
17210435000163
07527036000177
07969804000142
28074219000154
05782456000174
14656279000170
13569351000160
19967505000158
17229490000103
13294072000130
90935891000160
14450682000149
07759457000123
02774014000198
29457107000145
01597505000148
16668689000167
29135431000147
00337010000117
92028224000120
14540245000116
04290654000158
03122777000117
58765165000134
17400780000160
32341158000111
04052012000200
05023260000104
01598102000113
25244369000170
61591459000444
13011896000156
06224596000190
63731699000180
05044655000185
09016135000110
04490766000152
26776732000161
72832504000189
01879473000173
02899072000148
01353895000100
06276002000194
08141031000174
22758599000160
07350205000146
07890867000109
45242914026325
10775433000172
68279868000106
29856682000110
22959779000100
01720500000160
17695813000731
11115817000121
04372729000140
93439313000121
94616026000102
07647709000122
09526603000104
07114802000171
75400218001023
31178171000139
05578837000306
09324914000263
20575775000100
10660420000158
14466432000105
24979910000126
01969261000187
03903050000177
07772350000115
61099834062382
04004878000156
08656192000109
04185877001801
04659709000154
21659945000190
15775618000109
02269203000103
34028316458800
39786983000411
07037895000188
03716138000180
18024123000128
29613164000419
75400242000171
03884337000105
01536150000187
92665611020607
01077010000279
61585865113606
24924003000180
80848047000149
03220559000115
63448930000122
13699957000110
11182437000100
05745749000181
02383382000105
