10364814000320
07688228000165
12009923000193
10221030000181
07734216000120
02155469000125
04334766000163
05095050000113
13073747000111
00974366000161
25311308000189
16629158000165
18054617000155
37063328002372
13558797000199
05323733000180
07512313000178
13349131000120
14523498000181
17831818000159
36470813000192
12061668000128
05925692000100
40853079000118
72066616000176
04849460000140
43822394000176
47960950039508
06511885000501
15589678000129
15583522000130
13545415000192
10810467000150
04881955000156
81236101000168
06997945000106
07169688000187
01667626000119
01160454000192
00310500000120
17261580000173
00694788000183
12595789000150
04562749000264
81254906000134
12535161000169
08219775000164
11021386000134
14074181000296
09478277000107
11150917000199
35597335000113
78984119000133
01332893000135
11041538000322
17074648000105
13615307000149
02561251000170
28630286000108
28264588000100
17599794000154
18676976000144
38035010000135
13180395000101
07777012000176
11841687000104
02868761000195
05335900000103
11673361000115
18127865000189
09390705000137
29174609000169
21586037000113
13347580000130
35164797000147
66880402000136
37982832000160
02906922000350
00498955000110
07970185000106
05367920000166
23393804000101
03138582000165
27669640000145
11979742000127
08457452000109
50446285000167
26546407000102
00379858001342
29316205000162
21801938000261
03006483000120
14727554000108
86380318000241
05332644000109
11284820000179
03941821001273
08331223000143
15565011000196
17267774000186
03098741000145
07931374000170
01738515000156
00471932000112
18988625000179
11908129000119
54730841000183
01604316000155
05079078000167
17930118000111
24073694003847
71291512000100
00577594000106
25276667000142
72434343000175
71994487000113
00602414000190
24257172000103
20495149001500
05265839000175
08982478000176
54773494000176
08594880000183
01256639000103
10195209000101
14060985000236
25406444000152
63503007001622
09544154000119
21850215000171
08946693000111
03794508000369
18017208000189
03782227000124
43283811009700
29142465000169
04730440000236
19414463000209
08433376000100
14819593000127
11203576000172
00406656000109
11110788000105
03811289000117
09388005000108
14072798000191
03375396000573
10736854000194
79863890000468
06969283000160
09370306000104
13396503000170
07104742000106
10765882000130
03698290000187
00808242000106
73239949000112
84821198000164
02907046000114
13109391000129
53479044000102
02550768000164
22040085000174
21503193000173
17079479000104
03917055000159
04587421000111
00668612000157
04245434000102
02308702000405
33711920000177
08578259000126
27024819000145
14594344000180
07384350000148
14457607000290
80112501000280
19987528000124
12005360000165
42591651073027
12907563000147
02158629000190
10214104000233
38942603000185
02839910000198
05315665000108
91872242000120
12047458000185
26432146000108
03181782000109
28293951000115
09067961000198
01820309000190
04658411000120
28363332000150
40405599000168
06057223032537
15586878000128
27719994000157
06976959000143
94748399000137
06943491000190
05775984000104
35714880000142
08624092000192
08385817000137
76242676000153
26985424000146
33041260074281
10960605000188
32064826000100
05020360000179
07458446000103
05932911000170
24765513000151
02595425000116
07794455000175
20787822000171
07919014000233
06108813000186
35825041000100
10710253000102
29308111000141
12248126000169
22144126000172
03372804000100
00520505000187
18797769000148
22355015000105
03084401000165
18768042000132
14051626000131
09338554000178
05149416000190
03458860000161
44524312000170
17608648000148
70227772000146
00151725000261
28129260000423
76530229000108
02037862000203
04825223000491
17636443000176
26017707000102
11038334000170
02713654000198
11886613000194
09082448000176
10526585000301
19952918000169
15595331000199
01659350000127
13887918000146
17442394000211
16734256000162
01504000000191
93092856000115
09004921000105
00720551000120
18669596000182
30477480000147
10350146000110
12689295000304
01944121000154
02067860000178
08219676000182
04744153000285
40851057000119
08471051000103
03595692000156
69961811000155
06626253029303
18202856000105
23685795000114
27833508000127
13309975000148
04869891000178
82965104000103
14101277000115
85513943000170
93684447000108
24465971000175
47427901000128
75806349000114
00785034000139
17029006000194
04765299000126
16041907000139
02870326000103
17218795000101
82620824000129
04330393000152
04023275000100
20541021000121
07911085000109
07174248000118
02762361000109
12220395000117
13972593000108
11157638000157
17210590000180
04253407000181
21942899000131
02100767000118
92607571000964
04504869000124
03658766000156
07871143000118
24472331000192
18191026000120
02683485000190
15758457000137
62338694000129
12907402000153
10935903000118
10382457000161
23043591000180
42591651176349
02258207000196
08306007000148
05913663000110
01892399000125
09059620000170
16869821000107
05157725000101
10436691000124
79554168000107
08214295000291
04899316024130
04762645000112
94200532000116
94250933000180
05296015000162
05759182000100
81331837000115
72410996000114
83768648000130
06057223030836
06207085000160
20863338000184
09123020000124
12053850000137
09037103000109
07218257000163
00101571000112
69946440000132
01588657000184
42016055000130
01964733000109
84008473000125
04899489000136
10334641000136
10372407000101
17504409000148
15375991002965
04082624001470
01911391000169
80583651000190
22641575000126
02459473000349
33529066000122
19963755000110
16538825000102
23093614000160
19193778000192
37985256000105
02952164000144
16610373000114
20482603000184
16233389001984
25246886000189
15730984000133
12701688000116
06293061000170
06778591000885
01187862000138
13358914000170
07179776000160
12026550000169
10988014000895
14398937000171
04219409000154
02021515000101
16686068000106
11011698000167
42818922000150
05631501000190
01756012000103
69330132000188
03642659000130
18239708000165
28512291000116
23360605000431
33625625000106
14492292000131
22387424000193
10561214000190
07121491000178
39368956000267
08803523000188
05944030000170
00984674000178
01835680000126
05197455000162
27029412000100
14507542000160
41790569000185
92199009000191
87371365000100
11316256000129
13041367000103
84877786000110
02077771000102
61585865116370
00924845000335
03355659000159
35898451000172
10408221000157
18716169000108
00984084000145
17964658000116
18170050000182
18782387000140
54302104000180
00819274000107
17268115000164
30025613000144
17838047000121
93579969000140
11129629000152
02558663000151
81344129000119
68456748000137
07980576000101
10298428000116
08329843000148
75626283000342
84711084000161
09201707000130
93161396000130
07236436000123
08197918000184
93489243003484
16098922000113
02985481000167
08217668000105
20878110000168
17609764000181
15156422000128
03446578000245
09197528000177
00410908000173
01013346000197
10855263000136
13876880000106
04566866000115
06906640000141
08004122000168
13753902000140
08277786000109
07100167000173
22231259000186
89909147000102
06032405000198
05291617000127
42563650000195
61842688000141
65333072000104
03879143000103
00155252000190
07248429000141
11398147000106
21037394000122
02176962000121
21821981000108
11668273000125
19959419000101
06064355000120
26036657000100
26721027000167
54442520000183
04113310000173
05579295000116
26391609000122
21089421000100
01422300000121
68510023000180
09447934000302
02205469000192
87305868001079
04660374000194
32274425000185
30937726000116
15292574000158
15443937000109
03205079000185
33014556000277
09356644000191
09036169000176
31234206000100
04752165000332
09060964010839
06656656000224
18159459000106
10323886000591
25307268000100
01197919000341
05362237000136
31146665000131
24825306000145
52513546000140
20060488000150
15007583000150
11387391000165
03321149000160
07578591000128
18021565000110
76295625000190
06273966000189
20400957000132
01048047000198
06937482000197
16541874000196
01936261000180
10614265000133
18658169000107
84142504000136
29279048000162
76592534000116
20521150000158
09189558000131
04902439000160
07791983000170
04797612000108
01371165000132
04131906000104
21999396000526
61585865126929
14959031000189
07073872000129
74639006000140
19240485000119
19835407000167
18912249000139
15276151000144
85387447000118
04888399000140
11053328000192
07855979000390
21263625000116
11889653000190
58442328000148
05004477000169
05677591002012
10437790000120
24994154000104
06674238000189
11174671000195
00389880000130
83261420002283
03923046000170
04735755000195
11246440000140
04939334000186
13575317000106
05131222000167
32104072000175
03000333000109
05640201000177
12450604000119
24660136000196
13161435000402
23292735000212
05268490000125
10587494000106
07059693000137
04787702000118
06626253009884
20231607000190
04144223000183
07121265000197
04633339000186
02818489000139
11334878000180
22228819000143
17465542000132
10921896000103
03753274000140
42874925000101
04406988000144
04825223000220
12589215000179
08328671000198
06123462000182
16891747000117
03491374000145
03795390000121
08804518000190
13706593000158
10474593000262
06142796000101
03083963000194
05970327000100
19663437000133
00771554000192
37036985000115
07445482000132
05761080000111
15117705000160
10217270000102
12440997000180
91517151000177
09006482000161
10676173000188
17452843000121
87376968000103
49732175005575
07822081000154
07459841000100
59418806001380
12530568000101
75994764000149
34028316410786
05135147000102
14479370000168
10763796000198
13915980000102
10834199000298
08751339000131
14395238000178
10312421000101
13986385000150
04228569000160
05682057001103
03067658000109
07010410000243
03651673000108
13940512000180
04773939000140
24065229000687
10540737000150
41074162000151
80229701000217
61585865049754
41164724000158
09352161000119
32725905000115
61149506001808
81326258000699
15621013000155
09460698000100
07055892000177
60584166000124
03007673000161
07405794000112
31838128002015
49426828000103
70974415000141
18806129000157
71833552007050
02310424000188
11515313000107
76502095000456
34028316529597
31141518000179
07946183000181
25432519000170
68814870000138
16481487000101
69310597000177
33001694000130
31918196000474
15705963000168
18146100000196
06878592000125
07240641002378
24013460000112
08877005000109
19239500000109
97197586000168
11818825000134
05613279000100
37999729000123
01557567000126
01986162000103
38616116000122
89676027000102
10445677000197
45242914011808
03727516000120
15654104000197
21772407000107
26604272000194
10646492000140
83418749000180
96418264005602
81777989000146
22730100000106
06953015000150
05297831000190
23393267000353
04798150000143
05941204000221
05477107000149
42123729000103
92190693000140
75516302000116
28525697000133
12631402000173
84429810001391
11102228000109
44018752000155
83492827000197
03024838000103
06626253051490
49170467000179
19867834000127
46044053008947
01765420000121
20059675000113
01955237000199
46014122000480
17352689000116
10536364000144
04303112000172
16051716000158
03703877000137
07326385000120
00200046000154
73552986000186
10201908000117
18433079000100
28613656000360
11215785000136
12002532000147
84481993000150
03450467000121
33544610000105
06268889000179
20353632000146
16724683000160
06178013000131
58767252000988
04945502000146
13972128000169
25135041000116
13141105000102
23647229000118
74156381000139
88809520000190
12528917000142
03501009000174
07976147002023
08291637000609
20648207000184
09123156000134
00706432000112
09147159000108
11173744000124
29092269000127
27629561000100
24543373000177
08990377000147
08190762000100
08072024000168
15226699000694
33130543000506
05826521000116
10287566000108
05115935000137
09074175000118
22027388000157
03379833000101
06864880000120
77789352000100
05359935000263
02299426000113
09000966000101
17151720000746
61085866000137
16620400000130
10827509000166
18716558000133
14157985000178
07835964000107
03521632000199
02605801000106
22533448000103
04857651000153
35437276000116
92613496000197
68709997000197
04162139000192
84704410000103
06079674000100
05918919000182
11366154000118
28806775000178
23706245000487
03942231000455
04945481000754
72529423000104
91391391000178
05740973000180
04208852000120
05675215000126
04907385000398
24903060000182
10714338000169
37061769000472
09658481000100
35662691000173
04112118002963
12355525000129
45236791004936
03117246000136
53153938000108
03306578000673
10507764000121
74282500000108
24405840000100
82637877000152
05735217000163
14043382000145
07258167000104
09640931000129
07465706000178
17838029000140
05763531000150
07609552000140
13770718000109
14552558000194
12356100001530
09561412000256
19972249004346
06350172000171
15270573000102
26523163000142
00493864000192
58508136000197
10462976000563
30759771000128
10489368000119
12586691000136
09210645000123
22312862000192
07730839000124
00849393000102
18051565000163
08727820000191
11162281000103
97538270000192
08981277000154
10434193000223
22601553000132
50751106000103
04537060000107
07599961000103
04333666000112
18444677000184
20287973000160
09130647000102
03214330000178
34028316302541
07421664000173
08201546000112
88212113030351
21632578000130
00607587000878
00479987000179
26016426000127
92956440000135
08462224000127
13758384000158
17891465000182
95191789000111
74138892000128
02798881000163
12134879000143
11588806000169
05444600000162
11114284002026
86966413000140
19049357000192
01857248000136
22102215000156
05756667000132
03785609000101
02996110000180
03911771000129
06225625000723
25341077000156
14466794000279
18141563000165
10376548000194
04078543000182
33014556123000
01000400000160
72932551000102
22060776000130
16780197000169
09131567000171
05477953000169
34028316748477
13231197000464
03770053000180
04288357000178
63479539000195
07355400000169
07416529000130
04359246000105
23568017000145
89470462000690
11532702000132
92790278000128
13320347000163
18527202000151
22853430000199
02313012000100
16206443000173
21012190004043
02634926000164
19299323000156
11585704000270
02425509000101
20848634000106
06272125000157
19833059000199
15136476000121
03811570000150
18172927000174
63595987000154
01416525000175
11363133000149
21057185000140
93836088000167
11271759000125
17639674000133
73577041000119
30112243000182
13146096000142
00304491000164
05293990000117
36186724000119
15920374000100
29770013000121
04660615000790
69611333000315
91279885000165
24015479000106
27238815000160
32685992000124
10993105000142
41430174000171
11592019000190
10241496000149
11481678000150
05696140000160
32864795001063
05856177000108
15227607000186
97078463005410
02332349000156
18875004000189
12499507000110
40580920000140
03488240000175
04000467000192
04207956000110
01438784001926
76917178000163
71595789000119
01726744000150
05549056000113
97166474000140
07570267000163
17480352000194
16920620000189
18040800000100
17069437000184
24383176000138
04515722000210
14786839000101
05736414000105
05734665000142
00974454000678
83054395000728
22876568000103
19329810000114
10966449000162
10273834000124
04815039000118
97577209000405
15931256000602
82647165001439
03396403000190
17937349000157
07125774000198
09640342000140
02339488000101
18787495000106
07478197000118
05403611000102
06007549000194
08985849000173
04783484000143
02107803000175
02321142000186
31055379000160
02378124000130
09251116000178
13533117000182
10557954000153
02522590000229
77110799000101
06341140000100
59538496000102
20722248000173
20129146000149
00166568000187
35510049000179
09685521000285
15023536000108
84489509000130
41045949000195
10306434000178
31662349000201
01887637000104
04031602000167
14390272000150
15714856000104
10454376000120
04304362000127
85362697000101
05007861000115
10929844000175
08109625000106
28269037000139
08331554000183
03189859000189
05877052000164
29135179000176
07005566000155
35419936000136
12095566000123
33659863000396
05303960000144
02770737000119
10308628000102
42468124000146
03992961000118
10469623000161
26699868000115
23158137000174
17458820000124
94426145000100
04357481000229
07399912000127
10537722000133
13225866000142
92938638000196
02454747000145
01318992000162
18798526000124
17911525000181
16677415000134
01438784005085
04565289002514
27642481000195
66308495000129
60872306009035
17256512013366
13190299000136
03539462000501
07014198000535
81580979000116
08749909000159
20066492000125
05078680000180
11082117000269
22769687000167
03858720000180
09196543000109
13589052000197
01652136000149
01298710000102
04903961000167
03978611000105
76049824000118
02196687000108
11151576000176
14741552000165
03632587000140
14664537000160
05953099000160
05981696000106
11920020000105
33114182000180
09008073000102
10915729000141
04219628000133
83531913000161
02707872000209
07865940000192
09370317000194
15761478000101
08270608000148
11254136000144
21261280000161
62667662000177
14041601000157
07692919000132
89422331000395
08686981000184
16902400000122
05528710000102
05250263000172
08004030000188
01353077000108
90923020000127
20608361000122
13152804000158
30191597000160
39694492000106
13384097000125
80171945000105
18343644000148
08692456000171
07847837000110
04322489000411
07191575000188
14444276000173
33510278000168
02931184000139
02095061000105
10503586000160
07900290000179
00924278000155
07785849000167
19653504000139
08803217000222
30916290000260
02207376000105
01543354000730
29098399000177
22069520001327
32053696000100
00991486000177
19973551000160
04646593000208
13348657000277
10872652000331
01701949000181
32224073000153
04746029000178
13992759000140
14303478000103
04646468000109
04360651000143
23847334000109
81800849006344
00231103000243
01698489000180
10643229000106
15105231000137
16804944000151
07082609000104
13529926000110
04609579000145
17620313000145
01962729000101
05391528000152
33014556016190
09345924000102
11881137000119
18299524000190
09442998000159
87305850000267
22218812000140
15101239000206
17168589000134
64794712000102
11487114000124
07068183000126
04940698000186
48634638000100
05830108000125
82517111000134
92665611018629
23957236000116
06166500000184
12303616000110
00855240000178
01239696000176
00708357000129
19216592000101
02718023000161
95428173000111
03783187000135
07684186000194
04207951000197
05797257000130
01443257000180
21407132000102
09204423000106
22923206000126
00373544000107
09487759000115
15500817000104
09367207000173
07216477000158
03323819000188
08615229000142
28365697000113
07237971000107
02665124000111
76260017000735
25559824000127
25068834000160
03488261000190
17980310000465
26354494000104
09391670000150
36821288000102
16985151000186
18093021000164
05899831000160
81184897000152
05926847000115
06269753000183
08186133000106
21834501000143
70242292000154
11982113000318
04977181000161
12622711000187
65011264000196
07291243000175
10574654000182
03300976000844
21214030000170
84683481004083
07131222000273
19463955000103
01677333000112
33606781000111
04618302000189
00193739000167
17651327000126
12442320000180
17768068000118
59750711000126
02607758000118
80946411000103
00698486000183
62493242000111
11243976000101
32400798000155
05757517000143
10610406000140
11994052000147
03002339002592
14458077000114
12246120000152
04271035000116
13386291000140
60792694000179
04860779000176
06155813000137
15530143000182
07163162000190
07117910000106
14297252000139
10443079000260
05757137000109
04558409000189
05511075000231
19437013000150
37833670000107
05563213000145
76080738011021
07269008000105
12144853000186
10559825000102
03489998000128
01586344000197
01808151002004
57894974000183
04543644000187
03878338000139
13117591000123
14279145000188
35210897000162
02238805000101
08294765000193
00117442000112
20198527000180
25077371000100
57208480000106
15020239000109
10480479000164
20412734000195
14935876000134
53410742000151
14804690000146
11674671000154
19181038000136
40561474000127
07773909000121
22853019000113
12823720000136
23691642000180
23217529000167
22417917000129
09477652001753
72457104000130
02200608000195
16624328000119
14486153000529
12681144000130
12614437000285
13412054000106
05941773000196
08068319000160
02513833000181
07485610000171
17235389000157
08140286000201
01792981000110
14971559000173
12614437000102
24007033000121
11596442004741
26404731024613
05911862000190
24565127000116
11606627000107
13965475000164
07211999000167
33216151000130
04643570000150
75820902000173
09008158000182
07195297000137
15698897000146
10945196000140
12858597000199
27324425000102
09439793000114
60690526000172
02961997000171
18080586000107
21125713000151
04077958000131
12354399000198
29567179000145
07434688000248
03007355000109
79665436000150
14840091000188
93351328000133
11620489000110
13475688000108
03313068000119
49732175005494
19924257000168
00679675000109
18510982001360
57129942000191
23640116000190
09456494000198
11018882000139
04149637000367
18627130000114
11851372000148
01028911000190
04179048000160
10904565000157
01250181000258
15077166000183
03282714000128
02474717000109
10541988000230
02777993000138
12450596000100
01917171000142
16707521000113
03431475000120
29738572000154
07589769000136
26281022000160
13585009000153
27316854000219
17064280000102
01103506000199
06120206000212
31104963000169
05655708000102
19267166000105
12820019000163
42547802000166
08369018000177
03211164000156
09440288000190
13625837000178
15866707000152
02213749000142
30850562000195
00135884000191
09357299000100
11156028000139
07087858000184
59605444000101
20093183000144
02071044000138
09036309000106
07189997000119
17908995000196
26093462000194
10650396000176
10206797000131
00412020000170
08038154000184
09006699000171
22359932000168
05586337000146
18011147000142
35540467000109
07459136000103
02740634000106
17256512006823
00013805000170
02152266000185
09196408000155
13678474000139
05917545000180
10964924000161
22307686000109
11815638000288
28574789000103
17191704000191
10662795000157
16904724000361
05972228000167
10355619000172
15425015000250
17587505000105
03501301000278
00512250000100
20439711000174
15388333000107
21304272000155
23392087000195
02783673000190
23754641000137
13032768000350
83055020000197
37056843000110
15326929000182
03684942000124
00164210000115
07069951000166
14682489000133
59597245000190
01160865000188
04899316002161
12094873000190
07736181000168
25170549000155
06260248000178
08649296000188
27119460000190
07879498000234
14601394000148
17774053000162
05410855000104
16748698000168
17121546000101
14287515000129
18077564000198
13008673000130
08886401000100
10181071000272
22141324000182
43283811000826
05097811000176
09043682000194
09117268000182
02771757000104
42565671000140
13537459000170
05458532000190
06934209000109
03719332000119
19586081000181
08580431000186
02485452000136
15208813000149
14775196000109
03441226000116
08958025000104
65124307001898
00928173000336
27908228000130
11044747002705
05342263000100
07843398000177
17161939000130
09318224000110
33665415000133
16954273000105
25210466000142
85231066000145
13225515000131
21431724000160
02059747000140
02485277000187
92664028002519
01626951000133
64184831000143
08309426000133
18837647000138
17189903000165
08172731000126
28674115000180
46271011000107
07301373000141
18385965000105
17344197000189
27861049000195
36120715000125
00912141000180
20128530000127
08385213000190
15490213000116
09435426000142
01456782000130
01056906000190
87158143000104
04666747000134
12546727000158
09139247000168
13393349000182
05092166000107
07686130000179
24238290000174
00605526000103
10255810000142
03706187000131
04198252000128
03756668000232
11638439000160
11930815000609
01327557000102
24552552000170
03321110000143
14767939000190
01734084000150
15586976000165
05793770000152
21334327000170
10358267000109
04543327000160
13070082000192
34028316211406
00470790000179
20465753000260
02017700000114
08797481000110
05493423000104
12579043000152
05645688000180
00828490000119
17390247000164
12103161000190
76735356000135
63755987000174
23045334000691
27547510000130
20615131000190
31487473001594
13670695000160
07398863000108
13015895000180
17068186000113
01310915000166
07165964000210
01867395000278
00703472000100
27138379000157
17302455000164
07400611002462
14223887000434
81867012000110
25360108000116
33014556026152
10488201000214
40431165000132
08353137000131
08910068000110
73590879000142
08385972000153
17932520000135
22688303001234
79515896000100
15007412000120
11495909000184
00832952000171
09083805000110
28651334000144
11961592000124
01765076000170
13455658000130
08832421000190
04672205000174
32909335000113
16105866000105
08646862000106
05022609000185
06329574000194
33985763000198
04118622000170
71097158000170
61585865068708
47508411099268
11320582000100
04592464000195
14149793000110
09148393000150
13705230000106
38046579000104
19169555000190
22863471000166
05906924000175
00767658000123
16751644000151
03649093000178
04723225000127
94670866000153
40234858000135
15127690000111
33014556076338
14992792000132
06216903000190
38640439000232
09173700000152
13574594023218
10274886000115
05519930000170
01741457000110
05930453000130
14103927000161
10550749000166
11415439000100
97172423000120
03265112000162
30536239000141
13250480000190
05165247000181
20868475000101
12188727000123
00681918000143
24272436000106
04764511000130
03433964000111
17113299000193
01894147000135
08077850000108
81470932000108
02748342000110
11681804000110
45987005014571
79156139000189
01740627001890
13695067000130
07393841000155
11583832000102
07730839000205
68622018000169
03544420000127
00763740000180
17269902000120
13818729000111
13968952000145
03572976000127
01156234000195
05214053001796
11235048000103
03332258000183
11114284003189
25988486000149
09032860000181
06891105000164
02898792000199
02101911000130
89064570000159
11083339000115
08097029000579
08250969000122
00664721000104
00777014000116
48457626000158
00653404000184
17281310000124
16789621000136
11720096000189
19099976000191
19055360000119
13801041000129
17812188000175
01354855000183
10808273000110
10237805000107
02478812000172
24575549000172
05967738000146
02171591000195
00881486000114
04398500000184
01833802000145
11432662000157
07471301000142
35010594000104
08086265000166
11533798000153
73237083000100
86503125000150
08259666000170
12606153000166
15670149000155
13123572000100
13158271000111
07540067000168
05360772000158
58894908000176
04703086000170
33302936000126
07764436000104
48093892001030
11905180000177
24824583000214
12448719000179
14883773000178
27964912000130
23871435000107
03439316000849
02170412000103
09011397000191
18753207000283
01994752000188
04057263000198
03927400000135
33331455000149
78062924000100
03719667000137
08692119000184
02471448000623
07682381000185
07540518000167
21704762000149
72537137000190
01352520000126
09521302000180
03050033000134
13863838000150
01887122001690
