04716311000102
01974343000110
02323656000170
17152149000199
74678509000124
03992073000103
14139241000120
03431191000134
72352479000136
07175208000190
01301040000136
19811466000103
09298436000183
48713861000143
17019432000147
12655843000105
01631492000186
57228561000160
07817002000117
76461953000119
33135591000163
05248484000106
05289073000169
24095708000131
27987767000102
00658950000108
10917652000149
12457668001032
04649662000148
16962579000103
02814567000127
08359422000240
07777175000159
08411489000104
17210585000177
09353578000449
06906233000134
90730748000132
16811326000139
04360736000121
00708768000114
04970480000174
08490477000104
11336225000130
00351227000181
01028015000120
04145589000681
03684033000196
15542310000105
22688303003288
06115841000120
07439020000102
61557468000176
45242914025353
03419549000103
02557085000139
07583737000123
17820737000153
05438137000146
21397456000107
20274609000166
07117861000101
13299570000176
02207675000131
11758378000256
11145835000156
22446935000139
51007151000102
04369616000195
02032728000120
04149637001762
14011462000119
16578579000104
04643904000196
10198409000118
11281129000131
06938447000192
05313833000207
15625984000173
02054287000168
09208036000130
07856549000121
23765467000128
09606462000121
21295839000174
02012862002103
77758316000171
21610433000309
15396698000183
12067620000127
10482029000100
07478963000225
08398006000170
24947660000142
15556318000120
47508411133970
15030024000160
06258675000111
03279208000180
10722866000160
09600058000140
02110384000120
05327241000325
05842845000148
03731275000193
01967033000178
08715457000194
09309085000240
84410653000139
24950800000131
08814414000166
61365284000708
16650380000140
14979023000102
28580744000141
42225938000826
78718673000179
00306597003112
30269435000105
53027959000268
83488882002742
22644139000100
07111675000157
05957102000113
13301198000195
03100902000198
01539829000120
13560493000166
10247824000386
18328118000451
03602464000166
13410747000160
14054728000100
10752457000106
13684775000175
13721221000109
87230223000123
45992468000490
03846545000101
92524388000148
61490561007970
19055366000196
22775851000149
11148084000121
10619279000140
11579724000158
32957201000178
40562837000149
07511352000150
06188179000139
04395614000170
00496983000107
11051145000138
07810956000106
11496278000118
01877629000187
04288618000150
06540498000161
78879996000144
18911120000106
14084191000121
07493420000104
09377850000188
05471660000840
30094114001008
20039370000140
09015642000139
13487380000182
01945637000113
13358286000123
62658786000196
44865657001240
01111775000105
02682190000108
03097577000151
07118330000125
07236324000172
84521053002353
10555718000106
61585865079319
24626343000124
07698629000104
36283927000123
18772374000190
20840486000183
12455645000106
39344668000191
12382540000166
01138645000158
41371675000124
13429857000173
15412874000123
75073767001030
27700529000174
05078464000134
07075627000150
16705971000177
18519841000175
10529183000190
03497014000150
02691292000181
40953788000175
21854551000192
07660130000108
10280765003010
13461704000103
61549259004682
19686199000181
24277030000450
06246360000154
03581800000131
88196696000114
00357906000168
16514772000181
11485275000189
04581886000165
11299893000134
08428640000109
13207092000127
07362573000104
19970190000106
10958908000166
10551812000189
01999006000187
35626084000158
07193050000262
75381640000198
19031940000176
12431701000164
84866342001312
11364935000173
11195987000163
13781678000109
17359812000120
04049182000146
21479863000163
01278979000127
16746162000103
90862004000171
21032812000199
04576634000148
10566288000110
03245897000101
17979328000102
15503831000153
00252390000197
07631165000100
71420418000104
41115742000140
05381811000101
07902727000103
16741432000193
07982166000108
08887033000107
14916118000179
36756435000108
00473534000135
17754793000137
08350555002119
08257583000142
17274199000149
03622852000109
00369029000145
04641376005952
93209765002241
10494613000186
02779501000224
10530462000174
20935201000198
07607598000120
35826007000141
31058163000159
40931339000126
97527789000175
03667210000126
07810466000100
08714346000163
04909899000110
02577503000150
05259583000193
10288848000111
02638246000119
06540951000130
53202065000186
26472573000292
08492247000184
05939271000120
08086650000103
41388729000164
07098927000155
07646970000108
01207294000270
10661341000161
18005138000149
61084018000103
61435970000104
07430506000180
11298457000140
32864795000768
05101839000130
10592570000171
03905323000112
07711642000148
49580707000103
22120004000146
01844461000103
03517397000181
16864427000178
20800353000183
16600935000149
09467543000198
17237882000106
18455813000131
14697068000186
85200038000160
02338501000108
47960950006081
08922172000477
10856491000120
36536936000340
00508148000131
06193807000174
11757356000190
08635703000106
19816782000160
10291714000150
09312662000171
10494579000140
37072782000184
13427135000180
93209765012980
05966542000137
29256402000133
05983192000206
03568659000137
28479657000100
03594015000113
13950776000114
06186750000186
09342541000172
11596442004660
37567872000146
05463783000163
04596321000151
13424973000280
12808433000157
33014556005155
10377104000173
35091164000156
02140478000223
11895596000151
06274801000121
06626253041001
03738604000128
05726410000138
18038590000107
03664454000155
04499456000107
20615474000155
00180083000148
14940387000170
11114284005718
02831172002429
08951056000133
57770422000163
05001548000170
09247753000170
14678155000196
05842540000136
13247152000135
08065162000110
04486450000197
05983498000173
02776236000140
20463929000164
19243701000180
03854344000156
12769357000207
03600248000181
57028615000305
41057399000477
02369062000109
29624814000189
07272825002158
01130401000129
31709293000104
28557437000140
26370515000177
01031105000170
10700967000130
15157919000160
23521727000110
45904539000103
04919589000187
07199098000105
08022512000160
42973115000102
41635335000163
15448996000331
33014556104218
01643950000105
16164790000180
59791582000114
56473531000156
00833532000100
18460812000185
16859264000135
13635717000151
17109595000110
03395800000147
81609893000179
03161004000140
03143492000596
97367411000151
07116969001658
12397123000197
36963270000145
74159674000170
77683894000196
01840879000142
21887111000131
84583129000160
09296295000240
22552591000142
08048081000101
03439316004321
18022140000126
07334486000143
21002726000133
64584279000180
02896671000531
07219532000163
08899586000180
35986132000119
12539599000115
10648513000167
14739450000105
04478434000152
08620025000108
08479552000136
89725550000181
07073852000158
21976983000176
29953601000109
88231931000141
07203551000100
11114284001054
11187131000146
15215934000118
28970580000169
11103021000159
02118191000116
11709668000129
19412262000191
02862742000151
23702681000135
01754239001272
15061363000104
00829352000405
79065181001832
04765924000130
03347832000177
06027615000279
88233515000182
68495076000179
09310674000167
17733992000169
23323309000118
17017528000176
02170578000111
21774902000155
85388627000114
13523894000146
14650601000154
07832186000194
01993515000100
02475951000142
17832672000166
05890935000104
21182591000135
15570243000132
02508557000163
05031458000121
09509681000192
07697958000122
96340740000146
05108214000108
76909191000170
39346861033175
04461765000180
13799849000119
06276002000780
97508915000144
82448150000127
03314067000199
36325504000129
00576072000181
64653686000100
08678386002302
05327241000163
20358063000121
31962724000140
08640094000175
16793537000196
00267507000106
03793504000102
35615517000170
06091244000103
12492789000124
41945791000100
11757766000212
47508411254093
25185034000200
00492387000140
11425270000160
10757820000186
13440576000111
01579710000180
08993548000191
02515378000153
37308640000173
16764568000119
14223887000191
17755074000130
63490312000140
05747008000482
09041181000179
90452087000120
03344996000140
59476598000132
37308335000181
19266161000150
20639788000198
94846755000740
01204204000107
42499566000150
09465023000146
04000275000186
11159248000116
25432604000138
06918957000106
11050845000299
20967366000141
33367251000168
11506097000125
06140876000209
63795850000143
16928871002900
12826907000193
07774773000174
09344039000109
07932514000124
06029289000158
09560799000145
19828928000197
09135735000105
05769795000110
01470623000190
07659714000155
18712787000180
10188874000178
04965663000100
84587245000823
38616553000146
07328970000402
00339833000181
07715876000163
08673465000115
14043828000131
02756334000115
04893508000117
10577829000105
19725936000108
85243061000213
05629403000207
06987496000115
28502455000124
01814570000188
86631926000109
09093142000115
04446346000179
09421080000123
15348852000141
02430375000117
14790429000215
02813983000100
64375850000157
07973350000183
90295627000100
29874369000105
41096215000135
00174702000191
58013764000100
92790039000178
11325912000150
20090786000192
27273945000133
09153927000136
17313277000177
24684843000112
56678741000180
01091241000156
37483070000158
02881257000125
18171363000317
11094122000100
03308558000127
08071761000146
71189278000954
09484956000180
10241136000147
03034224000102
72794100000148
06231289000136
08938711000113
08342781000104
60165578000120
07414507000130
04497454000170
07858554000173
08711768000185
01276565000169
01292739000349
20370037000119
17451576000178
00694793000196
19889375000182
72293517000127
09529277000180
21180323000184
01048032000120
33014556030001
06254598000121
05555048000180
04983762000106
09535970000166
07137445000167
02414318000144
49914641001031
04845177000140
12499299000150
20438244000168
82100223000276
31049182000119
05031201000170
05544293000191
19292149000110
13556152000117
12321067000107
72624521000473
33547183000119
09153119000179
07541298000277
07052850000182
01848139000152
21783071000188
08660440000187
30519977000180
09476956000309
20031593000160
24258565000131
07071650000177
07504136000188
41183930000105
28200947001056
07275571000420
16782273000175
05195893000191
17652351000180
01476334000441
02160067000119
08409993000161
47508411036002
61891966000150
04508425000167
09205713000166
29830139000144
18519434000168
00924845000173
09331629000199
09299964000157
13417354000188
66680398000162
00298749001210
00482080000169
15233207000183
12628327000191
22072031000190
14612132000189
61585865155864
75982553000196
10511985000173
21317719000120
05129678000192
19034788000185
72482045000150
02884089000202
16416613000144
06353117000216
07504037000104
11858141000166
03651745000109
36900926000504
04687124000229
33014556035224
26746990000103
10612535000177
23217384000102
12208762000167
02886920000184
18546933001035
18864952000119
47508411170159
25456112000182
13390600000155
86506573000107
10926258000177
16849125000120
07416344000125
36963098000120
24758457000128
01689697000112
16010431010301
05237243000161
02029549000134
15283543000130
08729798000119
53963443001388
22630159000122
22607666000145
00163107000150
07960633000190
06345885000147
22908881000186
22202067000141
47508411093065
17759332000157
13182588000193
12525407000111
92089887000154
04808349000105
75274423001928
17442795000190
07411727000100
02468894000174
12928764000120
18224298000260
07723768000132
07167949000120
02839603000107
56700693000180
10431042000130
07340880000194
11746633000160
03940273000104
10259137000119
09097939000190
27158626000187
00352484000138
28398501000197
11356465000104
06979349000101
10388334000138
10318642000197
05421273000123
06056560000144
79750071000161
18593087000113
01476478000155
16739072000195
04148679000111
74166265000109
14382714000116
02461490000159
01835562000118
93693810000151
32870057000138
04688866000430
05843222000190
16567735000131
07182354000143
93209765039404
20637672000110
21755627000122
62410352000504
03190776000100
23029382000858
87883609000134
10256165000182
34028316117728
15735068000196
00055843000195
11596442004407
08602036000157
84412774000110
10847966000112
15773129000100
07880830000108
09319171000152
04307581000160
00830107000167
07371173000165
08405257000135
10915236000101
16868428000190
90328774000481
04205425000198
12310183000120
08082930000143
76502095000103
09249901000196
02437480000188
71322150001484
35488758000103
17514834000118
03222820000116
97531277000182
34028316445571
04413891000169
17562944000155
13655191000171
49051667000293
48684856000150
36405421000140
08027348000184
61365284006145
82638958000177
53557724000105
06180066000197
18026899000187
02391612000188
40925901000109
77044618003608
18096482000190
02966463000138
18815354000150
09398643000100
01711005000942
02862352000505
14874988000122
85004729000199
07008531000170
58403478000142
14900239000122
02804930000123
63004030004507
06134351000171
03249819000185
07163432000162
09450052000134
18363577000123
06889457000185
05434887000140
19490351000156
92084706000105
12032484000130
06306659000157
08845982000124
08348720000154
07781007001702
16861104000120
09411889000174
12716809000101
01447824000177
01820806000601
02985887000140
03614599000141
03209820000186
93343994000120
24594640000216
01418867000396
07098286000139
90329269000109
04012994000117
45403243000109
07978624000127
42866251000101
14601354000104
32133027000149
20093167000151
03329772000160
83488882002661
03327397000119
57508426005560
42830547000164
82075748000118
09396561000126
08846278000196
98110323000132
03983300001017
50320845000132
13156488000192
04539316000107
10666298000127
04512382000193
60537263089981
04197594000123
05786674000187
04651582000127
79430682003148
01832222000133
11804872000129
79408746000512
10875482000187
00478587000149
08451223000187
73509713000230
11192662000127
01488069000179
69164697000132
92558246000100
05862199000180
15770425000157
06942584000109
06192428000240
69043503000221
04669773000116
05664139000153
20415295004242
04178145000138
03442182000149
19767793000105
20739844000913
33170614000170
03264840000150
20525400000128
13540992000191
04895751002037
32562726000104
81733008000169
00281886000199
80939879000170
19551512000174
08616907000191
03047163000118
22748743000187
10674269000107
14878446000128
32122343000115
01864775000178
03358858000382
37582236000193
01444844000194
90011305000787
17010457000180
01435073000179
08838337000184
61585865060723
37314689000139
11871061000140
09051907000154
93185577000104
06129855000101
08678892000196
00530920000111
17155243000100
74469925000112
00006981000184
15839262000111
04386407000150
15626971000119
16233389001046
13525905000127
56531312000186
27858781000106
08653009000103
02225207000190
25978982000111
10619918000177
04249989000203
10824285000139
08474037000163
17924277000103
19159615000193
27316830000189
17713534000168
32690463000119
04681814000190
17524870000162
37534492000105
18323389000171
06626253044795
07676210000143
76788058000103
08412599000182
06055479000140
24120631000102
08236045000171
13153842000125
06752000000124
10278245000139
11390233000164
70099692000152
05078858000192
05552986000126
02336615000119
90234329000100
06029122000197
09687384000137
07571746000528
03893042000197
14054897000140
86772530000173
28961746000180
58364407000188
11859882000161
10972413000191
04751514000130
16597435000103
12408916000245
15581012000124
17165099000184
18249000000195
04912937000194
11989565000160
00183640000184
28309020000168
07422810000185
24073694009101
04219763000189
21357077000193
01130120000176
92195429000108
93209765018830
77765840000501
17283151000105
00611991000149
91253294000119
02397343000248
16616810000107
07503158000123
71170476000119
06011789000162
78901915000750
00815231000153
00825936000151
04761742000190
79934006000196
07115674000261
65243495000125
05012278000100
16230526000289
60848025000171
00711578000156
08473375000180
11358284000109
00819132000140
03104756000411
08164334000102
07145265000208
78365723000181
07587556000175
16757340000525
02435617000165
21744136000186
86993037000183
85042802000117
03831775000105
11127482000161
10764770000164
05488966000133
12656557000164
05195851000150
42495135000115
02247880000120
01975798000150
00110559000174
87305868001400
00070509000291
31520763000197
24230819000103
12513045000149
02500011000166
16403083000108
09273251000114
05215792000720
07524417000100
18055911000181
16934998000131
45987005005157
11623188000906
01395790000114
18949190000153
02781081000130
88212113055770
07560669000187
07751607000233
05525711000101
00796209000103
07767984000180
01097768000198
04068926000170
03731501000136
02053744000108
01590276000130
24365831000125
03913390000189
10228231000291
10870157000121
08797310000190
84811025000165
11596442000916
13464812000130
08719892000197
17943925000179
86967353000180
16720791000164
60872306010122
31385447000150
15450590000121
20955456000112
12990868000165
12401596000110
25291246000190
05024078001131
34028316553110
25099996000165
05554379000103
88904974000140
10773500000110
00500079000110
00819201008876
03380876000107
14518143000102
79109948000130
06030089000204
28449359000160
10544592000166
10548553000137
02844559000123
15118992000123
34262741000162
04525438000144
12778344000105
04449514000180
14513517000199
06982131000106
02621160000183
79257291001120
96715222000160
01608488000440
02267091000151
10176681000105
09295646000118
02563944000100
54768148000523
07292220000185
16492936000117
90729955000177
05346227000107
10271457000194
83817858005644
16936570000128
55762777000185
07773452000155
28130380000106
07309711000191
00903071000102
88096649000107
20289070000119
08067314000113
85003663000112
91369694000275
10602930000179
17216769000144
65336109000140
10304743000109
26957688000196
20377891000107
03857424000246
01193307000208
93209765018083
22303378000105
29022681000170
15391268000179
12188411000131
04682722000124
03193953000101
17290286000190
42334300000157
05066120000296
09634089000546
13151741000468
01933475000101
20443509000116
02837072000385
08029694000100
83773986000160
77997187001065
18198482000100
13827754000161
14002055000145
05937408000108
15849938000158
07536086000110
06626253045929
31145477000199
05054671001040
13632833000117
08546579000102
00853668000262
09590218000118
02889779000173
14635513000183
11004088000136
10311817000134
33229030000808
02277147000159
05434012000148
04110643000149
11077528000185
04591128000128
10352227000311
28959532000170
03268886000147
07342785001282
06152618000153
17051942000100
76553528000150
09188374000157
11481763000118
54987920000174
03483961000192
10528476000153
18866608000169
07196684000198
18446044000105
04958654000183
34028316060351
17030974000110
08645363000196
02775367000102
02752151000121
16947509000500
40289902000104
96645353000118
01928075000280
12195612000166
24896425002302
83528232000306
07026084000181
27531490000109
03296908000182
11250042000288
08099467000142
27317202000118
88662838000191
14871050000159
05462547000203
16915048000160
02440365000162
22950445000175
14479871000144
10597172000148
08074990000114
05862629000164
09408310000114
04606993000109
08308295000170
17099069000117
08644456000104
13798478000150
02510454000138
01663116000173
13708711000167
24896425002132
02852506000235
04082692000115
27177880000122
03646889000177
61149506003681
25335571000108
03742719000196
57605230000100
14146109000146
16990682000167
61797338000100
03531593000100
41272550000147
12091566000155
05857770000179
22405380000187
10411826000105
40867434000299
79064390000113
61099834063001
10781753000135
14402096000129
01534593000481
18267736000196
04182075000191
09216445000188
16221624000179
00365231000107
04895751003351
09552533000150
05781653000179
09066219000168
10848359000177
14691788000134
17616000000113
05418712000149
01396282000150
10380781000140
10701510000816
05438985000155
28081073000174
05311648000100
44589844000195
54634845000168
09477652001400
05430144000282
21439992000209
06241044000190
11082695000114
39814835000110
09248027000172
08770681000189
92351873000167
91876599000187
18973164000160
37578606000119
23062698000337
21060862000180
07073586000244
02760668000677
43126028000182
10677222000105
00847943000154
47508411020939
08367582000150
11293712000162
03876917000142
06057223003600
04528361000166
92181486000120
89582092000179
10349619000160
10614156000116
10847840000148
93284370000189
15131018000108
02363464000198
03034694000176
21803296000159
34764142000147
22649694000125
93209765038190
63775225000130
08760563000190
24438974000110
10786571000157
60368115000165
17313056000107
02656005000100
67112334000128
04320087000135
64999923000181
02100375000159
01388774000102
15501715000103
05407881000183
12472787000173
09544654000150
00495593000104
07894704000102
19631826000187
04825223000300
01339505000148
55246557000107
07052625000146
01528699000120
02170472000118
20018809000158
33697095000284
08696519000168
04576235000187
10508683000146
02279927000138
08852135000197
10578415000109
71063630000234
03073849000183
08029943000159
04887752000177
20295136000183
06209614000164
14193882000163
17472359000164
10295156000109
97381586000113
02146595000385
06337556000154
09537810000156
02855249000104
07065464000125
05504717000194
13265980000104
79542320000123
78668316000143
71434831000110
04801606000187
10322539000110
40354086000175
04383396000154
79379491000930
17132802000158
04349105000101
05552519000104
06122651000130
05687690000112
14966593000150
39236450000113
32974865000145
72060346000196
17078544000179
47508411022710
13315214000107
89216543000154
38717187000111
04602526000100
13044642000134
05927943000188
12372424000166
06031549000120
07731192000155
05587520000166
19739561000135
01699851000137
29011103000139
16726288000116
00459924000150
10873049000102
04758297000100
35768290000100
08271787000138
33569476000105
02889517000109
07702475000179
08117573000101
01779422000170
96418264024070
10632526000148
05747362000164
04192966000129
35486851000170
17441398000102
01687741000155
13067239000120
26493593000169
06150074000190
41939851000262
17513135000153
05272728000196
37826807000198
07261532000121
02874177000142
09515628000366
06090677000144
62018759000582
13578265001780
15265706000152
08698859000128
10605167000130
10637922000249
04452416000100
04232034000162
01139062000141
01283600000339
04075037000130
39050919000125
04281496000170
02709140000169
12442628000126
10248012000193
00209748000107
10841547001900
63746713000119
15383980000126
09688568000111
09386862000179
06983476000176
00244865000101
13427076000140
08840452000193
17920730000103
08048710000101
16839050000105
35980168000276
23498740000103
03640467000518
43235985000490
20128426000132
15930720000123
09029667000191
44914968000107
20813275000151
10454986000123
10561195000100
39346861027280
07687413000135
21637294000137
21059973000176
33668823000149
13537191000177
12616591000105
00754315000124
35934835000101
37374527000196
16714781000205
01568886000137
14480094000158
14136966000165
15316294000132
29588241000185
12068962000161
14524596000133
25075556000178
07173309000203
06008984000133
19970636000194
29636613000100
07529964000170
18780109000154
04849901000103
05358275000115
04386041000119
24226830000108
02807495000190
49964190000156
20705532000131
07192865000146
17734515000118
02952676000100
01581641000140
03767970000105
13105670000114
05818578000173
18151092000176
84015544000117
04206640000103
18200022000160
03409275000171
15068895000173
20356545000142
08598579000148
24171517000101
31780992000906
12563986000197
93015006005263
83083428000172
68831379000115
01034169000125
07144400000110
15024323000192
08512459000348
10470609000188
19712330000138
05684711000146
08080131000138
05563204000154
17588495000114
83756981000471
05841689000109
14132750000121
20090106000130
61842415000105
43601632000113
03191447000183
14076889000790
33014556120256
06057223011025
10573617000150
29102319000100
12510236000157
00746109000172
11596279000134
31323702000130
10308624000124
60336872000157
05158448000151
04566851000157
28768810000101
01103634000132
02917767000105
22346796000171
10141538000170
17256512002402
05596737000132
12478128000144
22924207000195
07014198001000
04447092000103
60406725000106
06117074000199
19353651000193
01077699000150
00769715000103
11629539000120
05352486000140
07580759000130
14223887000515
00681244000187
00809202000189
02631441000117
09125965000185
26502746000197
02641074000302
14014871000179
04190345000106
01179430000185
44597052000162
09295987000606
13004510035217
47508411116960
31015258000276
13435023000170
07816736000262
20153370000176
87378428000401
02438395000134
30285692000122
13501187000825
23197682000170
10739522000163
14023003000155
45543915015375
15134942000210
10986406000149
06159127000134
21951873000150
02061109000245
16306870000123
22975338000100
01138264000179
10250314000104
13799101000540
08585470000176
13816892000145
01084018000181
06304767000190
04132405000134
02319040000126
04082624002361
08343580000121
94909447000121
05147384000193
11917807000100
11091423000180
05349035000154
04632983000130
04899316005187
01783740000104
09399362000171
04958915000165
20628376000152
07124577000154
03002290000109
28763118003378
30538318000191
62143011000501
10976987000138
65571549000181
02618563000769
21185562000127
26493689000127
02589673000154
07575756000108
61585865127224
08822845000174
03855719000100
12828743000133
03569598000122
01072443000150
05424806000120
00127046000176
05035108000133
15457325000175
11394131000117
08199394000160
83715003000210
08836817000106
61084018009402
07573569000608
01229276000109
02826755000175
16897070000124
05965737000162
05794897000196
33014556069129
75491688000159
24919774000189
04745086000132
08829736000189
12589905000128
01283658000110
72221211000670
02776503000189
39205174000126
15417897000120
28337186000198
80689839000118
03421893000137
04427821000593
23393267000868
19019241000100
68777945000158
42797423000124
13064755000100
03735242000111
07908820000125
09262518000178
08468836000127
13132858000151
10740124000167
02974757000101
24764706000350
15460066000131
00837170000125
13234250000138
08004409000198
03367514000178
03147163000190
11771896000129
07360811000142
03987611000163
21000661000197
61412110072903
07571746003209
07506174000250
09472174000121
09207769000150
11884951000197
11886557000198
17350005000147
04647288000141
11114284006447
06213517000145
11694164000182
92660406003215
03953092000112
41235656000170
74848623000155
11148601000162
12045153000134
06017770000123
00424338000170
08179842000164
71445431000100
17431500000180
04271415000150
71345425000180
06016338000118
08414483000182
37537834000140
10946318000113
31525850000137
26697412000116
20486179000146
26723945000125
05274791000161
10476426000170
03896335000128
10760305000155
94268612000103
83422345000160
20136353000120
