11114284011955
54067301000161
28177849000154
15795235000194
10436831000164
07473160000105
01950022000185
52893955000208
09397127000160
04374238000138
86593365000273
04888287000199
26552390000104
34425926000140
05072199000187
11864126000120
05912410000122
09303067000170
11009393000110
00784933000117
10700961000243
06049974000570
10720755000114
15017197000149
40883027000194
76159748000101
04859194000136
03480826000193
16890474000196
03465505000209
20095843000126
07513506000143
01923894000154
66405564000112
07794044000180
04333999000141
26124904000112
07626206000170
39082755000118
05286713000187
17187170000200
08130668000246
41219940000153
20845764000195
12395256000124
05161639000172
76430438008075
13985583000107
04825223000149
64505431000192
00497421000170
06207755000148
21339965001821
33014556015118
00284932000103
08179284000218
07969414000172
14579209000166
10328144000125
06098778000161
08894710000114
04705978000100
05508739000122
04027795000182
74072513000497
10397690000118
04754233000130
02189021000122
24206617001106
02261874000128
07008156000168
05958898000129
02376242000290
07617570000174
15728538000194
10756616000140
19561260000164
01303335000141
20604476000149
07331465000174
35439728000107
10509207000301
06308031000190
31072846000160
15591357000169
10664644000138
22992411000143
22103205000135
18391966000162
27995056000260
11305692000100
15751670000117
07664144000191
11794588000119
06023566000115
11691631000110
12968992000124
02838468000185
21541036000152
35659234000120
33885294000135
93021715000101
09480616000181
02870088000128
94352333000123
06665129000103
17801587000564
10928536000125
00698992000172
24309681000132
04357243000132
23230581000153
21127666000185
03069449000102
11686321000108
40276776000153
08892208000174
52010790000190
14552297000102
06096429000100
01438784003627
00549237000126
17556516000110
08975920000137
10681677000196
92665611010130
01632885000104
26202488000123
29147736000179
26041563000111
15108924000183
18341965000103
06376148000101
01828865000103
14345718000124
00952413000176
12406287000133
08260032000138
04563672001219
02386955000154
68769199000150
00884457000106
16288607000159
24658296000109
19666127000172
12282383000117
02235497000152
33791815000195
56126311000156
03840986003111
49670458000147
00247861000179
63883458000156
14837381000172
02933193000169
16580229000182
82776295000157
09355232000137
15682971000136
00057118000156
11020235000161
10201517000100
00306597001179
02433990000187
04769422000500
00079862000151
84320365000274
04101598000166
38534293000160
03708430000150
03854378000140
01868453000105
26625740000107
08458002000130
11342900000133
02641030000102
04808626000180
19292697000140
34925347000329
82800509000183
00862101000171
01328461000150
18042305000121
19171044000102
19152451000172
19184458000176
08605581000105
01486394000100
17615572000188
15565630000180
54307319000193
03751413000104
63508121000240
02452824000128
00335189000173
04109579000186
03527122000129
36229185000158
05126468000140
18088289000108
15197290000182
10714820000107
04995526000703
11675519000196
07257364000109
20873129000111
08350431000190
07013777000130
13807596000188
11003297000246
05428208000472
07838029000277
05390624000186
28059632000220
21795529000119
63564090000163
02334543000170
05937173000154
01669665000155
01749727000139
11178074000139
01866271000197
24405076000165
13860448000127
76173020000126
40921140000117
06164514000169
01926019000126
34349985000187
05905821000190
65290132000140
00727349000120
00473804000108
04454275000156
02478802000137
11510396000133
12902256000173
03840986003464
00500618000110
59599670000119
00346134000169
34101857000110
07041551000223
06164566000135
04737552003234
68878347000175
15056245000108
04361897000130
83927343000123
05418619000649
03073548000150
26538207000108
03946131000154
04602269000280
18985882000157
06045326000111
53263075000121
01091129000115
02714656000363
05321954000110
04575823000104
10536119000137
05646473000184
57508426000330
22549688000104
79430682000122
07110907000152
02405045000171
17764102000186
05091786000113
12381007000180
02203379000162
03550647000690
06269907000137
10410500000155
01149750000192
61585865041265
02107579000111
03758111000150
28188421000107
07780877000191
07041040000120
71783146000107
04137664000158
80447519000151
93167542000134
00816217000174
02919247000131
05577058000116
21752724001648
28502714000117
08191753000133
21382694000149
10201220000137
09075616000104
28423060000136
65097156000188
13597671000123
02869678000130
72320146000125
13058505000159
05434347000166
02285057000100
14150212000160
14290700000172
11652984000101
09389118000128
12362908000124
08219844000482
12791578000192
07073715000202
40293839000260
17048781000197
02314041000269
13243288000177
62311972000154
04981506000180
68409838000177
14676360000112
25174699000137
01496702000170
33371030000163
16980308000180
05136172000100
03845867000136
06305744000109
22441389000224
08574730000108
09676218000135
34871368000147
21903086000132
04527653000184
03198614000118
01753998000168
38141842000136
13689067000127
08884605000102
07925789000130
68728088000104
00993696000102
13646796000104
00510323000125
11114284009624
07170943008439
07809930000130
08931035000156
10015535000270
13260868000172
18210936000102
11608014000109
18326361000198
05188373000151
02815477000150
08158419000188
12457668002861
16668076000200
09038767000184
07039020000115
20466871000102
02243037000176
10926130000103
79379491011207
08740327000101
06084605000194
60578887000121
12465031000105
00306597004003
89835672000635
08219858000153
14846386000161
01335600000173
76260017000220
01154956000704
44750057000183
12726977000170
95079661000160
11709176000133
13174242000143
17312999000107
12361630000170
06172110000117
07199725000108
84514702000183
10797839000156
07718633001401
18381381000161
02536721000146
02214635000117
09040348000187
21900366000197
08588820000158
03721120000176
22590016000134
87047833000196
63004030003705
07384953000140
17435243000155
05460669000180
07014524000180
71764039000123
11616785000148
78605573001027
11012154000110
09021069000176
23070087000179
07553112000380
86828571000134
01474127000105
23947401000310
03835188000771
21994956000126
10708250000134
00220439000391
04211291000118
03343001000127
29034508000192
02532358000190
09524022000125
86440674000203
09351563000107
75176859000317
05882337000193
08827004000150
13944479000166
04305759000133
01985141000254
98674708000122
01492577000120
37979549000180
86478658000129
15333845000176
22533485000111
09060760000169
14416992000147
18950309000108
00961053000179
05818516000161
00952879000171
10867949000147
16888105000169
27340074002762
07857266000102
80800972000108
39346861041003
53699625000150
09361689000235
24359670000167
13316295000151
91865758000148
07693280000100
23706245000649
11289169000120
92665611030831
04267462000120
05161805000130
56250533000186
09568099000105
82956160004594
05310444000147
19432224000109
42915694000137
07751474000114
08708311000111
06150275000198
93094183000132
14659458000161
02532474000100
01809323000193
23774711000119
21067129000197
00854639000134
09256605000112
03156343000138
26754056000125
02553482000132
09813646000162
01232484000167
15655319000475
12096519000102
10199010000151
07347517000109
16920770000192
11517841003889
01414271000156
05872528000174
07965086000136
08924369000100
07687711000125
11740344000153
12140125000104
04833594000172
18202308000185
34574723000116
26538876000180
12062214000171
69961183000108
08968316000183
04948009000180
23647647000105
61490561006494
13492328000114
08171297000160
72619364000165
13316172000110
05389611000197
09113343000137
24395071000107
06222792000206
08154802000168
05318447002332
04724715000148
08345087000140
10299185000130
12270435000488
14339749000172
86707296000109
79379491008400
09125630000167
07220788000190
00104771000129
78912169000105
00297626000101
16389176000117
26952983000150
05433656000111
10202206000158
01976860001019
00997130000140
00813828000320
17316330000193
15483904000192
21965362000197
25708611000110
04964714000170
01292393000117
08589466000186
03728733000640
02681171000159
10610652000100
03912985000110
17831393000188
00788888000179
00991423000110
07112365000157
19322845000121
07726051000144
00729683000112
12440949000191
10876085000120
02760313000173
14164715000194
08402073000111
01779031000155
10248894000278
05564335000156
02512414000478
07479999000142
03995515002615
24404204000156
08230017000147
03579909000134
28512192000134
07640848000124
00550527000190
00988533000557
88774922000105
06315506000176
03572391000107
03466629000110
14718093000107
05647863000179
63411623000177
02998000000158
75113969000178
77593564000533
01374993000124
10625138000130
56927163001906
39530803000193
05052425000168
07089629000280
00788240000526
34028316741383
09028165000146
06922040000177
02704908000101
17894133000151
60830510000118
10388075000145
13032466000110
91349803000101
00434116000996
03616827000970
14847925000187
16730753000192
10695527000131
17345693000157
70994140000108
16537484000142
34280743000184
17507930000139
92665611018386
50947761002177
11371888000195
07462909000100
13076992000182
05816684000118
12761482000181
10295821000156
00860640000171
11972659000126
03879930000155
03090433000173
07093463000194
14137609000111
17457404000616
10765021000151
17074561000138
10353258000125
05729287000109
13182931000108
17813745000172
32864795000920
08012526000101
22183293000122
34631614000193
09998105000156
01846977000197
07986882000155
05411767000127
20889061000169
04448738000177
05685397000116
89237911004138
19183714000100
24073694002522
07558348000148
03703050000123
25141947000143
04376248000102
04215060000182
30006027000152
18986018000170
25224547000100
09531860000126
15619743000111
17507331000115
97067078000165
02391306000141
15055121000108
07306583000122
73210643000133
76468016000195
11387024000161
07866632000181
21528798000119
07601377000145
08355686000145
07532869000126
23589112000125
12201449000105
02792860000130
13433494000140
00475856000113
14635378000176
22596696000101
42477992000192
45242914028611
03616379000238
33365347000197
42825380000143
04082624002019
21753026000180
42079459000172
17078864000129
03074709000120
87758348000554
10342918000172
14131381000152
17886040000185
10805553000175
03082514000121
16650366000146
98586738000349
12963321000170
05624614000168
18675809000260
19402481000190
01812115000143
19875695000183
02650080000156
21262983000104
13316842000107
08543715000100
04413367000198
07947826000101
79075891000103
07879028000190
17005646000164
84148378000399
20090178000188
61585865065016
15103047004650
16009888000163
10299921000150
72105141000180
18374625000189
15401731000116
04610954000177
88957022000195
13059001000153
26834259000636
02933640000180
14069744000177
10847922000192
72072903000199
08109287000102
15459431000198
14418768000194
13772871000175
01100269000102
11454620000117
01374947000125
03796292000109
12148067000157
31646890000137
28498137000137
01296262000108
07246068000102
07906181000169
03421307000154
09657763000184
19661940000150
15828724000103
05115300000130
94758364000189
93209765042979
13807566000171
71126114000120
11790382000110
08783274000106
15504352000151
67592949000107
61234985006145
02306969000110
81230302000158
04064081000144
19445572000102
20404723000163
06017546000131
13578265001357
19970142000100
64784283000192
12274495000126
12509683000196
04214987000440
09374828000184
72093511000106
26742516000103
08954100000169
44264539000123
01927781000127
01754239001353
01430617000100
13560566000110
00892639000129
16961754000148
07633926000163
08631655000170
16948675000105
13032077000195
71232276000143
34028316326483
05443909000138
35123447000485
22999064000342
12242910000160
87350872000168
14373725000130
01522399000133
04564810000121
19383719000187
13774270000100
34240010000116
07539623000186
11422988000101
27621340000196
13256528000178
08689307000153
19233109000105
13759835000171
02541770000177
16869696000127
20195878000137
73814907000168
76116581000274
16529536000139
05559334000113
04038479000106
01166771000116
07029234000615
32312407000140
05054671000825
25147076000175
34090407000179
04030152000198
28489532000153
12569468000261
05206077000136
02954191000156
02558109000174
08407768000196
05485496000154
79430682006406
08802717000169
86382744000133
01521847000184
08131708000193
02586847000125
15640224000135
04322489000179
72232200000180
15360588000161
33041260014700
00081906000188
07143816000113
01971719000132
02116841000194
07675038000103
04061878000198
08356325000113
17365243000126
03514040000140
73998890000146
29596802000198
15907025000140
07060638000167
06159713000189
23407083000133
14530133000265
30470462000133
03841575000125
25949496000256
93305829000183
08414592000108
11197925000190
91892141000111
07411649000144
15540121000101
07651003000134
05292074000162
15128380000111
05884636000167
94644671000562
22565878000107
19646197000169
19484557000173
05020574000145
38067187000113
06896627000159
12342437000192
27169420000152
25097086000143
02968678000198
20617331000182
34868487000140
01134548000278
34028316050127
01305268000102
12093627000113
93209765021386
05043311000151
01959690000173
11874134000158
00162853000120
84493139000619
84036540000115
00980113000109
83440818000152
24537076000119
09236647000191
17868623000183
11517841000430
20521530000192
61818811000199
00710212000162
16605122000141
10320422000289
85375731000174
93692408000152
06098251000137
02234700000176
09580288000195
02929006000173
10835567000131
10384200000300
12194656000171
00854184000157
60537263075336
04100108000107
03536766000183
11244018000155
11598282000430
19936419000188
23680458000134
07150190000172
14395513000404
01248011000158
08155675000464
13248252000186
08236441000107
28196459000121
07319701000137
03484328000119
20183645000114
11871910000166
84135938000109
04816108000108
02969272000120
21089056000134
23939396000132
10474549000171
13531078000184
05217739000173
28719389000149
07757904000105
94780178000146
55662191000149
12122227000199
12565732000108
04760753000156
06347409022800
03623191000136
90251034000141
14182549000159
28076133000160
00302694000111
16403793000120
09461141000186
68786003000136
03288292000106
18960706000160
12829194000111
01479803000133
05214053001010
04173645000187
41975715000147
19006751000143
05017585000257
09018501000170
88219167000199
46010021000199
71325138000109
07718633003951
17513969000169
11920233000129
37065588000171
04115641000142
04267668000150
50377142000140
11028688000134
11371175000121
01818465000117
01744290000221
02019067000365
04173892000183
50264639000152
01803975000110
04504893000163
38132296000177
24848572000193
04475774000120
32039927000121
70098249000167
03951621000149
40797169000139
10637922001482
09362361000152
16458037000106
82938044000121
43708379002145
18849147000116
15462087000196
10625409000157
94477882000124
03443019000109
01928075004197
00061755000104
07997233000150
01338470000475
11336485000105
06280776000199
02704712000117
03201087000153
06337101000139
79464459000104
09076777000104
17270788000159
06235080000140
45120342000183
07790184000180
10359919000120
03096268000167
16986769000241
09435840000151
10416347000173
46952313000140
34680256000109
92012467037847
14473285000192
05404498000171
00304235000177
04847383000199
19009484000168
05013291000419
86365350000177
63456560000175
22555326000118
04364546000263
34028316495323
02374020000158
08012349000155
89562441000190
13352054000168
06209130000115
04440127000182
18540669000131
07650663000109
21093376000168
15709887000169
03615815000173
05119772000160
11855367000103
25902784000174
29808406000187
41379124000107
02686422000198
10219055000140
07237865000115
84714039000160
02472472000172
10941660000120
07321738000108
04309131000106
37429800000132
12863280000140
07655710000107
46147757000103
01587855000123
08701480000120
05548449000102
13005132000158
83754234010203
10536438000142
02714614000160
64687122000180
07575651004499
05375968000116
07753609000180
01739141000193
15289499000176
63004030000943
06951520000166
92849264000132
23674512000139
11461629000155
31427836000109
61082491001042
08613907000138
02831245000196
23345089000123
10863160000118
13125435000104
26522509000198
12073916000150
10509504000195
16580748000140
05359884000199
11726521000570
04318074000121
54651716000188
01504744000106
24544631000130
33014556067266
23698034000105
13499354000174
13138727000181
42221366000130
56543572000171
17494301000111
07165156000252
04602291000149
11345930000101
05995058000136
06373327000195
05826148000101
10995416000140
02295441000193
04314714000125
01268557000170
01010810000191
00014173000169
03594939000110
14545669000173
12515936000134
12890487000104
16576682000115
08771852000194
14946694000169
61149506000151
30252258000146
41056466000196
05241946000163
00671444000159
00543213000402
14595459000190
11530111000126
97422620011608
02970062000151
06264166000100
02041896000182
06096906000138
06062375000162
11407343000191
05665436000113
18682584000198
12634127000141
14646201000175
47566195000103
37379633000162
08751624000152
42294926000187
07796814000123
12313924000127
93049203001044
62133459000110
14163926000102
34683110000117
10940925000176
60570793000106
73391567000100
13793895000100
24874539000138
09097655000102
22932913000189
17099059000181
13161768000199
15023779000138
49180151000168
17723703000140
22647106000114
08476291000109
87380630000117
10891745000141
07360914000102
15025942000100
09298834000108
37466455000107
41185455000378
35650324000150
10774184000109
11128644000186
89431027000142
03912959000191
02800122000279
93749513000180
04086006000427
12559576000172
27675871000161
03769638000180
03275105000141
07232573000190
10584778000149
04273036000108
18552505000124
26173740000113
12105157000160
19349138000129
17826893000121
01121437000146
06039276000160
18184907000113
01917582000138
22519435000180
06915609000177
12672212000528
05297480001009
11993998000199
13171616000177
07052742000290
15450099000109
42591651042571
17558452000277
05434056000178
10850962000193
08064879000147
01607535000198
24105306000170
05078189000159
08859526000133
10738411000132
87951521000102
09584943000183
01060735000173
13497137000145
04415928020202
05884314000118
01833565000112
04665241000100
11519567000195
13626555000195
30780191000112
03047092000153
19437059000170
04700425000164
19919271000173
08970089000120
10820488000157
08418303000564
13885507000111
14594911000107
19289739000193
13131598000108
09591742000103
13111065000156
14803891000129
05873618000180
12958618000148
36140945000156
07018414000197
22387189000150
04589699000128
00305572000189
00668693000195
34936286000133
11585099000157
17639897000109
87540225000380
07180998000100
02400983000189
18713991000115
73326290000301
31210180001999
33014556142659
01809606000135
20498199000137
45888591000113
05846287000431
00529886000165
12817404000151
31588585000136
04565289002190
07841476000102
07502170000113
31958002000111
22975622000178
07270335000179
73725517000111
12258450000168
23656226000140
07552747000100
11586185000184
26698168000106
83595926000102
33014556136683
08598395000188
30246615000163
01740019000137
05103620000170
11350151000196
05374431000131
16945271000150
03736691000184
04427375000193
04152258000164
13076722000171
02599626000191
02753677000126
23754047000146
85460392000124
87638581000170
08844668000127
22017793000194
10977542000172
10776657000107
15724534000138
20599437000109
24280547000156
07638491000301
14806228000188
06166376000157
11498633000198
07218392000109
13140065000184
00206404000217
07218314000104
04150050000106
33250390000107
91919761000105
25856451000156
13123591000136
17160904001663
81658775000150
05759466000199
89237911008559
09616936000116
26345728000149
05877961000100
44132439000143
04744398000121
01390653000197
09005124000134
93201911000168
04829835000100
12205505000171
32690877000148
41550112002309
21517858000106
12096108000109
02989450000184
07481666000310
03312882000119
19578585000150
04515296000134
00521947000148
22747837000131
14605083000157
07768073000177
17613341000135
10996460000175
16183352000593
02993955000112
66697145000100
00754668000124
14901200000120
11027438000180
21456942000230
04433208000155
01808523000121
07153279000192
17346099000180
17450057000195
04499742000245
61585865027009
61585865125795
24072241000104
93209765012719
00447821003510
63599120000177
15301994000153
03505457000146
15332249000171
33082935000113
04305757000144
07751593000681
07933544000155
88212113008690
06319773000111
04899316025021
09571146000161
11780242000161
05159973003026
02098665000105
04440002000152
08726612000410
11047311000122
09343741000140
03475083000163
04587487000101
06146472000133
07433846000164
14959222000140
03317462000125
95777462000126
03629624000160
00898787000150
07901093000174
10954806000172
01984422000292
04907908000134
14411366000168
02608245000121
09222181000175
30033492000182
17664801000154
82167412000185
05808985000280
04586520000189
30659807000100
17231136000105
13895933000136
10440525000100
13292134000175
27231919000142
07040633000172
05625571000135
14374340000197
04015017000173
22165668000121
03555637000132
85007391000129
86910403000193
14016107000990
12491441000112
37398906000116
03682189000561
67945071001290
03399454000175
02675983000191
90049701000299
15127455000140
07783809000186
43283811020347
05690242000178
08534541000101
52048600000123
14628283000125
03345413000104
18619195000118
97403067000109
03425644000110
09335854000101
15137269000191
17463890000170
15151046000693
02890541000168
05156032000447
15824066000173
12840788000123
18741504000128
14543939000379
08170100000178
72036965000145
40462236001136
25225844000161
13386081000151
32202097000101
10751904000102
19788868000126
06332496000187
00127436000146
41254921000168
10705709000146
21816151000192
03926197000182
13810350000165
03893714000164
79414033000642
11244824000123
10488186000123
07497873000109
03838347000104
15071878000195
13324896000106
10280275000180
00555943000180
81660862000142
16716278000108
01415161000109
85494714000156
19343992000188
06041388000155
05457398000103
10391746000127
19362927000108
08194483000114
26400184000170
09022519000145
42591651137521
14558613000153
03021899000117
19152673000195
12574845000170
01829204000100
00238664000193
00084989000169
91292284000192
21598160000154
94842283000162
43283811002527
79114450019508
01360902000100
93495562000134
02061094000134
07678250000124
04983998000142
10138105000165
11194236000122
11322064000397
09312075000182
01079210012358
09167481000280
19681709000128
21097227000177
33369992000188
00077183000143
05563548000163
20586494000145
21511490000160
14286063000160
08143021000178
51699932000105
08529918000134
88026901000101
92690106000182
14414382000104
09081213000160
01030685000505
05283002000159
86603008000168
18947995000168
06555245000161
15288908000110
20483440000154
44861706000113
61412110027606
13110999000173
12503466000199
10879397000197
33014556008332
10988974000189
02701230000103
69626232000156
07006283000209
07105798000185
09404701000160
10203855000173
13638221000131
14212732000150
15639773000190
23642684000120
08173281000196
01425694000171
04929059000110
03197033000161
08086292000210
10522343000170
18101244000126
09468016000106
43235522000185
15095285000169
22188784000166
01602653000103
03299297000126
10568957000192
04132766000180
13188291000135
93115517000107
03995515003000
02228518000102
08371925000150
11416152000196
09551735000188
04662716000105
52293396000106
09212171000159
05306358000160
08602512000130
76509488000149
08164322000188
19979810000160
01520672000190
17849187000103
05635586000184
00372751000139
06252267000152
01503785000188
07736389000187
07164919000160
03155912000120
12586146000140
04112118002700
00285753000786
48696371000186
37525771001850
05346818000184
11973800000105
16854119000161
47508411006510
18946164000171
24380966000160
18980276000149
07137530000125
05025443000150
05124695000307
07597555000101
00206836000147
11887996000115
07688539000124
05304096000103
03869103000180
43963933000197
08245965000156
01030008000163
03998113000116
07343858000793
23147255000187
19270235000121
05913094000103
02971360000409
08318530000194
26897686000744
07749436000127
23585212000183
28413664000100
05879152002092
37208626000106
15077625000129
15441938000114
26665201000100
39207105000151
16922601000191
01019132000128
02514580000160
02818743000107
84717453000123
27599388000145
22416314000102
13333303000178
09515777000163
26418589000136
17272148000188
19972249001088
17151435000130
02711906000140
14506784000139
01472989000107
12225220000100
27872068000117
39335781000100
11114284009896
14215551000187
10278888004099
09151786000112
17907564000105
28757982000180
08994856000131
89471908000197
84643048000108
77317972000139
84483635000187
27352414000560
02145938000125
05922780000140
22115574000148
13547482000146
01813339000170
35380609000118
05983192000460
13687936000184
32904606000148
16670366000108
45543915006112
97552293000151
71771307000134
02496976000122
06079598000132
26310008000148
07288500000110
05286278000190
08859251000138
04687092000180
03899619000178
13304153000174
00306597002140
06166198000164
22794173000161
04760985000104
07312904000100
10509210000163
07167572000109
08633327000102
03980826000152
70424452000186
03449866000172
07459175000291
09296295000593
14858123000172
30562490000180
25015282000121
83392050000199
09145446000189
02715879000183
05258346000108
32285454002277
02061207000100
43596600000177
15069189000146
16514084000111
04287941000109
10478691000359
10496117000161
07054828000171
16841986000162
01047035000734
12612329000192
83580530000183
19723639000123
97422620010032
03637556000181
05136318000118
05413751000153
21380209000874
10606745000152
07363589000131
95390258000158
17875590000107
08812956000108
07119483000197
03334921000189
08889392000101
05283260000135
04033026000197
13508882000142
33014556056906
08154339000154
28672271000536
86779139000109
06271093002119
00623895000110
82605312000193
09484447000158
84019454000102
02314041003365
07976147021915
89521579000141
05889472000160
02231876000174
11048150000191
19122749000130
20705427000100
06335784000195
03540427000170
07142899000126
14244674000146
08873493000186
08861396000254
16919393000171
01091310000121
47853643000141
45100658000103
12040872000243
13612975000112
00170443000120
10344171000191
07260694000145
45362936000109
07078715000106
07174715000100
13185987000108
16943826000124
11406200000165
04094725000147
20255166000166
24215385000172
13710401000187
03046509000163
08158815000105
03925686000110
03568293000104
07170542000151
02120617000176
17020079000115
05374546000126
10269578000363
08052087000152
09077079000123
