11623188000655
07853284000108
25279282000139
15524129000176
04297273000109
08346051000181
04038227000187
05654900000176
08341619000171
04096287000156
03052709000129
07045622000347
43054097000128
89848543047300
13408610000170
05776731000147
06260923000169
06035029000195
27127786000592
29268248000110
39346861030150
17359759000168
27158039000198
18994622000148
26635515000151
11774965000158
02934130000127
04295036000109
23528361000100
12023712000105
18129073000143
10854336000175
84584655000144
28444229000134
25058434000173
08490259000250
08480816000171
15488665000163
78425808000108
02794942000386
15712290000173
11343334000184
01630045000102
16853203000160
07790277000104
74512468000100
13198378000193
15086177000120
10644967000160
00155331000109
01352344000122
07393011000128
16754457000121
45543915022401
08939898000170
00904144000172
09192339000101
02066272000110
12425597000103
38625737000172
27271717000124
04143008002616
73104929000134
31459985000141
33937681000178
66320474000129
00994466000150
05406744000124
06955576000199
63503007003242
03453733000170
06136457000104
94823176000197
18047352000168
08330267000159
15708696000263
05798024000151
04358335000137
14016107000809
04890965000158
18822696000105
01506555000172
68625151000330
16822350000173
02440958000129
19179340000150
01303995000122
01114732000175
18492670000138
23212922000168
08058366000123
16811915000117
06057223030917
01936084000132
08605136000137
12023966000557
07757511000100
16815428000122
17504202000173
18292259000119
00918467000115
12270435000640
03551625000130
20169599000107
17549074000184
21345246000175
07830105000206
23213145000176
33337007000152
10564636000110
00063609000100
06060365000198
02949904000193
08773641000190
06714992000103
10894310000150
16986855000173
83562074000149
01099426000107
47608344000141
29444464000179
47508411115808
93978013000110
05705026000159
07234771000192
29066826000569
15721960000118
33495169000119
02185091000293
14759159000107
06334984000123
02344540000118
09437907000197
13481309003450
42052969000156
04529047000106
09039000000170
09415306000183
09536969000156
17578078000190
08638750000103
00690555000102
10920605000154
08139615000296
13993174000144
11169957000182
27833615003170
05800256000105
68051457000169
21007017000140
41637182000193
17973411000166
24681719000101
07699275000619
18212969000191
61234985003049
08812344000107
08573240000197
25779489000172
20161262000145
37629995000245
11204956000121
10783862000191
07953678005954
01933217000117
24220996000109
05472782000185
44497881000173
97520331000194
01008713006014
09549410000160
06225933000163
12060832000182
10892921000160
03475791000102
05297480000207
18850451000183
07522714000109
16384404000166
10976396000160
05134235000190
06006239000155
66864976000110
02409637000161
00063960022250
04913788000188
04349934000194
07440368000110
15533191000124
01159003000135
02929400000101
07762502000107
26596423000100
03197489000121
06068177000106
03066189000103
05570381000168
08981832000148
01976860004972
10473138000161
18675540000130
09300375000141
08140779000152
61585865126333
55959084000187
08837720000118
06127687000107
07768802000195
15139855000175
05918878000124
10954122000170
10013544000141
19517396000177
01055747000100
01876864000134
11943208000160
09473322000122
08393290000192
96418264000309
00645791000107
08965157000163
11886668000102
06626253014101
27218925000160
04682889000195
07895247000162
69603637000179
32508968000110
12421204000185
30568110000115
00238243000162
30402267000176
11976670000164
13434001000196
37521036000120
08154750000120
05074045000124
06347956000140
06035439000136
07472955000190
94856473000139
05213934000125
11665469000166
14630341000155
02415480000187
19688587000100
01602072000171
75838136000174
06837645001131
04527723000102
21602804000130
89851786000164
15602043000114
07010539000170
02764687000167
12780446000165
02401125000159
37540747000142
13189939000198
08386930000137
50481860000162
92155969000150
05150174000154
03005095000124
13891204000101
10735500000478
20415295003513
35821545000143
05306318000119
07840224000231
15812417000126
06944344000135
26363400000155
15762533000188
89237911006009
01565288000104
06196167000156
82292459000170
96768957000151
07014198000888
06022322000118
03819004000194
07590039000155
09126662000187
08387804000288
11878993000115
21012774000102
02197840000111
73728297000180
79036075000182
09131069000129
97062871000171
13101664000199
35058387000111
05726972000181
25134901000105
12578360000154
07818450000135
07473735004330
21345134000114
13709670000123
05736365000100
86717014000146
13939316000195
11934489000195
09289564000160
07836009000186
80899552000112
26562559000107
59970624001741
23529500000110
15555049000188
11092587000122
21888926000135
18757700000190
10213890000335
10380980000159
21590110000120
00031195000137
08857702000106
04455651000127
03708225000195
13972778000104
93049203000587
00515425000303
05137871000175
01254548000120
06169722000150
14510103000106
11091854000147
03617956000125
50763606000238
10558548000105
64397003000193
19726658000103
03508034000180
81389868000127
61091906001044
01020020000197
08693139000170
07902128000190
04084493000146
06346976000288
28214443000102
25331455000110
26756742000135
02509081000185
08977352000103
08366418000129
27067344000174
08513512000163
10210896000197
09441903000182
07155966000147
03006415000160
01717096000176
03378046000137
03063808000106
26404731003969
13525044000187
05337634000158
13805717000152
16632110000106
10797331000310
18631878000190
02019256000176
22121734000161
35248954000100
08369899000126
79070421000149
37509833000354
05575004000111
08739456000180
10780332000190
28933943000196
01217863000188
15828359000129
34028316762208
27132497001553
00677637000117
25009788000128
09206288000120
35649219000877
01618885000150
15438010000180
97361968000185
10679554000110
04984520000137
74072513001205
04522717000235
25116522000184
60700465000187
04514115000155
86878030000110
05402603000133
18951145000133
10193526000199
11385984000192
18371675000102
05778514000196
03524249000194
01657349000163
11437740000106
68263029000280
00063960000524
21924341000123
37177615000106
07790219000180
03031179000132
96205455000112
92191493000102
10762226000183
28224489000102
31301112000106
24987419000147
18933847000194
22825154000155
92016757006122
22368996000125
33056292002420
05162784000259
09178367000174
26941332000164
72734742000151
07731232000240
36767820000150
06302616000101
11737348000182
21274934000191
06113295000199
26193117000122
04612570000193
08852620000160
14836607000110
49623515000137
09404971000171
03550647001076
27920424000120
26556415000130
03495318000189
13813782000120
04616843000178
00283402000140
36536936000421
14700658000110
04294900000140
12638951000170
05398238000130
08399617000133
00053843000156
11409334000130
47508411122855
61549259000180
04841917000170
08290852000172
14536492000149
08050832000124
00372205000106
12375315000100
09326464000167
01123662000111
18096061000160
33053939000173
11164090000172
10878552000150
17746457000142
05389285000118
10398077000115
11785605000151
19443861000172
02602603000199
08686844000140
11250616000137
58767252001526
14095040000179
23739338000165
11404055000183
33014556020464
25944596000109
12763144000189
13757057000181
95592002000123
08043149000160
31470701000118
09685529000160
11943351000152
33183849000105
08983683000156
04508912000120
00759844000110
09152473000189
34857185000177
01383490000115
13567812000165
03072068000174
06879119000162
03887522000145
01783429000165
15775273000266
65229668000150
15565495000173
07941515000135
07848357000173
06123047000129
03885825000129
09005807000191
12384107000160
39047170000167
13559214000144
20137409000161
02866459000106
12838425000153
11721169000157
34677104000157
08858897000109
07843486000179
39782982000156
10318096000194
14473610000117
00065130000102
04875808000173
61505400000143
84683481029906
05308535000148
17253758000134
43559079000106
05641375000154
02914352000188
10833468000110
30186072000136
11089732000116
04994390000113
20881068000134
21009346000120
97545543000126
12774199000194
17753749000102
27470028000149
05401475000103
27169017000123
29335803000189
30896492000378
00260036000104
12440881000140
04331629000175
26735346000121
08436383000157
13374261000113
10383190000127
12094373000158
01085207000179
09327640000185
84027945000197
10499732000121
85262749000160
02098169000151
37294782000129
12713353000207
10414433000147
84577881000106
80967193000193
13602865000170
28026623000152
07495895000121
07395631000104
19257042000130
11219521000231
37225323000193
91292987000200
10758937000931
17793714000105
08724087000151
01623423000120
87791992000362
03356885000154
09165843000112
31485055000162
20133804000176
89848543026729
04712135000130
07221368000129
11360891000294
84311000000100
02234943000104
08531763000170
24870133000187
13706277000186
31763303000190
01168240000162
22881724000124
19787256000119
15375991000407
13119440000104
09137455000128
05240089000187
11214500000142
15453322000163
07497190000143
16899474000157
39346861027019
30023329000139
24907966000175
17138336000118
18073481000120
63228092000181
02256942000160
03214505000147
07571746002300
62488937002230
15914963000178
01831545000102
19053571000112
64440688000103
08366424000186
02930056000170
90081589000192
02770621000503
11986367000142
15944085000303
10313754000155
07758953000162
28641141000102
61412110023600
79379491005061
22070825000468
05121706000125
55307649000141
14027834000103
21787997000141
49655566000140
11188804000182
22304901000100
19845599000192
04561594000160
10996479000200
05472960000178
07972537000162
07834841000143
04710294000104
00246008000132
22274700000107
05325886000167
11749448000129
12998891000104
39708011000166
14309798000162
04499320000199
01121854000199
01197919000180
13243288000339
08896153000170
11044188000196
18597469000115
08935375000155
05916036000990
13171242000190
97544343000159
04330954000113
08509080000117
08941162000489
21792153000199
20142311000100
28200947000327
16403297000176
07998546000122
04976718001736
32457657000179
11270119000109
18356061000151
79132833000166
71122147000100
07558439000183
08930629000142
18948465000134
10612603000106
09409092000132
26224971000109
33014556002300
16904724001686
63619332000179
69582757000480
19220755000120
42016634000182
08156693000118
10469853000120
01494155000194
05346815000140
11426107000112
00779196000164
03640467002219
18029585000138
18087105000195
07239339000194
11739642000123
04542337000181
37396462000180
11235925000138
13383843000166
19938424000120
02958397000154
12726300000131
14066777000163
25607565000162
84429810000239
43455344000106
20097944000136
77947000000128
07338285000114
30461058000101
11843252000107
04971940000189
30989628000122
07801078000154
08844207000154
11121010000100
00287365000149
01775301000150
14896387000110
67945071003404
19162663000130
16366221000118
73734824000169
12801322000119
37061769000391
34748137002275
04399380000130
32500977000245
15524143000170
20599530000105
74314923000154
10317324000101
07274407000156
05934106000186
79808754000122
03455647000104
83919761000411
62929096000124
02943656000173
13323622000100
89810881000110
95454252000105
10553929000100
01818432000177
10607290000190
11637216000189
07517057000101
65188559000132
21254871000101
12974825000196
14322461000195
17011960000150
04769486000188
12872503000136
05126801000111
79379491009806
02321499000245
08778321000123
17756002000108
04171451000142
08935701000124
04400325000112
03362980000160
01119789000167
22022451000162
10800961000134
07514630000123
08264428000153
11209220000146
09137236000149
00063960002306
05515224001121
05855504000107
01777592000115
07752056000141
09685521000102
10248599000130
05983192003213
03980501000170
05359791000164
13302156000179
12650757000100
09605717000131
05780808000152
01558657000131
03709814006200
03253327000163
00356493000105
07074583000144
13124158000115
04306133000222
17314329002920
01180101000154
13675720000107
42522599000173
18097598000144
02359188000194
26492573000173
54946389000191
40771628000105
22611149000140
13942391000105
02646270000108
09178530000107
61725214000705
12696283000137
72900962000108
60023231000142
10744604000104
16918263000114
27151881000106
03525933000190
92578780000170
36492122000190
59630442000164
05144730000180
03011712000366
16801636000172
02353764000196
05898680000207
10485223000140
05287342000158
21909705000104
21235881000108
27744390000160
01643676000166
17820622000169
07975912000128
61585865077707
29173499000110
02125658000155
15828765000191
00143995000573
12986591000105
07726214000199
12067158000168
06136221000178
34824383000134
12607017000190
63590103000250
20353575000103
05795604000195
48076228000949
22527719000118
00836942000295
39225768000107
22358848000120
36324028000121
16571017000139
01112635000143
05670829000115
01079210002395
47508411105926
03801076000104
06276817000173
01702695000388
09515628000102
44993632004166
53570784000150
26417725000173
14436203000130
06626253036261
09415390000135
24300827000189
08805084000142
01367148000121
19348847000190
18699169000147
04798469000179
00475868000148
12766527000100
04238072000122
13530919000139
16670085002360
07901184000100
10447570000188
00304694000231
10554936000118
01788530000109
83646984001858
12792490000195
10834757000134
04145988000138
10651127000205
84509801000177
10615675000107
09688747000230
08772232000170
90627068000198
03825233000111
04984400000130
14950961000171
15815603000208
26222221000106
11056074000247
17714786000101
14707213000162
07630798000102
20296227000133
33438250004316
14684426000116
85014793000150
73512030000150
00956900000107
64874050000504
06939493000106
96719737000138
34028316501234
18180377000135
11355420000107
07861027000118
06213752000117
02108951000104
10246989000848
10747402000108
05512179000180
04172861000108
33256135000171
02517693000110
02824994000196
11833941000122
22602539000153
07214467000183
01710984000167
02146450000112
04249471000199
00756923000178
02086906000287
10341161000100
00535328000102
06189226000169
02564105000107
10188320000170
61069373002408
32372591000114
16669309000109
91292987000625
20131033000188
12305124000164
25350190000106
73999930000174
12348976000139
05916036000648
07586683000150
33029588000165
16291064000129
02148373000130
02558157002459
09335242000100
04125581000149
16882546000153
20083366001665
03635656000179
63324065000102
02714977000104
23561825000180
27490549000168
23188497000119
60578101000176
23037695000262
04941434000147
14971936000174
84956994000104
22846277000172
04725940000107
06062420000189
04233662000162
07549663000109
10468088000124
68800440000167
22635241000140
10280199000102
74913088000179
16383611000104
04800136000137
01467056000113
15086714000131
73668170000112
93015006003562
10698587000299
09296295011285
95425369000314
09605435000134
07145128000192
18788425000172
14927879000126
09002949000103
01999886000353
09004345000198
05284258000180
18556724000181
00591651000101
10398024000102
13240146000156
16904817000124
76362128000167
05532666000104
07339366000139
15258788000108
31738883000165
04356309000684
21395875000100
06027987000114
02238184000158
07657795000154
90760703000100
02739757000127
22611652000103
07557333000165
21035466000100
01936870000130
03908429000170
03000770000122
06077409000192
95433397000111
82954116000124
15338710000101
27934363000150
19347444000126
13366897000113
15673797000165
20368854000132
14629399000189
10995014000146
10444126000109
01270417000137
05797339000184
05893668000129
05024078000321
18556433000193
10725568000123
03426263000155
15662260000108
03187491000110
04781524000118
13454003000147
23829076000120
10455674000134
07926218000110
10399413000144
14725080000157
06925866000190
21114878000128
22245002000183
05917002000163
05143385000160
14295714000189
05341681000175
14873493000189
01826174000170
34028316753209
14713166000160
03776769000194
10985856000117
05669807000135
96733902000106
05623186000159
06079606000140
11760750000188
29462327000167
06186606001464
96802152000187
39230891000108
08035860000172
02984289000156
03432939000202
30196855000109
60176211000101
07754543000143
22275318000118
13920626000168
47508411173760
11338398000197
20907020000158
21814825000110
00264414000128
06093970000165
16993893000153
19676276000112
41577446000160
00088350000151
68703073000183
06036577000130
02593801000133
93166163000120
03438995000165
03337988000177
03201848000177
30194948000196
11111756000124
13662971000149
05654704000100
00057359000103
12888223000116
16564014000178
60537263017484
04542103000134
93797371000127
14377227000165
06295811000143
35439728000875
21211317000147
36812295000300
08665894000140
16747210000188
08735340000172
09502114000104
14205658000144
02682577000156
13399534000184
09405789000569
16954221000139
17821699000153
93072122000255
14819304000190
04039923000108
13856289000197
24552704000135
14253369000110
15623076000140
48094205000100
11629112000122
34023051000150
19913836000105
01995130000174
03235909000117
06626253037314
55602312000167
26784473000110
08202281000177
11266200000107
09619183000283
07757357000168
02883248000173
82263401000107
06940166000174
01679337000130
20095383000136
07034797000197
25531629000199
92665611003001
37161866000194
67483859000170
13566083000122
27735448000100
08277717000197
06117821000199
02185169000199
08962849000158
93260768000185
02675409000133
02216434000159
00584701000115
18328760000198
04751548000124
02314108000184
17111714000170
09655502000125
11586227000187
01456655000131
18882462000145
97538182000190
07421791000172
01003027000109
10742878000156
96601166000213
09157331000104
07607891000198
93594331000188
26277445000107
18968342000165
02751491000138
14338792000113
02247159000130
62198692000181
21203429000156
21089589000116
23858965000115
08851744000121
02895945000306
16721271000176
06057223036362
04349655000120
11369413000164
04668317000151
09383859000100
97475073000171
53572632000196
02539582000104
04329908000102
20275232000160
17285276000166
03995515005711
17764017000118
31287154000130
11893105000133
03158413000197
09249859000103
11890883000179
10631801000109
07319224000100
17701496000123
01202874000194
06168919000175
00306597005085
21041922000117
12068184000100
05404494000193
50153949000108
02631322000164
80253396000118
08293275000172
00217109000185
03794510000176
63535025000100
96203393000100
07053405000137
14826350000205
47508411246660
13451644000148
61234985007117
12640239000105
96797840000104
21080805000162
04314568000138
08011373000684
63580666000267
14812475000197
47508411117932
86479243000170
17768068000207
04894366000102
05891194000186
94777778000155
08147152000123
19912363000121
06861405000109
08574321000101
33566624000120
01196411000167
05846703000400
17711367000116
26590188000169
04235558000107
12676726000128
27175975000107
01618146000168
03454983000124
12275008000140
03867427000180
11978371000169
09391142000100
00644731000170
16795583000124
09231544001453
02599584000270
47508411032007
01318992000324
10582311000160
02275727000107
02873350000198
02865429000177
43283811011607
11092508000183
08586669000119
76573997000130
10790637000182
03133872000116
06703805000773
28159077000128
10980403000106
14578289000135
09097900000173
01903824000134
93489243006238
04541047000113
07439176000193
00479166000132
47987672000104
17548360000125
11340032000152
02902195001162
63519227000168
85066983000111
19984875000101
16499610000111
26719489000140
21883426000100
03415416000169
56169626000180
35588417000100
08660357000108
07030378000187
35656230000198
10928740000146
00528762000165
23523384000807
12377432000103
85192599000165
06080756000174
14837266000106
30718477000178
15528710000166
22861342000139
00685777000137
06053438000114
46901104000178
09593329000188
73367070000156
13064901000199
07529897000194
01030685000858
24661381000118
15193268000164
01031209000185
03873540000178
05278435000116
90476789000144
02092195000172
05116904000109
34028316493703
05013085000166
10306331000108
01781381000156
19288504000187
27340074002924
05047510000138
10500206000134
08888944000159
03254270000117
01695897000188
11114284007761
37587292000110
23355417000172
13547437000191
75643411000102
14254710000152
30605927000116
13773654000108
35845635000174
31045727000119
73056590000148
05551164000120
10571609000174
17049056000133
07997277000180
10646673000177
88478409000169
01292553000390
00592481000171
02359273000152
12062034000190
15032781000173
23422322000124
04361389000151
13924596000168
13136197000132
36359156000100
95758181000126
08518753000103
43283811013561
12792451000198
00318958000125
14357806000146
22091556000173
07199427000100
12192084000272
11460556000187
12577260000103
07650319000101
12218109000189
18341264000174
15128923000109
06108130000129
21835590000142
92668250000112
14486153001681
11562977000119
09472083000196
04804413000180
04420885000139
21582234000164
03130048000102
01339475000170
01886206000476
14318950000173
11273568000100
07683953000140
00854942000137
07989447000184
18483520000168
30374466000118
28163926000117
04323802000193
13579046000159
10711245000180
88377213000188
05759167000154
03910613000154
13011004000460
04591355000153
19740853000198
04248586000169
07426020000178
07189882000124
40982464000246
12173530000463
16479091000120
03928675000193
11050837000161
09721360000157
18260546000147
01313218000169
04309418000136
14584237000171
10628819000151
05819542000104
03476811028080
08354489000101
21614051000183
81465395000108
32300862000398
21204873000196
09714106000121
23559165000101
12436361000164
49056146000148
08304627000148
36564060000184
10906893000192
07046004000150
33381286003258
05910753000158
10273145000110
13313251000178
01717954000344
01028959000106
08297443000289
16838803000150
01850958000134
04956309000100
00473633000117
04438714000137
80487150000100
24455042000185
10835671000126
14071216000152
08168927000147
10704845000111
11511934000104
04797719000156
04594849000272
35554344000127
04762534000106
10480823000115
61412110024330
08133764000167
63786933000842
03840953000156
25604794000123
82236217000160
15837088000178
24361923000137
21735876000156
10525478000199
08786872000139
07301609000301
09103525000127
00547886000600
04454430000134
11971961000160
48076228002135
01086634000171
10735500000630
12891749000155
07467511000167
17650904000165
03680796000169
05054671002879
21976810000158
03560820000207
11065482000184
03544644000481
10905249000108
24421711000106
16946167000180
11934689000148
08915342000143
20626083000136
02866441000104
03817646000154
03294962000199
30069850000107
01216627000309
18479964000120
16874333000180
20415295003602
05529951000176
83758029000164
88671151000384
17482706000130
00217482000136
30887338000178
02694611000102
02879267000126
12356100000991
14658412000128
03771867000139
43813468000108
47688775000165
00306597007614
31650757000154
23522724000109
83313601000181
03632129000100
21116075000102
39625397000142
09547254000107
06096012000229
10455816000244
08865724000100
16576346000172
09486209000181
12668943000176
12647357000145
19711446000152
35241363000101
09334520000105
26259481000148
10599647000135
04513786000100
14826350000116
07903549000135
23039585000159
07369859000111
02198214000140
11265188000116
04466254000150
17190697000103
13204268000197
02046379000104
20009908000335
13374510000170
01917194000157
04176082000180
02927004000307
03767739000111
32626728000110
01973518000689
09554449000176
13766790000162
49174410000148
72381189000110
01909329000132
03191156000195
09420750000278
03122245000180
08077555000143
13852270000172
43157064000103
40194284000380
13910818000193
15471267000134
75743120000188
81610289000162
08271554000135
60537263013063
05532321000150
07855432000123
15531661000110
11758842000123
01737244000114
02519574000104
17138551000119
00311611000150
03425013000109
02266867000119
88468012000196
46882700000158
15539043000117
33837923000151
08188420000155
78728458000159
06888690000143
07014998000122
56260169000135
66296476000120
24230136000156
31610334006737
04231665000167
03534081000106
30102185000106
34401706000187
12284474000191
08573472000145
21455750000128
15316065000118
07968534000155
01602389000370
04142631000104
10921887000104
00436042007778
02985500000155
03570327000197
16789183000106
14753850000175
23886559000166
91124461000121
17281668001803
09280349000107
32957649000191
11047810000110
92647023000534
01535467000107
14445373000180
01143897000175
33514001000103
03414071000129
07779594000120
03649204000146
71502819000103
09429503000151
16784670000186
05019708000108
10709673000330
04814922000193
83337576000176
19561908000100
08845041000190
07944602000146
14360533000199
03336862000188
07710675000173
13475252000119
91853234000137
75628602000197
09510816000130
22939871000108
08645213000182
05818764000102
01240677000160
19430365000184
14456863000182
80534779000598
19578276000180
01839292000113
15604465000390
16398794000123
25322868000139
00103136000127
11719363000106
23206907000107
04135705000177
10935927000177
33014556018486
08154079000117
91156471002605
14922812000107
12875445000102
14123150000105
02303941000120
88230545000135
12341441000136
11191946000107
92038074000135
21479327000168
35820448000136
22851892000177
06043272000155
17637313000158
09071868000157
04677941000115
10788873000245
26748897000120
04478622000180
12565230000187
03554343000196
01598985000161
28252172000171
69625739000195
41478611000127
03731722000104
33014556121490
01244735000204
79138608000137
12532384000172
17314329004893
04034191000163
19785216000138
08906239000137
18034505000132
24386746000143
52771516001539
94113818000164
09215807000116
01670245000199
27023225000110
04839390000149
03057872000184
08814444000172
33381286006354
20811098000174
13265251000140
15337345000374
26478008000151
27303468000101
05344747000180
10667383000100
07566687000176
39170907000134
09006919000167
03053280000194
02627886000123
04982885000122
05753951000155
04223482000108
90432444000199
00355382000176
75797530000101
03885152000107
62080924000100
07999649000107
02417481000241
17376177000190
23232510000190
04475860000213
01557810000106
18344117000158
71129027000127
61585865054243
13813671000113
03092668000102
11114284001801
34028316499582
47508411000822
73898686000153
17211167000102
21344990000155
30253991000185
07947684000182
03606284000152
00905827000144
08678504000177
47818497000466
11551498000105
05357800000188
01583146000170
92259266000171
14631736000172
33516725000196
10576782000165
07976147012924
17207320000110
28598795001091
04427327000286
08041695000323
00847518000165
02820202000105
21203012000193
92929611000137
33041260114097
26123583000131
92626530000168
10380090000147
01957897000109
78605573001108
01669771000139
13971953000149
