18649860000116
27376121000199
03100271000107
86411386000220
04497297000101
15123850000154
30557763000107
85325314000117
28274099000139
83083584000133
23672195000111
09280520000412
02097289000134
66487158000146
73112278000124
01701790000103
13192741000163
08889045000170
19249351000169
80866056000162
13668192000150
12977035000164
16652423000126
01751977000294
02200650000106
02913264000161
65339822000147
14008660000123
08412520000113
13008020000150
84582949000137
03935597000154
10377791000208
17328596000156
18286949000165
21112638000194
04021013000106
09442421000147
79781266000179
08375223000145
75297655000172
04306315000384
09318031000160
70052311000180
13937302000132
12778678000189
02952689001070
02894956000100
14340027000138
20009908000173
12685197000129
12096458000175
07411638000164
22787742000141
28746667000157
05152485000152
19607718000179
13574831000119
00727843000194
00216960000193
88915053000183
03715646000143
14647743000162
04525841000173
02761380000374
09002715000158
26703421000334
81375198000190
10424099000102
02287541000178
20978400000183
04897384000148
03332531000170
11271229000268
07690972000102
04542410000204
00819201007209
19908546000173
20778974000108
01557208000179
05827094000948
07908154000125
63570790000160
02872908000110
11419535000118
08015278000144
02854985000148
00664942000174
08164240000133
11837340000198
01143109000140
13786942000199
00364996000114
00884792000104
01912250000160
18768796000192
23068778000138
09024283000186
07457234000101
01386999000111
06862627006250
22481639000179
06879855000110
30578975000162
01470909000176
10579733000186
11578946000156
17553294000181
08783743000197
01929665000228
01030685000696
00776144000134
21365409000181
88845847000118
92692185000160
10754882000134
00503930000168
01711005000276
13361867000114
11376319000132
84438233000160
03758517000132
84477215001836
09420101000196
15528462000153
09271672000106
12309314000150
09467521000128
94102100000172
11851708000172
70005327000131
01341740000154
17985822000171
27499405000172
09372287000155
63275242000108
02813603000138
93713055000120
90086448000162
21206582000137
22190880000149
06282046000127
24774390000115
07738481000186
02982340000190
10834188000127
08916969000119
00544656000175
19970678000125
28218580000107
24706593000174
01066061000114
24002637000185
04574827000160
04828787000135
01991461002007
21447550000123
02747346000183
12023966003904
21162236000102
08186511000151
19958550000146
01449368000366
13185965000148
80646995000100
30978795000178
07751593001068
05800256002906
03201595000131
19921313000100
92660406001190
05524717000156
84519883000564
12974095000123
09326158000120
66635632000130
17156817000156
17497266000194
15137164000132
17667567000119
00294035000180
82264458000112
10517939000181
23569780000190
09010899000106
04770125000151
08399617000303
10236010000184
12334957000153
79574596000193
25411737000128
22144554000103
26677742000140
10013620000119
23494834000104
12429739000100
33041260029570
02727011000101
42402420000144
39346861021320
09486731000163
15710678000135
19305630000100
04641376010522
02421510000168
20627881000182
33200049001461
74552068001434
09543509000155
11114284004665
25103764000133
17413766000109
76870948000240
03080240000131
84659879000500
35295146000196
08679642000413
14721206000115
05621649000143
05132223000126
15580641000130
15266762000101
11613818000287
11373425000162
14685994000131
04698089000162
31861115000870
08687098000109
03859398000104
00421741000146
01554566000128
10619813000118
68682277000266
63878896000550
15300808000161
08974142000161
07827608000214
30137327000170
02902285000181
17489404000193
65283269000259
14505265000156
12614458000110
39304084000192
33643420001117
10692877000144
05451501000108
00985700000182
84683481034829
02773576000460
13092958000100
11106404000180
20555976000138
83032664000160
36206738000157
25634551001452
14755180000126
15266645000148
00380354000109
12138234000189
08802040000169
71281034000140
17256729000126
47637681000167
31487473002302
20804902000198
47964333000285
11792812000133
00863187000157
06199321000143
43281195000106
16926564000190
07729883000114
17648309000195
27296591000142
11943071000144
03214827000196
08940385000189
17482332000152
03947709000197
07676080000149
05664796000109
06347409000831
28402375000105
09516921000186
03591795000148
20191728000236
10788171000180
04221190000128
72390479000120
47427653001782
03404306000100
01582650000155
05054671001473
12086523000181
03401180000101
23260987000189
21471658000151
17100574000134
84649045000181
09583389000110
12803511000120
00446039000137
11953859000131
42987487000198
33165655000179
14949643000190
00616149000108
07655395000100
14742132000284
40433732000190
13231694000110
34107235000107
02109603000151
14941704000173
07063163000162
21394337000109
11483349000229
08437387000150
23038656000107
07700183000105
10558151000113
14445045000184
62921382000143
42225938002870
17823055000102
01078861000155
22008270000181
09387336000123
00339045000195
15583552000147
12215167000159
05015503000154
08810263000178
01124921000129
19520476000181
24493791000105
23748590000130
20973857000103
16875174000138
43255777000100
13519670000160
10713570000182
92756402000309
04109169000135
46890158000185
33682998000100
21182345000183
26772166000110
12968187000109
00708742000176
32974958000170
24634482000108
02410973000124
86576014000173
00106670000197
03662445000206
05683729000123
09336183000195
55098198000180
09091530000167
10620909000104
12142198000127
82628157000120
69366524000105
14913723000196
05918619000608
09942456000145
10644126000152
18299318000180
32062556000107
00445400000100
32873907000151
45287893000136
04336776000138
18135299000157
23800916000121
05964142000192
17097144000100
37396447000131
00650007000159
56548605000176
04457071000179
03136882000105
05728650000171
09613410000182
52105533000131
93904886000189
07842195000166
03387901000176
18792779000190
30706451000100
01759066000203
09343751000185
06067650000130
21599540000103
10966641000159
19260513000160
37487717000381
01006014000266
06005949000160
00285753005664
04868866000170
00560882000140
07680695000220
11197297000143
11093828000158
15464454000190
24896425001918
11044747002292
94271640000180
12393068000167
07043038000190
90407289000150
04026483000154
02564900000197
10175221000154
10846507000114
03306578000592
87514014000101
01656763000158
04094961000163
05079860000186
13337757000117
03217838000120
01559046000612
07388436000149
23805419000116
14879221000196
14440667000110
08022117000188
08726563000254
02337524000106
22976573000198
05429361000171
15721020000200
25153669000144
88548011000151
16578107000151
20505049000103
02686801000188
05564379000186
08958023000115
05474193000136
74226663000165
13863677000103
60577418000198
08971084000112
14754053000102
03752454000107
95769105000701
08664235000190
31427925000147
10786653000100
09324577000123
10603039000238
93681864000440
02977575000194
04576828000143
11401074000156
53564100000107
06881928000109
09502582000189
32299984000573
11219986000292
15219852000141
24898637000105
83732388000142
00614608000106
01489575000182
27014682000148
00274403000129
05257219000194
17153308000170
14982319000174
18750302000142
03098768000138
01353505000100
07334171000104
07961401000157
14938954000154
07861927000165
04367631000102
79964177001130
23646366000138
25149753000194
07233524000171
73977761000171
01438515000130
23001887000138
10565575000105
01303975000151
15436291000132
22216720000393
10478808000132
05156397000129
04206050009137
12116140000109
02553421000418
23004930000380
22964667000147
05438862000114
12678301000158
89521876000197
55979736002008
05395945000173
49803323000102
07516090000117
14085531000139
42225938001636
05257582000100
02194086000166
17407193000100
05461506000111
07604594000199
08222587000195
11452100000418
08833297000188
94196722000298
34912063000136
08378126000106
63222921000119
26708594000183
30521199000164
01652698000192
08297710000307
10782708000103
04119524000157
11087237000178
01353055000148
24073694003251
07126730000506
18764203000110
02587605000156
09391139000188
13191640000178
07923464000119
13396337000101
20972889000186
92855220000115
10474392000184
05059252000100
11065132000118
11286829000461
11266779000108
10423523000102
10341495000176
02229620000122
04899316005349
03910300000104
92782127000128
77901734000176
02316749000410
09331531000212
03064701000182
13009904000120
04141220000196
24073694002441
14111627000124
14774741000134
21134321000159
06039028000380
32548760000124
05605394000206
34624379000980
03397086000126
11661095000100
04794996000105
04725674000104
73475220000226
01016179000138
19960521000119
13310746000143
67423046000194
14766356000145
68062827004908
20946610000190
41541319000101
03064775000119
05620423000128
35595016000179
07327166000166
21633095000150
22196675000190
13175577000186
39189808000102
08208179000189
20721561000197
16877013000183
04742665000121
12626574000159
01276256005824
01050029000817
05415585000205
11203697000114
01031060000800
03826898000140
72186026000187
59742577000111
10431085000116
04774824000412
07826221000243
54471362000190
07182837000148
03287246000184
10382208000176
34764944000157
95602082000150
08228010000190
09176226000384
14562780000178
11840691000158
05684727000159
01418960000139
01407362000164
03245445000120
03405540000143
04081267000101
07246017000172
02808172000111
10838413000101
92968965000190
06626253016660
18754951000111
61585865129510
05267358000280
01708272000103
05369811000188
00672225000194
02304313000169
00855792000186
20439833000160
15803151000155
20628152008630
03134849000146
03433866000346
04187718000190
01137059000199
01664891000143
20303016000180
03761172000176
05741430000188
08740629000180
13367988000173
05644676000131
23064686000180
11036905000138
28594826000145
77396810000990
02784513000166
10265204000108
19193093000146
58154618000196
07375242000109
14257872000144
01669395000182
14709356000103
52269644000183
21442643000165
01438784003708
08104215000164
47712468000172
83646984007031
11593427000167
25738964000162
13654268000199
00870876000199
25653841000129
05477207000418
35212513000221
33014556092457
71913404000114
33014556116577
16986769001485
28289350000139
79713905000169
01998069000542
76512359000100
11993015000114
26337113000170
02763729000145
09394760000103
33095662000141
23100643000102
04289421000135
21463174000160
07535170000110
17903613000131
01801139000105
27355635000168
92092386000127
35013903000191
08304698000140
83314757000691
82977109000148
00063960010830
24494062000165
13003790000100
79976197000159
73453177000117
05284128000148
32231367000102
04281539000117
18223967000106
82359589000264
05692135000189
27465585000171
06984590000110
07063185000203
01550635000125
17847209000198
93790103000183
61038683000160
23673982000188
11732934000134
36812709000139
89848790000173
04966803000156
00365320000145
18772061000132
08220897000170
06277082000445
07624684000141
12587500000150
20697206000120
10315249000140
00126248000101
28906572000153
97663728005528
65234833000162
11659770000248
19575513000159
11519989000160
77880854000134
30592931000197
11587984000175
10559582000285
11162985000178
41049677000100
07894479000104
49091291000160
07381910000100
24881023000110
95039186000107
32775542000122
81044547000190
60451671000109
52483104000106
09174784000149
04745891000166
06975256000109
23938210000392
28463535000118
09092097000184
13178793000266
85360444000190
03840986002573
11978934000119
07968840000191
33014556099117
04338767000186
83566695000109
05535739000111
09477652001249
29757279000134
06164130000146
01740038000163
03296852000166
17338042000130
08413194000169
20460235000173
03278663000160
05267928000150
02610952000233
95208856000163
30390107000154
07929571000154
48093892001382
13133504000121
39777065000183
15151046002394
11744189000143
32179707000101
12900159000141
61412110006862
20256243000100
20638184000127
00107384000146
13499136000130
12046930000165
68287580000183
13838690000102
06957694000136
00498797000107
09100465000199
02177027000180
97320451002787
17565581000101
08234422000133
10238114000128
42809012000101
10867572000126
08445774000138
27511997000109
08033974000183
11388978000199
00634083000251
23179332000180
08542134000146
41862434000188
34170276000130
02620622000148
56913965000120
02695529000100
15712862000114
02607757000173
72917636000103
00981967000100
05302143000171
09623183000176
21108634000132
18954618000156
11060485000125
05762803000105
15430638000130
00143508000149
06124678000162
20317146000172
20415295004161
34028316321414
11039861000108
20807906000391
17900641000103
21657069000162
21170851000152
13108368000110
03461803000131
05471401000143
24122560000187
13003753000100
87133666000449
13051677000109
01672475000197
20765447000169
13781363000153
19418302000102
03989124000130
82411505000103
12104589000157
03378119000190
11270687000100
42570788000111
14914118000130
05916706000111
01536085001323
34028316067950
15082721000165
87791992000109
06828859000250
14889620000138
20672584000159
01884707000170
84578616000134
13783698000100
00470952000179
08761383000122
07651914000242
16624611028746
33229451000154
33014556005317
03371293000101
42938332000161
00168275000139
06103122000190
08946492000114
13022678000117
40432544047534
04253381000171
03556619000175
32424350000171
15704647000171
55330229005226
01865032000201
08597984000141
23515265000128
04333825000189
10539642000117
14810475000158
06215218000140
14789037000155
93998243000141
13503297000150
65736928000184
03010559000271
11045337000131
14897562000194
08950836000169
29036633000131
04073070000120
13389858000131
11083764000104
37272051000182
64663032000150
08946650000136
36956639000192
77850303000128
10715645000164
64470727000115
04545628000123
00941693000117
27621475000151
10526217000193
03545742000190
42112474000175
00502839000128
00486423001305
15263984000170
20232419000186
93489243004103
69894285000158
87079976000180
15529088000100
08684498000160
17723853000154
05017852000296
08688422000103
15920427000185
02950041000174
20581815000119
05563868000709
32879298000148
11386941000121
17002341000107
07226270000245
12789334000175
13882848000303
07291084000109
10912666000170
05292747000184
07630384000175
64584063000115
11780563000166
07846549000140
11241950000124
27904417000135
06108800000107
08255726000187
00093905000153
14750147000103
23132180000160
18665335000518
17020776000176
08505025000159
13384189000105
04547497000113
09559252000120
03165507000193
02557276000109
19452371000213
05482114000139
11223528000146
48175053000170
26734678000191
10371997000140
20774520000169
43853902000183
09257192000190
03217473000133
08964384000174
04413781000105
03118772000110
02743218003420
13187486000160
29339871000116
30074447000176
00234238000181
07237469000279
01513939000112
76080738003355
08883805000132
19492472000137
79801254000169
14638459000120
01686044000180
08337864000105
11275814000155
28794028000167
11222085000179
13004510037260
51655074000792
37330081000106
10250467000143
02705585000170
02969969000109
07037941000220
07033984000156
06057223031808
00105032000151
01234967000109
08827159000196
83482034000197
83227421000187
29509910000186
01026937000107
10539048000126
09505427000116
07584413000100
06955456000191
01918076000163
15338858000138
86858461000115
17065993000182
01243976000158
00577065000285
36512218000172
10813888000135
07537125000102
02003385000176
33014556056817
87712725000352
13737866000121
10603316000121
14280073000199
15095236000126
01079210004177
36207710000134
11435961000145
05515224000311
00235798000312
20210924000120
02403486000215
80644941000105
06057223010304
07377640000164
14005539000148
21189240000156
02776361000150
08229111000186
48853816000194
09077776000184
00672345000191
13363051000120
06144346000140
12860138000140
74090812000101
36221414000198
13361074000103
17055956000193
01260559000113
08732997000186
22720429000196
05404489000180
20320057000185
41136730000100
05620313000166
00122703000192
29662890000189
33657677002957
13091907000155
11491071000150
11517841003455
24126646000188
05244302000129
21140400000172
00527082000712
13098359000195
94637675000190
05510399000174
18839001000190
04620288000158
14877624000104
09495913000109
04171751000121
95203238000120
08491196000176
80769821000126
02858553000105
08348990000165
08789868000124
05016919000197
12725815000117
07158704000136
29558772000125
11338497000179
02443756000130
02219686000131
05471823000119
01120392000195
61585865105417
17646456000126
11016437000130
61413134000129
17725726000194
82284407000152
14804722000103
05095886000118
09338727000158
13388905000122
03103149000194
00544205000138
07384493000150
84911585000272
03439316002469
20953443000104
10939828000163
00195201000272
09036409000132
05466539000235
01451716000178
01079210009721
21876289000187
05251556000174
14202490000113
33277484000170
17938859000149
82306416000105
03470162000181
16515667000167
27512364000107
79378667000182
77941490000155
15613578000190
06945835000109
08244076000174
95016150000108
05795785000150
17555419000102
07253191000142
01293667000192
52202744000354
22861710000149
21367987000157
10708814000139
15346896000302
65369985000172
27735448001181
11662537000133
33041260148900
15837415000191
28378528000118
03325773000136
34028316066635
61002127000134
38030151000246
00844916000128
10922245000120
03840986002301
10399205000145
35593870000104
00447821001304
12338528000154
73809170000195
03493885000104
14469809000171
02491006000134
04414448000102
11411546000151
07917996000143
11209997000100
11960421000180
36786689000179
39221122000143
33019670000109
19158960000102
30248086000137
15636643000101
58560004000104
05500511000196
02760681000111
00636254000109
60160546000131
05332302000180
20021870000154
47508411228920
09435344000106
01737219000130
10875376000101
47508411130521
19051820000130
18240737000147
08679927000292
77182442000120
22630942000196
11838967000163
00445335000113
15839840000110
24855478000161
08552507000160
01796306000169
78793957000120
58067745000158
04925691000195
63066864000126
02420581000146
74400052000191
74125675000101
09123763000102
84308980000770
19976883000106
12294193000110
09505601000120
15000533000140
12566590000101
03896769000128
75400218002852
19725340000108
01687760000181
32254468000107
01686183000103
59420190000149
05980738000186
01428564000192
35923903000129
11623636000106
11128025000191
83348169000245
07170943006495
10276326000108
12157713000142
04719692000183
89470462001158
20343068000180
95324778000162
10295887000146
14532547000142
12463577000119
83240333000549
01713419000153
04413212000151
01815806000109
96391727000116
05964277000158
09066368000208
02566511000109
90881079000108
84015080000149
08057496000141
01219491000200
42167916000180
04583171000141
08285240000191
02885642000140
80140288000210
15553712000105
47508411103982
12122241000192
64102825000108
05755026000163
03090756000167
17027791000146
20827043000152
57982795000106
01418622000105
07654775000120
03315663000193
10305651000143
24523887000160
89281273000165
22557046000149
08399834000123
05800256000954
23503992000175
04909911000197
68195999000105
44620045000134
02770212000183
07286959000184
07251824000183
54549159000199
26890871000111
24513166000170
03334662000196
03518979000182
10623410000142
12023966003815
03144669000145
83298349000189
02529496000110
11692014000130
41535857000193
12421615000170
02796769000193
04394636000116
19612126000145
17307974000115
18737479000109
11076602000149
12118240000174
50052000001690
16745634000103
17621467000151
02115191000162
00447821014554
75458281000120
06016749000103
11482033000131
13328046000186
17235242000167
33080854000184
02367369000162
47960950085879
10310327000113
53154225004822
07626697000311
15974553000112
15805161000120
09150735000176
00451780000196
24364383000145
00278292000129
05429018000399
13040455000182
02143716000173
02535559000141
01813252000100
93036499000178
82067414000100
02400196000137
09246187000182
03027916000123
06347463000100
10395273000136
07335806000180
02959832000165
17695813000499
03284632000112
07466212000108
22204648000384
03036406000112
07869747000120
01656713000170
02793748000114
04217753000104
03969630000248
10526684000113
26608068000141
04933328000111
16836117000140
26317482000100
32516544000105
04641376021729
11453678000146
15018442000132
10495170000148
39401682000180
63688006000113
01063416000111
02759315000142
00735801000103
16603725000104
13004510032382
75986026000150
10452941000110
22839965000105
07543490000111
03643064000107
10408613000116
03214816000106
05515652000182
56992936000109
19601319000109
18314779000185
06626253030220
13332007000152
07228042000557
07728414000180
13471631000130
15242285000144
08054903000167
02485969000125
30394928000169
02231801000355
11623687000138
05565877000143
35304542000213
14049739000100
13851490000181
02625105000161
83754234009370
10633146000128
02829402000129
04285284000403
36542553000113
13198983000164
19020939000146
06186383000110
05254371000113
94100385000102
42365262000108
04659511000170
07521457000190
12252711000132
60790565000141
04899316009760
11967543000107
62778048000182
79397386000177
13610636000105
08796867000107
06160739000147
86669512000160
03255862000153
03543186000113
00468495000188
03733898000103
11190525000153
03002339010340
14019066000138
20282128000100
06116574000106
06108817000326
07303943000132
09164354000146
07490130000107
30812341000203
33014556103327
10297359000126
06050432000193
11203578000161
03413535000182
07235512000186
02499715000166
01610517000912
01791355000109
05045767000150
60789732000134
11109829000143
71149355000195
04845176000103
15131182000107
97485510000138
03568176000132
09213249000150
20878567000172
11094270000125
79953584000331
86994662000140
14686085000118
05234808000157
15395957000151
97422620002870
45694437002316
04542161000168
01512874000190
81136160000164
22359152000118
12474217000112
02232716000220
11083214000195
45992468000148
10572068000107
07664617000150
19798053000128
07553843000164
82858903000687
21512420000127
13801307000133
02379128000133
08493428000125
08852197000107
12495240000193
59759480000111
13901140000182
08807800000120
89761613000155
21539786000190
06636903000140
08940015000737
01109449000155
17739082000193
10482788000173
07527540000177
10645233000103
14879896000135
02207012000117
22093697000125
13205094000187
04658317000170
15679354000181
10589209000196
25284812000137
36536605000149
02738139000162
17467199000165
83333237000111
05983192002403
04074497000143
10496507000131
09060746000165
24116480000119
05937880000140
01570529000456
13485121000112
13274328000148
25245406000165
17001391000161
14743677000124
43222744000163
60194107000140
17309274000160
07696744000131
04612055000103
24443566000156
88825641000126
03595109000107
05093910000180
18225480000154
01189634000105
32906298000190
13005343000190
97546821000160
02572316000183
04899316021034
07831556000179
50191402000199
14933048000671
93823672000188
64758758000176
08086368000126
60893658000100
25629809000701
05467207000194
02853274000159
07570590000137
04206050009722
08741760000161
09469219000109
67867648000130
29247248000133
27192079000407
00041327002155
07182329000593
12750778000105
11336459000187
14472736000177
47960950022605
09619188000125
03422179000163
17881821000187
06941836000177
00841350000180
27079041000171
04163323000157
03810151000101
05498237000168
20132196000185
05794164000151
13209416000166
07551788000173
21597342000100
37993037000178
14583333000103
10656822000189
04296140000100
93364974000488
02150049000156
33451444000100
05318881000107
02493027000199
11568064000100
04643012000195
12202878000199
25349932000175
26401213000119
01991836000168
14832992000128
03250858000100
60579703000148
05157416000131
11357841000177
04624939000188
92219823000120
07821455000117
00178300000165
14761044000149
49084890000237
04657260000195
20546527000123
00386269000158
15618822000108
00722139000149
20069865000111
89584403000139
25319965000172
38499661000186
34028316459874
05352126000149
06057223031050
04976718001655
03995902000101
41374208000158
06264285000154
23104915000142
01432670000492
12132089000129
02913113000103
07277226000183
02862415000108
19161846000131
79245296000160
71132872000151
21351111000112
63287262000107
09649019000138
06026203000133
08331444000111
01887122001429
11149046000193
13858588000160
70357025000122
04616912000143
18671069000102
03650870000102
16702518000107
05777171000145
90589698000972
09060964013773
07167072000177
36883544000196
04823805000196
24723991000107
33056292003400
03867565000169
05482086000150
08686855000120
61192795001577
09194720000100
05402635000139
15361036000178
01008713008904
11184197000182
22917885000120
03416387000150
23708414000175
72239403000107
08665076000148
32940512000124
93489243004960
04899316001602
11164128000107
12769658000141
07256802000106
05022924000102
10316680000100
13174074000196
02889790000214
07957008000190
22946875000385
35299577000120
01707669000261
15151046002122
11603026000140
08958075000191
06332326000100
25360800000144
05571792000178
33767716000259
91424135000130
54026992002018
87491197000197
19921486000129
29314788000192
09101545000169
86882792000190
11869477000124
01965452000170
01800558000114
04998924000260
17801587000300
18385535000193
25684027000171
13030262000140
02638597000120
16805821000135
13283878000123
10247876000190
02932953000113
24738488000117
27883819000109
03150688000184
07430262000135
10499654000165
34869214000110
01367191000197
05654088000189
14819075000103
24653206000189
82647165001609
03793199000140
33014556083547
02515220000183
21304393000105
16562427000113
60207628000194
13358254000128
08322910000100
09513662000130
04654680000118
05111590000496
07583819000178
05214053001877
08873461000180
31471726000136
15071901000141
09224723000149
12515333000132
04910717000202
05775489000197
11405446000112
06164816000137
20477188000170
03856513000197
14369778000187
17149821000197
03481445000129
93489243003727
05674874000148
02970625000101
75731422000136
08052670000163
01910915000105
04377305000178
75541409000114
18490158000152
09448133000108
65305930000107
00461170000173
01696897000100
09070656000155
10916491000179
07904496000177
08704174000147
07989847000190
91954883000124
06035681000100
07136325000145
33970807000106
15107134000183
00816634000117
66209362000103
05111744000105
17810745000119
10598804000198
12073035000130
62409743000177
14858362000122
07144829000107
07594806000102
63800338000148
10645565000180
07275571000692
23570062000304
23140078000107
01594129000138
07056451000190
10794430000186
08847450000126
33759218000264
07835062000162
08701432000212
12285641000119
01660565000168
20236439000125
06572192000278
01426949001001
20794986000126
13731791000171
