06233409000134
65242182000152
01842256000109
10864093000156
11399976000103
35690759000128
23200801000104
01344029000153
21192337000118
03095686000130
05659760000129
15455833000114
06055479000220
26890608000122
90557539000139
21029442000130
10822762000127
05337721000105
33241562000186
53324182000112
00573810000137
00772423000120
00549675000194
02189805000150
23953509000154
72086408000139
03433937000149
23442500000189
16998841000170
06996090000107
05295063000136
01748347000180
08626507000167
12857357000170
07624098000105
07373512000142
08382548000155
69364941000100
00920940000107
00565813000129
11183906000105
13860046000122
12661644000100
13990321000122
08117062000190
28670958000109
04354444000186
07374346000107
14437971000108
11923482000178
13447648000152
03989217002027
17360046000114
05357150000170
13782912000104
90041526000102
80342330000102
69952620000127
05542442000183
13300578000105
01095149000407
03481388000188
24752061000173
01387686000773
07844472000170
21984786000794
02503470000101
14354103000164
03139910002515
20811915000194
12165099000241
47508411059711
13119446000181
15592969000176
07805429000103
32426165000116
10625760000148
87397865001355
19361151000101
04637954000160
13543208000441
48551071000109
14057668000180
67874529000105
08587424000106
24438192000180
02886143000178
11701535000106
16528023000103
10592446000106
05324481000104
09166195000208
86434727001255
06969032000186
06846349000630
05576944000125
08470607000147
02491034000151
05465316000172
12669181000122
03156686000100
14841794000120
46680617000104
10486070000155
83907824000177
23429228000105
02195189000140
08999022000119
11753714000197
01390442001126
59412189000172
40290371000170
10690695000134
15447338000163
15322473000182
07195726000176
83479584000157
09594518000175
94434263000152
02273616000161
41050568000102
41760380000140
04280861000121
22892395000117
02463295000320
04076504000146
11196273000170
90589698000468
25815135000136
01548238000461
20123207000160
07863885000100
59850545000130
04987413000162
97068704000138
02826155000107
04816658000127
87394656000114
06091569000196
08154637000144
23071368000146
19588085000107
11117785001418
08215558000104
04859785000103
30662498000119
13309805000163
17847875000126
09577621000107
14452137000191
12088331000104
07304262000199
24860575000142
03439316001225
33045782000134
10490231000184
05289403000116
37371689000170
32240477000130
05430700000130
05057191000141
11099406000190
70117320000101
08378539000190
04085045000167
27379028000138
04325517000101
17223449000111
03501301000197
42144568000126
24863688000100
04431729000173
12908006000140
61565115000118
00209769000114
04385909000166
03739462000113
01997997000169
74155052000173
02731780000175
05027658000100
19902499000150
21984291000170
33101825000151
32879272000108
16965660000147
06136230000401
29347754000102
13734523000103
07885848000194
04924519000117
08482895000150
14004612000167
02247407000143
05547244000102
09001879001728
09361645000124
12825711000184
12878881000127
04390900000143
96788658000189
15123276000134
18004772000167
11509198000150
03110495000108
08366344000120
12925819000149
82379470000172
11019880000164
07601464000100
07455179000110
17985501000177
28246361000131
11975360000125
18529668000196
12076463000116
00905667000133
10221614000157
17581621000370
07070838000109
15164657000161
08487338000121
12639635000112
86794344000135
06184700000160
09569599000153
31523012000124
21568506000171
20133188000153
13640470000161
10418536000185
01476416000143
13200425000196
01008512000167
10571343000160
05065301000117
07958207000112
04542403000113
08674779000132
00961822000139
92280379000159
22121645000115
10461807000185
10397338000182
01438784003112
02171074000116
04257524000113
16666255000128
17271446000153
24128937000105
21074750000188
10836088000130
07615037000173
71298566000190
17144682000109
06726079000119
01665798000404
12019712000131
06021936000185
08198092000178
25819921000101
21418588000178
88215447000129
04158512000131
00333669000286
39616883000102
93369064000145
02785364000150
20626321000103
14982325000121
01134096000143
04129629000197
07329375000149
17074959000174
07329577000190
04842375000150
14384211000180
57867715000163
09583034000120
13495294000111
07736201000109
10957410000189
90120007000210
05053713000137
08900031000100
09013288000103
13173994000866
14529941000121
07360583000100
49914641000140
30608487000150
08947505000170
05403058000108
07703512000163
29587623002723
22763502000530
32199770000606
62110549000196
08917837000101
04321848000254
07050125000175
01999180000120
31184997000100
09596651000160
00889627000226
02893830000110
02111846000124
17969606000132
03796423000158
80848047000220
37356615000165
24285157000179
01875599000170
01535941000273
01133732000112
23503053000120
14506267000160
05941387000102
15338880000188
10412832000179
18463038000166
96722491000153
90072059000501
07758604000140
04375628000122
71216113000177
19812763000165
06256935000110
01045508000179
06533983000108
09050201000178
08889832000112
84500891000216
10399415000133
23570062000134
00324397000177
14399802000805
02696656000116
05415303000199
08747508000160
00473210000105
07833604000168
06158509000143
09561448000159
20450901000192
07351722000130
33014556141768
26044049000130
07120329000216
29401783000105
07075052000176
18440248000139
20526306000193
03296069000100
27153212000165
42225938010201
07869187000103
14778730000122
10621066000152
00814364000105
07902180000146
00285753001243
14855587000125
17302069000172
07405514000176
12901715000102
04601164000125
06130867000148
57713240000150
00254657000185
03491348000117
08856283000180
19040394000130
04252738000105
33438250033928
27210985000136
10583494000138
08046585000192
59725630000176
26372126000180
89568489000106
84659879001301
03771829000186
03422345000121
11270894000156
63590103000179
05567054000157
08848483000190
02853679000197
12288374000133
09410152000137
10698022000120
06311489000107
37994092000425
11162677000142
17015715000110
01438784004437
00557260000162
27630722000186
02249394000222
25773466000150
29480484000103
16416908000110
10916448000103
63083547000118
06070648000110
09136889000103
33657677002442
01503188000153
09613767000160
76504216000156
22657690000199
10535063000104
47508411110687
02780425000196
23538840000108
08290774000106
00640793000103
11062352000198
13018122000157
01515747000145
06085923000170
02176465000123
03474308000167
10750265000160
10642903000120
11467414000141
02076278000178
93349603000184
11114780000117
16180804000150
04639890000137
09179400000180
09599931000122
11180301000160
04765753000149
04502287000109
04337055000142
10491743000165
42382002000132
76772730000172
08786677000109
03866386000107
13159290000162
11451936000155
00898920000179
04738041000130
13625001000173
10576478000541
03881652000170
05968643000147
28696041000183
02710297000104
02257223000164
00539861000142
05014551000470
42390070000143
13675556000120
20014798000138
07608055000128
14756338000182
09373967000193
05823296000164
05889678000190
02932558000564
07704478000141
24384498000100
19281811000136
03674713000129
11515436000130
20396428000102
20522819000126
22852280000280
14792170000160
04054653000104
13240568000121
00169163000100
77906295000194
91283978000163
04359458000192
13498246000187
14034072000164
23561049000119
13004510034679
22102463000105
23154446000176
07462627000103
09107137000114
06882115000133
11606224000168
03608766000656
05526322000192
03799040000133
06057223013079
07168478000336
17119240000102
24073694001801
77044618001150
12993881000178
11370128000163
03678545000140
74005133000197
01699009000286
04434355000140
07357148000127
04139358000150
07850106000123
15549193000101
12758482000122
00125759000109
00220556000193
05552124000101
19627537000104
05564689000109
19298957000194
60494416002189
14809639000127
79294419000153
08870582000179
08949100000847
30553822000160
09295310000155
05256794000172
00922333000178
05220251000529
10204158000137
01989053000301
13517853000147
25189098000106
01453849000183
01372378000189
14101049000145
24975245000100
39487228000193
03255817000107
16684099000128
18022755000152
12934171000177
02599266000128
01241034000130
12282959000146
79592374000101
17168750000170
11218202000120
14024527000160
68062827006102
87851895000156
20795173000150
09636318000138
82864091000178
14555276000140
12919683000245
10930530000192
02271341000631
05101924000106
43283811009025
32509366000187
14959979000134
14297982000130
03180504000129
16950711000167
04779685004083
36928711000178
33041260046237
10333346000165
00238234000171
91227728000106
63359335000110
07170943000373
01527498000108
09576111000115
08370651000185
07826981000170
08505707000161
06351674000460
07634828000140
07296109000167
20889575000114
09279554000144
10266676000185
04403130000126
82649252000100
19863856000119
15009778000139
08404915000174
08139028000116
06971191000115
22840243000170
04101512000286
08430119000106
01564631000104
21814527000120
10476321000110
17835729000180
03231205000176
36108793000104
14475946000119
11515755000145
16793356000160
18294498000108
30655745000150
68828391000170
06081498000140
61084018003200
11673973000108
02754990000189
26690009000165
07300975000184
08775275000109
00952803000146
24446768000151
30118886000133
97421176000159
03422504000198
04757459001248
08630753000192
10991874000101
40954166000161
11355510000106
03549925000427
26721475000160
08283477000133
03339593000103
43283811004813
07723807000100
08689190000108
42588871000118
05291412000141
04813558000147
79379491007439
73707549000194
92660406000461
10957585000196
59605535000139
09554145000109
73138885000163
20606244000120
22045622000179
11723592000196
17495220000136
02411173000128
07412266000190
03658360000173
19038455000124
35227461000186
03360063000147
47960950017873
11283781000195
06057223030321
06069159000149
08390146000100
19140082000106
45543915003954
11105504000192
05331168000101
17158968000143
91149237000194
05445467000169
08999766000133
00417452000173
11035949000143
14362291000172
16998050000140
50901651000120
06286592000136
09311579000188
09001879001051
00967953000123
06174153000131
52476710000196
41142118000131
07531534000193
07337274000110
14612725000145
08883661000114
35760560000129
04634597000187
06728154000180
16043929000138
00129260000161
11732938000112
00526235000111
03721752000130
06255154000291
02724015000390
10704166000142
00933145000145
15714153000178
06237544000158
07650319001000
11188740000110
05370423000117
79145280000186
33517491000100
19950048000199
08862367000126
19173622000140
82522178000248
07319797000133
09242102000198
05506223000149
74133463000168
04603620000176
73933632000424
26726360000240
78357969001000
08474773000111
07481174000162
13027665000130
82600784000153
33014556060253
01340555000145
07170943002236
02200521000118
01678944000185
94229218000166
14913836000191
14546352000151
08955479000393
16949884000165
04266692000175
13672028000117
05957254000116
12445658000196
22861090000148
16527332000169
07857332000136
37044468000198
42999284000111
33265638000103
59894790001382
33014556057970
02703665000197
18883251000127
19789209000104
12877696000118
24388803000123
10458419000145
41849522000140
05055721000112
05296320000154
08022157000120
11407854000103
09293267000199
20402088000185
03469333000152
09216734000187
61501151000118
49055676000171
02222659000118
05349500000157
10643712000182
26721803000129
68607084000160
93464840000196
57644825000166
79822110000199
02358595000187
23371633000101
07206608000116
27733195000135
04886969000324
13216149000154
21119369000198
03255192000175
18844593000138
09129026000109
60829264001660
72215304001159
07645677000126
11750779000189
02182658000197
26862227000130
03301895000192
08265916000185
26845263000195
13595750000103
81160954000163
35369883000196
13844762000116
85600658000197
30689848002346
15548795000144
04707065000122
12314336000108
10946659000199
14484105000259
30001631000196
11254673000194
06626253065440
08678680000109
10271382000141
04857007000185
04639565000174
30697551000117
82722646000147
03573393000110
02318711000215
10323001000120
10614999000112
27126280000135
28678415000138
17383042000151
01625357000128
20223720000123
72109382000105
03298687000181
18041249000100
04031026000662
11458431000112
18959721000199
53931804000170
11125235000126
06213033000104
04006224000161
14999429000149
13016437000246
93209765045307
23843529000172
14016107000302
04970863000142
10900585000150
15667002000106
05885995000643
10931506000178
11134221000179
00986417000175
85490746001740
23388338000168
27230379000182
30131368000150
11618025000170
06057223004320
02660028000180
02093286000122
05076962000148
11517841004427
02329936000196
11114284004401
12973571000191
01294831000267
07203741000119
41248626000107
20149348000152
18793752000112
14643047000188
00443435000100
01755315000101
05789179000121
10568956000148
09541550000192
21368027000101
03733347000131
01541838000406
95424735000159
09436157000139
26211054000190
02714388000118
07879508000150
95099156000188
29550304000104
06255615000145
11714252000107
18334169000143
21246114000196
04271493000155
07722158000203
04211357000331
13748887000142
00886981000116
79380952000138
05398354000150
11291786000160
16865299000187
10888742000230
58351586000119
02079676000148
17960810000192
13036428000136
18453561000101
88671151000201
91817080000128
00233408000103
01503399000196
15144791000109
55991392000190
40371510000190
04202421000156
05884102000130
01134726000260
18255610000100
94773546000129
13478253000117
17172538000186
88888698000174
09610535000159
02159691000104
63374029000153
02568878000153
04896145000173
50763606000319
00255525000178
02292655000106
07688438000153
94296175000565
27802211000102
12685749000107
04015210000104
14725966000109
04219253000101
07832582000111
20254588000117
03251644000140
24656431000179
16849970000104
84683481032966
17422590000143
65014169000146
05102374000131
89467773000609
18362480000104
31190139000179
03183247000189
07154220000119
03163935000187
07947372000179
10692256000160
00949610000136
03191576000171
16661049000125
00065979000186
09509931000194
03709298000100
02018227000190
04864402000195
33952888000111
14559670000157
33014556034929
06203158000145
15972425000210
08270713000187
01953452000150
02678637000167
02442644000165
10409436000354
10395317000128
22947447000105
02743172000180
16796272000180
07939870000170
18244994000157
10933482000196
24089567000144
29574590000148
01109511000109
01870269000191
04563883000107
18464499000153
08664198000110
38030169000833
11569743000101
25962333000122
80794365000174
09382095000120
10404360000102
11153527000172
00525239000185
02785704000142
03702335000140
02723334000119
22018243000190
83488882001770
04460639000100
21313986000120
04833441000125
03279680000112
01903255000127
19194288000100
01991703000191
12423631000100
01147901000173
12904904000120
05750359000108
18292615000285
56192602000142
41097312000142
01794701000102
07521323000170
33014556084861
03591444000137
11187410000100
04718770000125
05885360000131
04113025000152
89678494000171
11945704000153
10568767000175
10496530000126
10660437000105
16704768000186
02455511000123
08055414000200
13237727000139
13569064001040
12022130000104
08743699000191
23640932000102
01258825000173
04112118001991
10779794000197
11226442000177
16723213000181
32599862000179
80463151000115
17115140000108
14714765000106
13712272000166
00063960006646
12549624000141
26926629000150
10197567000153
07361259000107
06049319000198
07185587000108
09172822000124
83847053000170
14341951000139
05134367000111
08456898000119
83276543000163
09150395000183
34217653000149
05820084000123
05169509000186
05789313000275
08369725000163
42452672000188
14562696000154
36051001000102
03160232000103
17400291000108
32285454000142
13014837000131
05791572000150
13650004000167
15414585000163
10480615000116
07512655000198
00307391000191
03855719000283
10663595000119
31321518000150
06253085000104
05112010000132
14637784000178
06149028000171
35770296000104
02505033000119
17204646000193
01002465000144
09068432000109
05614516000140
03761981000188
00898195000139
08811472000136
09130095000132
13679028000149
05701783000154
06111244000128
03120020000194
10511585000168
12406135000130
87184198000199
13639114000128
07237858000113
01554601000109
10290426000180
10349258000151
19311414000160
32957243000109
04248702000140
21023502000299
02574929000150
08398085000110
01193307000119
10667762000108
04115235000180
33063025000193
10561179000100
22175093000128
16799925000184
06954410000158
13788400000155
02246278000179
20358773000151
06925199000145
00303156000141
24073694000155
11443134000101
06026514000100
04660664000138
13115302000157
01631334000126
12956469000188
07638759000143
02091153000117
45173341000105
09377646000167
32589954000178
13628038000155
22855913000122
33057068000166
02477785000113
04745901000244
51961258000195
18024235000189
03983110000109
08870569000110
00664603000198
06060498000164
02992124000126
81187106000148
90888355000151
00450685000178
12113567000153
15950926000115
18189843000143
82657255000196
06008699000112
08402294000190
33014556075870
01586010000113
08343453000122
03080072000184
02457343000105
18947578000115
08630010000384
39346861029658
27370739000141
05394629000187
12781233000905
84988591000147
91206185000140
11392216000166
08028883000150
08672632000103
12986783000103
03202575000185
23466964000206
10258022000100
17137929000160
25634569000130
21662364000107
04921849000159
83646984008518
80324817000154
02562516000155
01137904000126
13719450000180
57619728000113
14805204000104
03476811027270
04243811000174
18005169000108
20065503000233
67305904000104
02003591000348
11583948000133
91495549000664
12781233000662
12546415000144
04404354000152
02866437000138
11902034000198
04832423000129
14890270000120
20703049000118
13771409000153
04968246000293
06191970000106
07918532000151
10242811000152
12011503000141
00775789000152
07672082000240
62978978000180
07781898000121
30402739000190
00515929000153
16921849000138
10653091000118
58847450000102
02515378000820
61099834017832
19706614000111
12233356000154
07172758000156
41057399000396
17883169000130
07470099000568
00713366000108
16837237000161
03047584000149
14708138000154
00410886000141
08548483000175
09393263000182
11839060000119
10391253000197
00496527000159
03163374000116
13916243000116
09476071000130
02286735000159
37488608000117
05324692000228
12353215000256
06848881000181
07325953000179
36250538000100
05674440000148
19108892000177
13601681000195
12963313000124
04424874000127
14195700000193
02141324000175
48656375000130
02255765000106
32918310000186
08742826000138
15330114000177
32119851000144
02806199000175
25176000000178
14867569000163
15442958000100
07201428000141
26550232000107
23614546000138
14029797000164
29863404000190
05747578000120
03579106000180
12337361000107
20070004000153
13698070000107
31952567000434
03129730000185
07228572000171
08394762000121
03660708000167
10515944000155
09571708000177
03251536000178
05347170000160
07976147009702
05591994000181
06906071000134
14418240000115
13005841000133
71511075000185
01574288000170
07855254000130
37580370000155
07116969002468
07760885001067
07975912000209
06871824000113
03372529000124
28777837000160
12287548000143
08742857000199
22144406000180
84429810002444
09469245000137
11114284003693
12039533000166
73018251000177
11058130000100
11472725000107
01978130000166
00264024000158
10551250000173
83650655000302
33981069000100
04436159000104
61149506004815
12158985000167
12671755000105
18224298000340
08361279000140
18317847000160
03343511000102
74443623000337
65455198000143
30198921000171
02674899000153
02816760000105
13733419000102
07508162000184
14709771000167
00391929000199
06626253068627
00306971000164
01414772000132
02030911000197
11931861000100
06105520000145
01789786000130
07602593000105
63799357000100
09161961000152
94915394000151
03151641000216
21269340000192
17138551000208
15724159000126
06347693000170
09631519000142
25864216000126
85104032000190
08986597000105
03404207000110
06337774000199
23706146000152
04641376012576
09512779000107
03804676000126
04066183000107
01003110000170
01104751001516
03250185000180
07482743000194
19269596000158
02714592000139
01487601000133
37422391000223
15919902000101
11140740000140
14538159000179
08090850000130
17295228000159
01169423000100
00041327003208
74073966000195
40874059000123
26030818000140
07911769000100
17603360000180
28862262000184
72358195000157
88587589000117
01196537000131
91766519000130
21449731000199
01714591000121
01823633000162
81200016000140
31896012000170
07578078000137
01536085000270
03633010000152
70154588000113
00727759000170
10578382000946
14240490000108
03772229000809
70153762000103
01823188000130
09417881000115
01442086000175
97527462000101
61233151000931
09636250000197
07011584000140
03519160000130
42494864000157
07722160000193
03644189000143
04153910000165
08869904000160
00826318000126
13137890000120
14877864000109
03592378000110
37417755000104
55157093000154
28579050000194
24631857000178
47427653012121
30044184000152
04915246000144
16955254000101
03300796000196
65069593000198
96332911000195
15469381000120
15346156000104
07078395000194
22402063000107
90589698000204
42376129000149
17236212000175
40352957004966
25295605000188
17335307000146
00503397000134
07369117000196
89137046000160
04496562000129
00080327000110
51598472000129
03569643000149
03894591000186
36007292000131
04576775000403
08471360000183
18741504000713
14872161000180
58862020000151
89730758000199
14185484000103
04457632000130
14460990000155
09355035000118
11258726000145
14014236000191
02427760000105
68284462000111
02176223000210
10139773000107
27340074001103
06213264000100
82566944000357
26464289000193
24223836000113
14308083000195
13742465000160
06261513000132
94762812000118
07222185000802
12659061000144
74068677000106
17474685000291
91923409000135
01042680000179
05548648000110
10858844000121
20071613000127
10595781000168
15330626000133
09427958000138
39173372000155
05638602000192
19630295000108
12712461000176
04958986000168
11553578000191
18945854000106
16577772000120
03439316004593
07184414000167
06226077000160
07170938000107
11852329000369
06135585000133
04107111000152
01248128000131
84313063000198
00569638000148
76087964001071
05419619000159
93401438000162
26877407000195
04788868000159
28680429000196
24969149000141
08159960000291
22792510000181
12204830000110
04204548000457
13046795000110
26384011000106
09546976000139
02952346000115
22731413000189
09117364000120
22388365000178
68666957000105
08027515000278
07545236000152
36434009000158
39346861003420
10265352000122
01515373000168
09018109000201
10871165000192
28675798000190
45694437001425
00728403000151
08700319000131
73933632000505
83309005000128
11966472000110
15746483000145
04957303000158
77900074000290
14834761000153
01206306000161
00537732000115
02401322000330
08505707000404
04915327000144
06240490000422
13109678000230
05044367000554
35075597000460
17336607000140
10246679000157
04333419000116
11438487000105
15910870000175
07966223000157
12684974000110
11872704000170
06194851000107
12482198000176
02390787000170
91431866000102
66182437000525
37182920000188
74149493000162
09269369000179
10765837000185
37878956000109
11167288000100
07774769000106
11092370000112
14915124000101
16647788000162
81513780000175
23489719000133
12132628000120
17019503000101
36845543000157
11299321000155
55591283000185
00071422000158
17215276000190
17462889000121
05019133000123
03097519000209
09205203000199
06698580000208
07976241000110
54879283000112
39346861008499
03524280000125
97521095000120
38527693000148
12802714000100
17171612000905
11246684000122
06050573000106
05449242000180
09175169000661
02831172001619
73856163000144
24427247000157
35693605000190
82451865000139
02017728000151
33014556065212
20013560000198
04457679000101
00016857001848
15587933000102
39844758000141
17858169000180
39346861040031
04662373000189
03772229000302
00518356000111
91238741000837
02516290000156
10515790000100
02793749000169
03944141000150
01026483000166
94580701000271
25507518000147
05059141000101
07099725000128
12911570000112
04217849000172
17933382000109
31592831000123
60494416000801
03334056000170
38717591000195
00796965000132
03763143000143
05677387000139
18320466000130
07423829000146
07021193000106
15413107000210
19590280000163
14788997000109
36849735000131
32554731000175
05372056000190
14037220000102
08588486000132
07008481000201
00433753000190
36551240000121
46892261000164
43283811019330
76358258000126
12212313000192
08474182000144
00336515000167
03271700000109
13149760000107
04171220000139
89848543017908
04324616000179
13551498000122
68652734000199
22132217000198
18783912000142
20498499000116
76045624000197
11149557000105
10856751000168
05054671001201
10195195000126
08794201000110
23360605000350
15841315000139
21910146000144
25855164000121
11501684000121
01425518000130
29330161000125
03836972000109
11955165000133
10333266000100
08030363003440
07679089000103
92189612000192
29010382000116
11346803000119
03851839000121
05215132000235
18865883000168
10631749000190
06147734000184
07150607000105
12720333000174
23878891000189
12602053000161
17538616000113
76689223000170
05623375000121
76487032002683
21278178000179
26455642000179
96738190000118
07384698000135
35145689000127
17442883000192
01524633000161
13271062000180
49170780000107
13036005000116
10541988000150
78456373000169
03785454000103
09086805000174
12542498000101
03350020000180
20320503001123
03793614000166
21600577000104
08271322000187
32274490000100
06626253011277
07575651004812
08110699000154
32102663000103
07730440000143
15716442000106
01837613000140
78274644000165
18605471000199
04641376016997
33014556019610
02935196000131
07036493000169
41738931000179
05054671001120
13009321000107
07092156000199
93836906000121
79380424000189
78987914000185
75528893000141
00942040000152
13342739000123
97542266000106
10158362000169
74137993000184
03817136000187
02498796000180
13151872000100
11015754000131
02901147000188
10014040000146
02906934000112
95141891000102
05274133000170
10376584000158
05112129000105
15035254000112
08047232000107
05604329000185
91825422000151
05505977000184
61099008000907
01722285000137
05500051000104
19178939000179
46276242000103
31864051000195
00393711000173
25940099000132
09387629000100
63184253000182
03011830000102
09627989000132
02677639000131
45543915030099
07170943005251
08919181000166
07025156000176
21112193000142
27171673000160
96471636000190
10426924000108
06656656000909
08813536000138
00838091000139
84858307000118
12983651000128
05324938000180
01230959000186
10643413000148
01349022000124
06280805000112
20002169000198
04697706000105
04976718001060
16198632000303
05434042000154
