17948678000101
04955124000181
03151289000138
10503147000158
18181656000113
02394160000198
03362659000186
06123313000113
17256512001198
00458062000141
09448917000128
05923766000161
06191794000366
03428583000144
33014556065999
01848522000100
10792227000170
18428550000171
09410656000157
17287032000112
00903429000199
10892621000342
70015672000156
07829973000187
08661618000104
10362980000126
08847260000109
09422540000138
06031907000102
10955420000185
78717121000146
01325796000115
10798805000186
11653147000105
04160476000140
70995857000174
33912304000184
39623228000173
13327972000137
23045186000109
10336781000143
00878721000107
06042925000181
13424824000130
17982847000111
26575387000106
04149088000169
11575275000170
12626609000150
64822653000139
07421030000110
02000573000140
97333512000101
11021119000167
07818481000196
37655735000163
96840525000104
24613138000124
02274867000160
12302204000166
19076704000176
14647475000189
28240091000151
07362002000170
35657840000106
07234933000192
09243094000102
33693628000179
29644281000105
22525259000199
73475600000180
09107159000184
06097002000127
02934683000180
37630118000375
05246415000163
06907568000410
05677193000133
14188358000102
23814283000100
23513013000160
14476475000163
94629169000230
14079205000119
09436797000149
12342136000169
30358796000110
05691727000186
28968287000167
03651414000179
05951378000194
23557847000258
24136038000235
04262483000153
04899316005420
15609110000122
03705856000150
05473908000136
06927939000182
05633013000111
24987653000255
28004270000190
13816771000101
21297407000100
05240496000194
10769046000123
78652294000123
59628610000187
00155933000158
89537328000155
11103717000185
80225774000150
03596435000139
12820974000109
06170797000151
06626253026975
05051327000106
19376248000180
10552414000187
63200406000138
13590182000140
04897344000104
13739290000131
03105908000158
04401930000108
15000992000124
33208539000190
26278507000103
20345819000106
00858799000151
13227023000185
03455236000100
00829445000189
04977269000183
05879152001363
87540225000461
12811039000178
01941216000114
25634551000138
04818302000122
65329906000280
19125250000186
09436609000182
03936535000167
56631195000122
30111165000100
16953479000110
05793885000147
03040903000518
33894072000340
04699155000119
78517737000173
09295804000130
09912595000126
03317975000136
18013834000105
13045800000170
27075753000112
10739989000103
20826501000139
42921833000135
73706830000102
32429094000105
23037203000158
11121478000196
95802112000172
12246953000113
15180131000175
07823239000100
10316777000113
11288302000123
45292018000142
03246792000177
20495475000103
22602196000127
28098976000168
01452348000182
02120978000112
72300882000111
04675858000107
20971394000132
23124257000150
17598979000144
01498322000175
08538103000111
56186109000110
03839916000128
05654707000135
20161788000125
05053679000109
84519883000483
14416304000149
35304542001104
11114284000325
07781381000132
65125304000120
86806965000434
37568979000109
03137693000157
31573801000170
04360639000139
02947955000267
08486436000144
10661534000112
02312807000195
17431099000189
08568619000109
04839900000692
12115693000147
20448221000134
08394192000684
04797206000145
13133155000148
10287244000150
05791790000194
11922365000190
05757746000168
18892441000100
06095466000102
78261278000100
46253274000193
18386399000156
03995515000248
07022274000120
12364525000195
19060686000134
36779635000186
02897801000631
11935940000199
17943325000100
01934542000102
16084741000138
09338953000139
06049822000143
05561363000110
11972743000140
12087956000402
12591835000142
10476413000109
72911837000799
03128737000182
05251451000115
08845439000127
06203581000145
24916413000189
10439744000160
20969146000157
05693602000195
10237482000151
43130186000530
43283811012085
11609176000161
41024589000145
33438250014893
04455399000156
12476141000164
03640467002308
09065978000106
11953623000103
05072984000130
04206050035138
93209765036499
07571746003039
09483518000106
10747972000106
14250090000183
12615027000178
27241515000130
02263967000191
03702436000110
01721310000168
08056000000115
04817611000188
24532700000195
11448275000109
07746243000112
26190978000157
07915116000108
20346712000174
15317219000196
15912437000179
01154059000105
04109090000104
10897687000163
31263577000209
05997871000226
05050927000150
16778424000111
13488072000171
03900356000170
04654264000110
05969680000170
11160749000112
13570517000168
43487032000176
10715688000140
05966389000148
11365620000140
28916807000198
00759613000107
88372644000151
04072356000272
09536902000111
10879721000177
07182467000149
66471277000100
00431008000102
05214053002334
27429844000109
57687907000198
06318699000119
04993073000182
34794404000116
28799935000107
01054753000142
10324195000189
07577377000157
73730129001796
13595389000107
10220922000168
34748137000817
17298610000116
16964470000105
16233389000155
04692210000149
08010381000363
05654462000146
09490845000187
17668654000190
05875961000163
25497249000185
04404312000111
42414912000583
23863910000101
15121761000179
04431079000166
15731178000180
02810365000107
49790876000178
15634658000122
01557840000112
07379856000240
01644731002771
17585986000101
09430565000183
14561740000101
02560388000100
27566103000170
04565288000100
07342785000634
94018942000140
00924845000840
36081453000137
04314770000240
03533726001400
08466233000196
17740350000359
18853229000134
08956032000177
01181660000189
11114284004231
30089924000177
02830232000100
29841095000158
88212113002498
01695862000149
27527245000128
15763107000169
09637385000177
08413304000192
11977831000215
01102115000150
41040106000104
04618004000199
27226612000153
31613268000122
22336585000158
17745613002870
35736818000151
09327048000183
48287601000153
32312530000161
84737808000146
05861096000287
07115599000158
70082243000100
07081791000170
13652189000149
02736256000197
92754738005040
17878724000135
01580289000128
09567511000164
12852447000178
05730903000141
05949821000273
03339821000307
03058003000174
14223425000174
04167424000104
30384075000184
45325255000162
09441755000104
89508931000109
08626592000325
22688281000150
03824646000262
03476811043470
06575824000176
07170938000280
83817858005563
12843878000178
13071021000140
02839151000163
11121182000256
26744890000130
16605389000139
12072011000247
05091816000191
07800149000102
21551981000135
09798307000588
07316192000199
04442912000174
01928075011991
15407607000168
03753541000189
05604512000180
08575903000102
09316158000140
32516544000288
00944141000162
04976718001302
18808764000173
07530638000183
10924634000194
23594310000187
36553113000161
28986838000115
48611610000158
01757508000282
12041869000163
05856068000190
11438442000211
13989076000133
19023508000133
11673605000160
25764275000122
18891711000169
27582848000122
00376786000146
19778893000129
00498021000189
11642445000191
06110966000168
09272005000148
32893042000195
12415039000159
07782671000109
01886540000187
25184530000168
54134796000102
02722075000101
04744385000152
07220448000674
14747745000123
63439921000175
06277035000159
12732326000192
15567431000101
07726626000129
09650093000174
17158883000165
00268211000100
75176586000149
15375991001306
17958950000126
22722691000170
72616881000180
13571421000114
18561341000100
76816842000188
13054534000142
47480470000163
08535015000166
35176304000199
09163597000160
15833601000152
00795106000129
70973037000505
53853685000185
60937711000119
09625915000167
93417202000114
24350994000134
07267256000109
11609746000113
16804225000130
16882132000124
18468199000223
09187267000104
47960950071142
12500607000110
03700115000187
04116918000151
16104031000122
15325348000207
90453531000122
34899518000120
17846622000138
09305985000219
90289992000101
03834929000104
20277366000110
27788965000147
88614532000402
77875821000104
20394796000111
01651662000194
03896953000178
13479767000197
55012975000121
28532489000161
45987005015543
07695395000133
12566192000187
10479955000127
20519537000170
22020132000118
01978921000196
81074676000121
21881678000109
12027276000142
21928056000180
47508411167794
04024952000104
94568060000159
01841260000152
19976639000135
26552687000161
39537329000121
98407190000160
11543772000196
06012414000117
83766899000185
04937252000100
01289850000114
06189113000163
13931122000143
27831383000104
83227421000349
81895633000107
02831172001457
50891902000133
31770225000150
83422139000150
00307969000100
76527951000347
82516949000103
06885167000163
64591126000160
05159380000125
09268395000182
19951995000102
08758466000162
07772208000178
09568361000103
02060098000106
33014556078977
01260172000167
87286993000198
09308343000192
19611901000148
02442372000284
14199025000170
24272739000110
06626253010629
20739844001308
02386109000134
20249583000104
10212639000194
12075347000182
75274423003629
07846966000193
22268259000150
19010963000102
08812148000132
17312524000110
64115173000138
08223587000614
05456797000150
20000904000124
18539019000176
01357769000124
79160982000139
07575651004731
10670811000820
02172567000170
05906477000154
28491231000164
20796472000100
11216281000130
04747474000152
07076392000111
19483424000182
06286153000123
13833079000183
92830777000100
23218885000103
28799142000180
13689682000648
07153073000162
10440046000185
37483104000104
87382313000130
39692199000100
17396989000105
12126675000160
05744787000110
07662812000141
08095583000193
86565330000140
22490504000170
07972688000110
04112118009542
05771184000107
80802648000110
09282483000139
00061013000170
07110635000190
03350544000171
18235816000160
69290146000115
16598719000106
29750032000196
00696344000187
43350099000245
11255530000105
24721370000186
14448128000127
03582876000181
03612312000144
07568830000169
00083698000156
14057742000168
14812706000162
06191455000118
85292324000101
20315136000106
05502744000128
11188133000150
06349339000184
51069995000188
02337524000440
17235267000160
89770804000264
14862764000109
10571135000160
07482274000103
07775195000190
25319098000175
17558452000196
05866519000170
82055567000200
08800828000136
84191758000225
13010283000102
07945362000102
09105400000136
08360618000174
00190757000195
52911518000180
14240557000104
15459431002050
13007828001519
83240333004889
23521511000154
19513331000153
15609430000182
06539790000164
08928153000105
29588241000690
27183045000103
13481861000180
17470209000111
13229394000104
13993130000114
03149575000169
02624133000164
22156196000140
05330931000171
17793300000178
27863314000174
11114302000107
06293003000147
11303730000188
22637717000181
04842563000420
96256029000108
12136980000133
02563805000179
23632785000110
92660406001352
04264254000178
08025764000143
81173841000100
05988319000190
18766835000112
79579611000196
89237911011770
43283811003507
08722658000119
14873364000190
52880507000180
33058264000155
88409693000111
06970410000141
12200480000113
28730578000112
08850829000195
26216808000102
13185781000188
07352698000153
04987086000220
03804795000189
17306289000174
23422337000192
28387549000108
11463968000170
70106513000167
17236977000105
15895931000172
13046068000153
01516161000103
06330330000121
12615551000149
63323273000197
15549990000199
03647894000102
05054878001103
00209198000118
02371604000170
07063760000197
01566501000950
04383051000109
09373580000137
23275258000104
00954561000120
27001689000125
47508411167875
00426978000110
29070216000105
10247522000146
17690261000183
10377791000127
14053593000169
10988267000192
10830711000147
69923621000143
14764218000127
43283811020002
07231582000166
01161272000136
18923067000163
78516440000606
02544714000196
33666512000221
02052858000125
06064119000104
08442236000190
07604599000111
11178940000191
17548828000181
05831266000108
23496641000184
07461331000178
01167186000130
85387421000170
47508411245000
06207820000135
13868245000268
19368833000138
16418267000133
02212937001128
26889650000123
19182198000108
03139910000733
06537143000113
26554824000105
04181931000194
02741709000173
18037579000122
04054661000150
01534080007807
04825376000196
19304097000154
75026807000283
06280724000112
01740627001628
11264492000149
80181274000163
64427123000196
17266101000101
21583240000136
03985163000169
24726325000203
17969630000171
02409350000131
05726277000110
21064377000184
07605515000245
12447593000118
03173632000145
06201751000152
13593028000121
63614176000153
10962421000157
11615634000175
12142162000143
21311009000193
02288094000171
19326566000136
17262342000182
24604239000139
13374487000114
00109345000188
34028316069731
07543314000260
14342224000196
82854027000106
02081930000142
03107399000364
64956345000104
05588797000103
20094791000173
36001790000177
04777798000214
03439316002540
06696172000128
18517922000136
02340544000128
11023680000185
24441106000199
13025370000125
33218314000114
12181962000173
14484406000100
11615131000108
08242665000113
07502570000129
06094249000190
02697297000111
02376348000103
00001891000109
10805905000192
29473327000162
06012414000389
37874237000101
17256512006157
05544195000154
40610578000265
05273662000159
20372193000119
22684560000145
22665040000195
23811606000102
04277387000189
05771693000130
01822442000267
05797987000130
03934173000175
02650017000110
30021018000130
11633300000124
15994841000139
02872106000100
10861487000150
33130543001588
15555349000167
21679824000100
54044565000108
29489077000159
06346865000190
79113932000109
20824625000185
00078300000193
34682732000120
04294434000100
00829096000103
10484723000167
02003528000140
14134446000113
09272047000189
26582928000115
14111250000103
13149988000105
11367824000110
02725507000138
12303616000625
76484161000160
11267133000145
06629901000123
01047149000199
06090905000186
45605755001804
33217571000131
62931225000119
18777907000127
07739776000177
02776874000160
79336061000184
19248633000141
14736035000106
44835866000198
10677662000154
15842451000143
35534684000196
10320970000128
25243766000128
12394610000104
11538933000153
47513023000163
13432677000140
08873512000174
15492196000156
02449407000126
10433386000189
33206772000133
22815804000181
48074082000145
14243735000150
06055238000109
10903163000138
11088454000182
07486801000158
10773870000157
08355626000122
15280252000199
08310695000110
94488004000104
22138426000149
18316959000104
11863100000168
07162709000132
14395513000315
03485164000144
05923393000129
11120764000137
05983421000365
11042739000182
03465783000177
92798016000100
94980406000121
12255543000210
50233840000172
28749695000128
32988008000285
12591197000160
05492088000200
22251565000184
17419344000132
12141589000127
15637816000106
08884053000124
37038064000191
08418303000211
37246220000100
03595416000198
08346578000106
04955842000158
10415747000164
21887005000158
07267679000200
93379840000350
09459440000186
01857777000130
35536465000146
07499419000189
02652241000140
13244442000125
00097091000125
00839308000125
10316141000171
27862988000154
13756867000113
07318233000186
20140457000109
08378067000176
04319954000112
86607082000152
01304136000743
11114284000597
24411945000164
07240641001568
07470828000152
14377568000130
17308833000206
77011658000123
14472697000108
32684920000162
33438250000590
24206617000398
05976818000168
03875990000108
11009983000143
36931301000348
20415295001146
01989053000140
28972453000107
04459213000137
07512867000175
15145042000198
05241281000198
87106357000137
10587461000166
27603384000193
10967422000194
11801416000125
47508411105098
22104547000170
02040313000875
00652794000178
20849096000174
00285753001910
09434704000147
08490193000118
10193668000156
37110178000103
72135908000113
10269578000282
01990703000177
11272146000102
07120867000120
13061816000177
02444077000186
01022990000121
10944025000105
02168401000180
14141582000130
08861396000505
10932137000138
70105630000106
02246820000193
18218464000134
02722976000101
25150198000110
13155259000153
18604549000150
08753848000101
11596442005632
09159686000132
93460566000187
23072820000194
01590728000345
00638134000132
10701463000134
03537758000151
10978814000159
14049072000138
03711657000155
08486140000123
34943035000267
07153251000155
07709483000147
10366341000139
04563672000409
27447434000190
09072393000113
09619031000108
10588554000105
10587606000129
02522371000169
23723195000101
60957784001144
00141206000131
17920246000184
07663422000196
24227045000161
15418468000178
03626094000288
43235985001208
07202608000148
00835101000182
92747492000100
04641376020676
24290782000109
09174635000180
05124695000722
10911880000101
02528772000126
01773996000130
02558157035543
06057223032456
04956222000133
21677008000167
39346861044886
17644384000188
12259648000166
10374518000149
13378125000100
12976411000104
03972856000117
10811777000190
02725006000151
14760140000172
73787483000190
10788933000149
08955953000115
06062742000209
03600345000174
07612100000118
20373681000140
93652709000152
28548873000152
71153423000190
67424895000162
16729526000147
19612816000102
03736724000196
02243666000104
30123723000149
04400066000120
18089084000147
16670649000150
18844687000107
09236769000188
07473031000109
61736732005602
13864060000102
67418822000168
29411883000104
11137294000114
22072198000151
42591651065865
09534261000166
06049974000499
19791528000154
33014556022246
07827713000172
01086152000111
77771442000166
21719462000133
07849751000126
47508411245264
12023966003572
11758145000253
14944261000174
04900369000101
40810491000150
06341338000274
19434880000132
05598813000220
22809421000109
00946623000151
38858841000107
03321060000102
16707163000149
23978911000193
09603182000160
02306229000184
16796405000118
04230423000159
22982666000125
37184272000107
33014556095804
86673704000140
56076698000183
18542361000125
12927760000128
09408872000168
08050237000199
05584219000107
07616817000138
14326932000133
23438306000120
05794772000166
34315986000100
01438784004941
10645220000126
10856491000201
91873380000124
34028316262655
04293844000129
12887905000104
33014556036700
38695557000167
10464325000189
83646612000183
84308980001237
04617631000105
33715780000105
01385086000180
16575927000190
07903004000129
06854061002650
05791924000177
14887811000160
12219810000112
00589066000754
13308748000106
06179793000134
75026807000364
83240333001006
23342146000200
07614000000120
00250321000144
03735577000130
39185087000154
04202761000187
35015346000148
01611372000389
00835261000555
13587164000109
19874219000148
05128533000177
13974854000110
23299725000128
20796313000105
26199406000139
84555952000161
26809202000172
11692314000119
02084922000150
03153334000193
08267363000108
14247967000187
13051996000106
74075094000102
77941490023520
45987005009810
04246589000163
06198579000125
07956898000115
63326243000134
13149525000135
01466352000108
01080329000172
07749125000168
31221104000150
15328696000157
04309013000106
20266728000177
10344351000173
08584503000325
15294626000125
03580589000132
13538785000100
44195709000165
23189373000158
06278747000192
15266659000161
72739543001299
13294254000101
16980060000158
09200032000105
00273134000186
07743826000190
01036083000131
26937678000199
03189605000160
05142964000198
41036575000141
84035229000151
75526038000100
05609092000125
13558941000197
03840986005599
82091455000124
04503141000188
18869793000145
14050894000139
01884832000180
07836603000177
45543915003288
10983790000126
55973143000686
08989478000106
02639249000177
09625109000199
04297512000201
17256512000388
15711348000164
15243283000170
06075981000112
31757388000365
14247507000159
18201888000196
06915299000190
13343149000115
01928075011568
13296587000170
24926655000153
06626253003258
17945142000124
90950114000195
33812348000132
10722809000261
04010130000409
18619462000157
02994902000116
72536626000128
06216990000186
02944273000110
27172995000124
11739623000105
03807372000112
10819388000100
83240333004455
05138688000275
01540609000116
35181213000141
09321850000166
30094114009912
14251992000134
07144552000112
20266075000398
04541131000137
37998697000141
02411861000198
00992127000134
13772792000245
10859198000117
01155425000132
08041672000157
02031198000104
08264339000107
04491730000193
11254027000127
07226160000100
08399410000169
86434727000283
21257168000157
08992254000145
80548597000142
22552764000122
15621717000128
11063210000145
11172758000204
63873574000194
10307465000143
33581323000175
17702549000120
15805838000120
16010431011103
16836212000143
02257912000250
10768004000178
17006537000242
23864554000132
01969415000300
25499278000186
12111729000114
03450714000190
05411772000130
02347293000103
04063796000182
30457467000126
31679144000140
05341220000100
20893629000115
09447113000104
09230770000103
03952069000103
16805451000136
02914093000195
15448634000189
04085540000176
22823543000141
07479521000112
04722220000180
03484316000194
20778752000195
00590313000147
00389805000179
63902357000185
08493055000192
92790351000161
83712604000198
03262929000187
10445748000151
12560721000135
06626253034560
01582426000163
65954984000195
11901825000101
11673618000139
14174329000183
08535072000145
34597955000785
07828996000177
20609070000159
14763810000104
92757764000144
04922951000179
01367344000104
17606139000186
13884545000150
86587680000298
11982113001128
08199877000165
04732209000109
12935622000190
36503183000105
38135133000148
03346611000184
06813500000129
13473318000131
07939361000147
14333568000139
17822583000139
59535732000129
07446561000168
13929104000208
02975570000122
73476285000105
24078247000199
09213822000125
38679858000369
04275557000196
14451342000132
08702452000127
09092866000144
00907571000104
00794451000148
52245412000195
11408360000143
13865543000113
17742359000137
78522125000411
36071009000130
24683760000109
14951050000169
04317403000110
02147788000199
17749827000103
38132635000115
17110986000155
06062834000108
11677522000149
22971155000108
52099512000150
02841403000199
23999818000165
05247910000359
17844582000195
32903346000196
11607699000179
03105810000109
62410352000687
04313222000115
17979148000112
17488693000106
03351458000183
21698605000178
07751593000924
04848734000186
12659075000168
91633974000168
25499715000161
01078831000300
13093078000140
03186633000124
03014292000100
07630202000166
03544105000108
80791643000130
89977136000160
09448734000102
30677490000126
01724372000123
03506560000291
02946541000132
18022761000100
14971873000156
00493641000125
19510657000127
21614376000166
01339721000274
06252395000104
23362087000142
13180886000144
13215196000183
28069588000159
01193306000174
06353864000505
10904793000127
05000768000189
11502661000131
26404731043243
13104799000299
09640387000115
03227580000142
41203555000118
56310766000127
28935534000714
11356448000169
31967789000188
04626760000160
10464339000100
15353599000114
11407629000177
05879152000804
15709767000161
21612922000120
13977473000195
12113756000126
05137209000387
00077808000177
07537010000100
64176019000176
05608441000194
10328159000193
06981453000122
18720161000115
19815466000173
18210369000780
05702621000130
02607994000134
16986680000102
11292967000100
10994739000209
03620604000129
21769176000182
30618532000158
13043887000147
10500238000130
02461336000349
04814965000250
33014556034848
74141342000168
70171152000132
08855865000141
04016830000168
11404917000178
17161241000115
12848130000168
04368315000147
33773391000136
03259217000109
13115267000176
10708677000132
08347315000111
11172401000145
05077966000140
33014556061497
09213447000113
12593070000180
08029379000336
20617789000131
13354103000100
57952970000104
07430888000141
13569064002012
04258688000165
19046218002310
07446717000100
40573669000510
09393580000107
15395106000109
00222930000190
03762040000169
14720015000139
37555349000876
01364432000144
10643212000140
14533384000112
07587049000131
61365284006650
02396636000120
65406878000177
21034949000182
05857767000155
01702957000142
17264856000177
16912264000151
07013648000222
16986769000918
05291198000123
49344344000107
30296930000103
04126856000240
02234943000295
01890000000177
04356309001141
13015384000168
00912720000123
17304648000154
10172504000142
05904268000171
10445244000131
11598433000107
04333965000157
04932603000182
00081358000196
03358858000897
17229169000110
13869013000143
30790307000102
02847209000110
05778694000106
05689681000160
14519108000108
00000993000606
26956985000117
01949993000105
04545744000142
24788002000155
12807382000149
09104818000129
18659184000161
01316267000155
47515028000125
08739527000144
24824583000133
07335769000290
07704964000160
17075701000192
21702577000115
23273216000126
03234505000109
06347409028094
04566260000180
04198758000137
10228448000110
01744129000762
13171513000107
39233424000131
08104963000147
04450989000196
01164256002655
01599461000195
84866342000189
07969770000196
24312462000102
07932672000184
00447821004915
11694577000167
18703230000182
93234086000106
07573926000115
42985218000869
12119274000183
11054674000195
26085758000163
15004613000255
04086336000170
17203616000162
02618774000106
05506685000166
29588241000428
33014556105613
71833552000633
11795733000186
07619276000100
19590868000117
17403053000318
09252114000101
22866613000149
12192974000101
06626253097139
11499235000196
09343507000112
32875635000129
13122085000122
12009268000173
07731794000102
05304501000185
11015602000139
05423064000119
03831472000184
07892266000135
14644123000170
00405755000176
10398993000155
03048175000167
34711457000126
08588883000104
01649646000167
12559357000193
03868399000115
09642212000147
29998265000102
03405973000107
04082321000303
03586381000120
01577127000130
08191796000119
14532913000163
00121757000133
09496480000106
18432995000125
04411006000102
23292735000131
72861099000127
19514012000162
05030350000114
36376291000164
11976929000177
60056041000121
12002541000138
07580517000146
34832600000138
05340926000140
29824414000117
08321557000136
01520421000106
01318353000105
38631495000120
03786763000106
08992625000199
10767688000193
07613809000138
11198129000172
07569275000190
07593688000100
10656675000147
30069314008781
09502775000210
30288690000197
06343447000301
43944529000176
10305404000147
00204920000121
01595997000485
06307022000185
13198771000187
24073694007672
08722353000107
03268269000141
03285009000184
03422435000112
78306495000179
07928956000105
89195150000101
86431749000885
14484105000178
39346861033094
13814453000101
08305573000135
18213333000164
01434951000301
01079210000503
10649140000149
14031850000161
03235156000140
12764494000160
53187407000136
92195650000158
12235031000100
10279885000163
06204284000114
41220930000138
73567166000168
04634352000150
22102511000157
13765254000142
10548907000143
03833501000147
09145082000137
07895264000108
01135999000491
01096207000255
11948183000198
44728780000166
36802890000100
00070770000100
08945484000153
