47508411123231
32924987000127
73377087000194
05850655000172
06098275000196
02398982000147
18677039000103
05247896000121
13570097000110
38066684000105
06188501000120
11117594000131
17588380000120
05916036000214
08792826000142
05877195000176
27769515000107
03976621000101
89798797000128
04473375000120
07264693000179
29441615000135
02532281000230
08504268000172
05058703000194
45543915003369
07969851000196
82310889000178
18534518000170
14048295000180
95594164000109
05871658000192
06982354000165
05415585000124
63303267000178
35506567000208
33014556057112
33014556004698
94672557000112
83654004000110
10804410000149
76756634000130
09489996000204
05382859000126
11396903000150
10015723000118
22466046000133
15224468000137
04913404000127
17501496000180
03585064000190
05209540000101
14629608000194
08967872000135
07789221000130
08294322000364
11972841000420
02813983000291
05200242000142
12058390000130
28589329000159
39511746000103
09388167000146
14376135000160
01086589000155
48371694000108
07128945000132
02661887000194
03172660000148
00558134000122
97236087000132
04432038000194
09504062000105
13724062000198
21239766000101
25727405000157
08512416000109
08739371000100
00753909000110
07275031000609
24492901000106
12810280000182
09061219000175
16629849000169
11186874000100
01352627000174
18003691000142
05467756000169
05503861000106
00351012000160
10795493000157
04649573000100
77772473000131
26725226000143
24734358000106
14688251000115
06891105000245
06154056000187
09296295004661
03996794000183
28236313000162
00366517000107
84940147000151
17249111001453
08672425000159
63864771000813
17715148000105
13985069000163
00584801000141
02623245000109
83646984003044
04737510000105
04709656000210
02320411000190
28475971000107
10948651000242
92548908000152
00483394000186
20449997000179
08487849000224
17830229000156
07802845000140
10720011000108
15090818000110
69426229000199
14056267000105
02464385000173
09632863000156
06223011000117
05647500000133
32636979000185
11596442002293
82090564000127
40361826000109
01040887000619
00286976000172
28172179000183
21931884000178
10251132000140
76189406002412
01365965000140
01725442000168
07660435000101
10308034000100
01030685001404
02738657000186
11370001000144
07913200000265
04892812000140
01053145000113
03417907000149
10369948000172
97320451006855
26346882000216
46221107000160
12437411000128
93364974000135
18346907000172
10815542000176
92486034000156
15709570000122
13106749000160
05493776000104
00279531000670
20076965000175
55334262008835
88212113024890
59744425000158
16656057000183
18076324000179
08505707000323
13573248000193
03897506000133
10535678000122
05590107000150
10861394000126
01233159000119
02254771000130
21657680000190
03099633000197
12243308000147
06198619001704
13674003000152
11255233000151
09075472000188
11717720000199
72262173000199
15198147000105
13477070000187
01091406000190
09497984000213
03142210000102
11066163000193
00067807000141
04596509000108
15626130000101
14202493000157
09454618000104
11287548000180
40609224000110
68890334000111
00275291000120
50941905000134
13428668000186
04573451000179
07885849000139
03372147000109
13076517000106
04307495000157
04917102000208
05122008000144
00988011000121
12848099000165
61068060000130
25025354000111
07895110000108
10234511000121
13556759000520
11369313000138
06195123000101
10411993000148
04774732000190
13976541000100
07024909000129
12246167000205
06093622000198
03774632000109
34126458000103
16956343000164
19198881000125
03492648000544
07082721000137
14685733000111
12675850000179
37435328001201
04086006000265
14743529000100
10140469000180
10623941000135
00310864000100
94831591000192
03777341016755
08892775000120
11426839000102
19233883000108
12932325000191
59475806000189
15532283000190
09140225000118
14135739000115
18994159000134
15091489000121
17233495000100
03848192000260
76189406003818
24538969000189
21921492000128
04756301000362
11372237000110
09266999000190
62018270000187
11369405000118
23660671000184
94155983000189
66471152000180
07920782000207
55423487000107
05146229000152
40287294000107
04715138000128
73818767000872
11088764000105
09385527000156
04721297000135
26171645001314
89988422000120
60021409000116
01016616000113
63004030006550
09557206000353
13744426000100
00778773000101
08628652000187
05277803000101
05380640000198
18172144000190
06198515000124
08695592000115
13473591000166
05621876000179
04867522000146
13307499000126
10755963000159
15085072000156
11242790000138
03736166000169
00351673000196
11812062000114
30571632000176
69004356000108
08989168000183
12388278000167
12278844000188
04702494000107
19021838000190
41081134000161
00921162000243
07705831000108
05912556000178
47508411050501
08015162000105
20599458000116
39405592000833
23338993000101
00564298000162
16878793000186
05283963000163
15754600000112
27352414000217
60829264001903
10769069000138
00063960005917
09313165000198
03157705000105
07113286000160
17324195000128
08081164000100
06886384000178
05437537000218
45461373000106
02627338000101
05443365000104
71005367000146
03465235000147
00279531000327
10433143000140
10144862000141
02859011000157
10558356000107
12778535000177
01972399000135
81298697000120
32907982000196
09282010000212
92346428000109
79783916000115
13567147000371
08926574000105
00631904000115
24156967000125
05803264000105
09250197000191
12825101000180
02377798000110
04751166000109
05486867000112
89237911009369
07410390000117
04641584000135
04229244000100
10353539000188
85297109000195
08394031000186
39564711000124
30248852000163
11176421000194
01067389000155
02861310000126
32246027000155
07284804000109
10327887000180
11409234000103
06285022000121
14513199000166
00748622000100
04966594000140
11974198000120
05961079000130
17333899000167
12351859000124
19534996000143
02477705000120
05918619000101
30124119000137
33257973000160
73646994000191
03476137000105
14404037000190
08767083000150
27394378000173
33014556026586
10685576000193
07699589000107
12546215000191
10988014000623
65124307000654
01935260000111
26746451000166
19807075000107
14100973000107
34820266000100
34906594000116
33594854000100
05530650000162
03778177000101
07218623000184
08332109000138
09110779000172
05522699000173
01626951000303
05334724000195
34028316609191
07832857000117
02054635000288
06137919000108
44993632001140
28040772000176
23733193000195
03569810000151
65735797000110
12801693000109
20495826000186
16562422000190
87760302000146
01244962000159
10964059000153
14456792000380
09423210000167
00989247000182
03524276000167
05423963000111
19234111000190
05950400000181
04240712000139
30989073000119
18711585000113
36221935000145
04282286000104
05678197000136
15513776000182
10367168000193
15220802000184
26356581000192
21074389000190
05011995000100
61585865138340
87459442000189
20432148000102
09153582000110
26232467000150
94416351000121
03144696000118
01586467000128
04231220000187
26074638000160
02211408000138
09509396000171
03849179000144
91126326000115
14879573000141
19051135000104
17870686000174
28718419000100
01989678000101
05128669000187
05338871000133
08947322000154
08983334000134
06096075000102
23175191000128
16861225000172
41317363000132
05485214000119
07766776000166
15436940000103
03982247000149
28079754000289
27422732000398
22375820000109
00162145000199
07571746004000
06057223022140
04176932000140
01726112000197
18590138000153
07487504000127
15219426000108
05472856000183
93123768000133
11166660000163
01487924000127
10269336000108
03038875000170
25531722000446
04386940000111
13846989000109
05759961000106
74688060000185
00842655000107
10508512000117
11609114000150
13959352000110
10898744000129
14076274000179
00297739000107
09082400000168
11840303000139
06951011000133
14038618000155
00486423001801
38710133000124
90621590000162
12318049000176
49631344000198
04907604000177
13891352000126
07115592000136
23713613000171
02262165000167
15801523000104
10407309000154
05137220000185
09102293000192
10736269000194
96011903000147
03072670000101
87321808000159
08916523000194
03354269000164
05562488000164
76371376000174
31113384000182
15521962000163
45964269000126
33014556124596
83318147000151
08958132000132
75904383003732
19696180000116
05527077000138
17676775000184
12582711000109
17211370000170
02447436000159
35138346000305
11070954000197
11530107000168
19154152000177
82566076000143
02984305000100
04007089000179
43283811018288
05531022000100
24541193000156
04839900000340
25520149000122
03428100000101
04248041000152
13070027000100
05968423000113
01447737000624
24559959000120
44594687000106
18557429000140
06990843000169
01030685000424
17412378000103
00785859000153
60826104000181
26387373000150
77043289000150
02401463000190
09527475000105
81326258001407
32864795001225
35649219000109
24928564000157
30614721000152
26341610000142
01483459000156
09562382000111
02204960000107
08850500000124
08518856000165
05680221000171
12209838000179
24641458000198
05739673000181
06643100000112
12623988000124
21207906000151
12859406000103
22691278000195
10886571000129
04373935000174
16868458000105
00639844000187
04307025000193
81426355000149
88287727000223
00910332000103
09277323000100
09381903000134
15916644000100
06130743000162
02503452000111
09480223000259
09379683000104
04899316023835
08768625000100
04892567000170
00285753000948
82854209000420
00666073000117
01101192000195
29892424000190
09013194000134
06626253041931
82740523000139
19360840000193
23878950000119
21638982000111
12463637000101
01941046000178
09167931000153
97054761000168
03968287000136
12950156000112
00738207000168
33518104000141
00157248000160
77859080000160
05230592000151
13828557000167
03132066000123
04509818000195
83432930000141
13397732000109
06816300000120
05602913000100
24513046000172
12383729000173
22298793000100
16905836000175
21592427000104
94065604000160
15509614000170
83769505000142
13251680000168
38828448000170
66140427000284
09342336000107
27032986000308
12415316000123
08039275000140
11887215000192
05200576000116
08457860000160
01222907000168
90418864000110
03438890000106
70103916000152
04195651000135
95792982000108
41003278000108
04556651000113
06206070000187
03470412000183
10629831000180
09532486000183
09085855000137
33014556113632
01682312000195
25433442000152
20630766000167
03598655000100
10942437000106
01562299000130
01486101000934
92321785000546
21262721000140
11370541000128
04916708000148
17191092000137
18083682000109
05632394000114
03476811061371
01887122000457
09251245000166
42857094000160
09473108000176
17313010000180
03162925000127
19740601000169
07919616000100
04507483000176
04972320000164
39391032000109
07159387000172
01607411000102
19797088000142
10599329000174
06143597000100
09497984000132
20379706000113
15673994000184
02493174000169
40858581000200
23109751000146
10901610000110
12793416000193
02211749000103
07575651004308
05811515000276
05769291000109
18454451000164
13195059000124
02529833000250
07538344000106
70224936000181
06028168000191
97179519000200
02612087000183
10793094000157
06996436000169
10954798000164
01512480000132
01102206000195
01304124000557
11297222000134
90585290000175
00473313000167
16975724000190
12791976000109
06057223000414
04933421000126
17305152000103
11285616000172
76430438003006
39275615000247
00821384000103
07292163000134
00493206000109
28218741000162
11776652000139
02570797000198
20852611000175
61234985003634
43283811002446
73439150000170
17061889000110
77949956000169
67546218000117
55887327000119
01708025000107
18562807000183
01889486000123
11573942000185
15745273000132
04556094000130
22409704000155
72428592000158
02163867000193
10307792000103
13938862000101
03254733000140
09448800000144
22634761000138
05217083000199
10798851000185
30163372000108
00395538000142
11002629000197
86593423000188
13161435000160
11344316000117
03840986001410
00382759000186
14946317000200
01622120000193
03034105000150
04820596000127
92570084000206
81808909000172
12693559000123
15160330000111
09486399000137
07750587000103
34028316197497
77937290000129
31972516000121
33438250055735
20429916000179
02748491000189
02437513000190
04145589001149
19796948000123
01369219000125
04276871000193
03098482000403
04622793000131
83143388000107
04921235000177
12442220000154
02094754000183
44358067002898
17304635000185
05437370000295
01837290000195
04648832000250
10423666000106
37551355000189
16326308000161
07629511000116
07263846000163
20952497000155
32557448000105
05412559000142
26071210000164
05028849000278
07466397000150
01117155000175
18947049000111
02830372000170
03147750000189
21774786000174
08999064000230
11833360000190
33139676000110
12358169000105
01385318000109
05901048000194
07924314000120
11237407000153
16665498000141
20168756000151
01488575000168
00596204000137
18140937000128
00713379000187
33014556037600
15082514000372
27707918000121
20161176000132
31210180001050
13435328000182
04670928000134
03288249000132
25391007000102
13635049000162
10558503000130
08750285000190
89834659000157
13569064000907
17984656000199
05538330000159
01466091000118
36194975000145
81260929000232
63734453000161
07240641004079
93489243003131
55334262000346
31806201000104
01472364000137
01780072000161
09463430000114
20922429000143
76621358000101
00736276000132
26830521000160
05956375000305
13792433000179
05929836000199
15593743000947
01537539000147
18366778000184
06100765000180
02793273000166
09241918000105
00536240000105
20184496000108
32864290000108
05162079000170
08561991000193
05812997000106
15593332000102
37996246000175
06939389000111
90709445000138
13487742000135
09332295000178
11723462000153
03999683000120
07105616000176
92664028002438
04134616000106
19770217000109
09102747000125
00696681000174
15198081000153
07535345000199
02672562000107
06113776000102
21012190001702
21647078000172
03476811064044
05402261000151
04415154000286
69420933000134
00656698000106
88011689000109
93489243004537
72470099000104
07385702000180
07270498000151
18975067000107
11889431000177
01796657000170
19609902000158
22070841000108
12042699000131
93170751000137
06136230000320
11045150000138
63769731000116
08399617000486
21111415000102
06974840000131
10464418000103
58736802000144
68673540000170
26925899000147
13004510026900
04846431000124
49698723003625
43283811006786
02471042000136
58731662005504
67501445000126
10994613000145
10492987000162
20170478000177
10723701000102
11071652000133
10448503000188
09623400000128
08191815000107
07050778000154
15742177000130
22340525000109
16444420000105
12672423000137
04755008000380
00664857000106
01243342000103
02530487000220
18862799000190
20158432000132
03439001000125
13698181000113
15321670000187
17450939000150
05563868001195
14022489000298
41549494000145
07515636000115
17949741000116
01869728000117
23505490000183
01467160000612
70242359000150
16501469000144
94743812000170
07931899000105
00905760000300
09170433000160
19069606000101
49978539000109
13619195000102
03450477000167
82745738000495
17138618000115
04149956000100
11038025000109
20004052000143
10773370000115
43283811009530
08046827000148
04779818000105
05326986000108
15002727000185
01008713000911
09394801000153
07628992000145
09094174000135
15629264000186
00352451000198
13750858000115
17886249000149
01246530000187
10792848000154
34017699000114
13216555000117
07198378000190
01955351000119
04414880000101
02772168000140
39368956000186
88212113004784
60599438000160
01318635000102
03468849000182
93476489000153
76080738001220
93923761000104
00058557000183
04468202000113
08311814000159
07194648000195
02314041000692
43235985001038
42257196000144
01610517001560
75522359000128
11057780000122
10183465000189
10657070000170
07674334000190
16783332000120
06214080000164
30606909000159
05448473000170
17279670000191
05060389000184
07766549000130
11910871000169
54480496000177
25974312000127
00684377000107
31694924000169
33899485000156
09267050000619
71961049001635
22257713000178
70038880000170
07725657000165
21541304000136
07994736000171
11422302000174
91258871000165
02938653000141
02245436000176
10014599000176
06111993000155
04965258000183
13186858000134
00406508000194
08691243000125
02558157054769
10584135000103
21024790000115
14261393000100
11501797000127
11870890000109
17471905000142
22695487000107
03891294000187
27668524000101
06634975000158
07665583000119
07469218000139
84619667000167
09160200000186
49310691000119
26836809000141
02517553000141
17626834000100
31004445000173
14401667000100
03592306000172
08385843000165
24727398000120
88448303000112
09368915000129
01501125000320
01472027000140
76362862000126
39128012000131
14671397000158
02947955000429
08794999000108
18403540000181
03833582000185
07489202000198
07239636000130
44642551000124
02215825000159
01925649000186
09004643000188
62410352002205
01583323000118
08504779000194
05698368000199
19439947000121
04551152000133
01304252000258
17556998000108
01483768000126
26968782000221
06261771000119
10725669000102
12757588000101
08920259000162
66825670000155
02024011000137
02035250000192
41640087000149
02540941000143
23668250000108
92740687000110
07724173000282
00000042001013
07483143000221
13620873000220
17304095000130
14042291000195
07107971000184
13325373000184
11047787000163
00028807000132
30936066000159
13386823000149
06926808000180
14296165000167
00271478000156
04625142000103
03433342000193
29687325000176
28285831000176
12039453000100
08419185000185
11411679000128
55823280000120
28698652000160
04965487000106
01296213000175
03585422000164
82767831000158
45181674000178
91744508000150
19941580000140
03000992000145
96661905000181
02452824000390
83589143000108
22553420000138
05244277000183
06307627000176
04465715000170
14377991000130
42554980000114
06317108000199
03096004000103
04485395000110
03617372000150
11038180000117
04860925000163
06353117000720
08986363000150
05206669000158
86423563000108
08217483000192
59790261000103
08925345000168
83348169000598
13607272000104
11369403000129
02654131000118
20078336000508
03691734000152
03284057000239
04934595000375
76479302000156
05424523000189
04474099000114
02998132000180
13593476000125
29425181000180
16457828000294
18103064000183
06988258000124
12639556000101
14006387000106
05218291000102
33597543000197
11279021000104
02664005000144
05624507000130
11787989000141
02192060000189
92315472000151
13256732000199
05245474000117
13157871000165
07213143000201
80653918000330
86649019000189
23152162000140
10888948000189
08178666000146
13586493000135
96428529000180
10171297000535
07268767000145
53926622000101
12432778000159
73770067000189
00616936000222
11016442000142
92660406002081
05624040000128
11112853000131
06010745000118
20516214000122
08220227000154
71860837000159
01182152000115
34977223000559
15801965000150
18970688000106
13399377000107
12189231000174
01929665000147
76519222000187
00101304000226
81679698000115
11192690000144
04339791000130
10845472000107
26555791000100
47023981000156
19421207000168
59350371000146
87409561000127
01524820000145
19114338000283
10855671000198
18351091000175
03219328000191
88359872000191
33591954000175
11022681000105
09545614000123
36381739000138
18217012000138
26578187000107
29800623000120
08861115000182
09477652005155
43283811007324
10603039000319
32763377000199
95396289000116
08686540000182
33014556008090
08893457000184
11423641000175
09358143000144
21881148000152
08191186000115
18521030000109
23149670000170
20955649000173
00383477000101
05214053000714
23186984000142
19213410000149
06959327000171
20635802000185
01398695000174
05609481000150
11225632000170
13004510035489
14488981000172
09304078000174
09392885000196
14956965000167
28622075000123
00144808000142
06885476000133
20527569000117
32667354000180
10774056000157
08322426000173
01516321000106
10694362000183
05977283000220
02184953000182
16487878000133
19803748000150
54553342000168
08773625000106
30034746000187
28411619000108
01530251000140
17284460000191
07805674000102
05295546000130
12342122000145
10238218000132
83646984007899
04768477000687
11996688000128
00918749000112
15296128000111
04632679000192
75400218001295
97422620000231
08698702000100
05632683000113
05115518000194
64071269000141
15154261000133
04642284000170
11512899000148
08166136000188
08421990000224
07457944000131
05533453000105
12409208000148
03059225000101
08977591000163
11156282000137
27340074001014
04800655000103
14355837000168
02118969000197
02841539000107
69576940000120
24574133000130
18395746000107
22822984000129
94120821000105
30146112000116
13437300000184
11098545000107
04618972000103
60437647001936
40756983000458
15051996000131
00003228000135
00896697000120
16995111000115
04975903000149
07322421000188
18699245000114
13154012000112
22300305000151
04651808000190
04392670000151
36370526000291
12157937000154
05738894000135
04623321000284
13116132000125
09075878000160
09239713000187
04000118000170
03545929000275
28472986000111
84976448000135
24280828000290
77488005000644
10918221000105
04105190000162
01126142000162
08330151000110
17652159000193
08338589000144
04141120000160
21434656000435
05561286000106
00434116002506
15171156000102
04932613000118
01524669000145
14780952000422
16759061000177
04818515000154
03452266000163
47960950086506
45604063000195
00435707000120
05637385000116
04872495000108
47508411062348
04283346000103
10991187000196
12054125000183
20335797000195
02347042000129
05465129000199
07925052000118
91657585000172
28480283000135
11430677000186
11475152000167
10580370000107
03610121000143
18027051000172
19938009000176
33014556100301
26810874000106
08062933000115
11928901000164
00640221000124
75963629000136
07220911000173
19845880000125
00749710000119
53166484000100
07014198000616
10497056000157
02495409000151
72638711000105
04527981000180
54076260000170
76107770001686
97312615000195
31894843000102
06540759000143
02181018000162
03112762000178
03402917000100
84301191000111
07228817000160
09265094000103
05222570000140
09448121000175
29336898000155
24415890000160
89848543065112
10791292000181
66131640000149
33014556127773
11372084000968
58731662010265
08833647000106
03093173000190
07797555000155
11636723000106
14662942000140
21071280000107
12308415000106
18659735000197
83467357000101
02883979000119
05882962000135
02981091000119
05050094000127
86557113000108
13257919000107
05613339000187
56894017000194
24515052000169
13005921000270
11022286000122
12612939000196
05266210000573
37147444000164
31961153000129
00954066000110
54979133000180
23153943000826
04375741000108
18169247000100
02492310000287
04679335000139
12027307000165
21838827000149
88212113073832
09118121000107
14595131000173
32684409000322
14801457000100
69558401000168
01976860006835
74091695000109
27901866000120
04112118000162
10649161000164
71194005000140
40892101000139
27128172000100
00486423000244
09260772000137
02465299000185
55000590000144
52898194000198
00145223000147
05531362000122
05549380000131
36999829000197
11058284000193
03677616000190
13763707000100
86473071000127
81007874000172
04661385000601
11662138000334
27913458000198
31897253000133
00830162000157
22895064000130
00263899000135
10946416000150
17805572000140
01053642000111
01732894000177
05677591001989
04948442000115
03480340000155
06011468000168
01822840000100
15552761000123
15826362000103
06060498000245
03551500000100
10782007000166
18867554000156
28152063000182
08519994000169
09456300000154
08197746000149
25629809000108
14230849000166
06231164000106
90207929000189
32631784000142
00655358000152
09470764000115
10378919000177
08730787000159
12989887000171
09237458000133
14052410000190
10311032000161
13824385000153
78512795000880
12451076000465
04170664000150
01919127000171
52931599000180
07132270000103
04094401000109
09230663000177
02163223000103
75400218000566
03737474000109
34028316566441
03951024000114
11879400000135
22375281000108
02791626000199
26166918000107
12497319000153
22443301000122
24484212000150
04048294000182
07828032000129
86694379000100
08527853000198
12021281000148
42552109000505
74285909000170
07547660000136
92769744000193
15567796000136
24725693000148
13928814000132
05434438000100
09627834000104
04960244000177
80538655000157
07925924000148
00245548000100
09418503000237
00936926000193
08086871000181
17970753000122
30234249000122
05084747000199
19746704000136
11361989000185
07861800000227
30046999000170
31124027000110
02019520000171
11055769000123
10788372000188
01742938000140
10957211000332
01937635002045
04218078000138
04994281000104
76371376000336
85778611000380
00824635000103
05524388000143
21755343000136
18625636000194
08630878000112
07158926000159
15279890000190
08314075000159
07549663000290
22160995000190
06137318000103
02029860000183
00626631000110
77908408000190
18166526000101
14251942000157
88460332000108
11072084000195
14650812000197
19092674000191
25188467000138
12295456000105
02159849000138
57832180000195
03541629000137
03333080000195
00723825000134
11682213000167
00063243000179
00814005000158
13357374000100
69968451000113
09150034000137
61031522000145
13336007000120
05101022000161
33014556064917
08378358000164
09383662000162
04646289000171
13892276000173
03399046000113
32636606000104
12565587000165
03379807000175
39224738000178
21036417000184
05925692000283
05751178000198
03752638000177
17289516000109
47610902000103
06146033000120
01928075009156
17011869000134
10569086000121
03352285000118
19968936000139
05084807000173
18807534000190
03225118000106
09462260000153
08197964000183
33438250005398
35298330000432
05125652000176
83091256000189
01787495000103
07113577000159
18458455000110
10703857000121
06004315000193
03319830000174
80596604000181
05445719000230
04308578000160
09409810000170
01902884000132
20628152000221
02563952000149
06925004000167
03083653000412
07886139000123
05309796000182
05389492000172
41733494000109
11593945000180
79863890000115
11325546000139
00954885000168
04049686000166
02510388000104
17034530000234
06164575000126
16826010000200
10792766000100
19002831000120
03953196000127
06999400000139
12601226000127
00550527000513
11077521000163
18257257000199
07499559000157
32760456000146
02080328000190
14967158000140
28639669000147
84683481030408
10426134000122
50266477000191
97542178000104
63458376000164
11262780000245
61412110028599
16312134000188
18787208000168
33014556020898
12418066000185
04253064000155
83574012000157
04544017000160
06127607000113
14368079000112
02179182000135
08268382000140
47508411158884
04024875000184
08441081000177
39527817000239
07871301000130
21710706000117
02132675000110
11384785000160
03337061000137
01751730000278
73425373000188
14175261000157
06696300000133
10771791000107
03720882000409
14101444000128
93209765020495
24348443000136
11275889000136
06062742001280
12440315000139
13004510002394
06994750000102
18103176000134
10565167000153
41187931000128
62821723000109
44993632000179
03926925000237
06698312000105
79102638000193
01407647000103
04969478000185
