13820829000182
06938456000183
14401990000184
17394045000190
01097783000136
08873707000114
07165994000145
02686338000174
03555714000154
10233452000177
95811790000100
18808326000105
96274535000120
04188053000139
06374925000189
79444212000118
06777493000157
75916072000182
72651508000160
88671151000112
84489269000173
03289721000151
03218324000199
01210800000108
11750745000194
12939630000105
11123085000111
44409241000164
41836180000123
07124007000164
04149637002149
22560285000158
76241132000177
03566730000142
39621867002062
00306597006308
20357708000373
05935876000143
14890181000183
28048247000105
02943738000118
04792762000129
06173106000173
04065453000157
02400983000774
14063353000145
11149423000194
11343242000102
08257451000200
14470549000154
18436138000101
18822511000154
17408315000175
20416488000140
00863443000106
32821112000108
09651905000104
11588910000153
16789176000104
03660814000140
00651487000172
09004205000110
02913830000135
03115481000179
07210579000166
06057223004240
77159663000269
10279411000200
07384483000114
07602316000100
11050055000122
02750085000150
04297608000180
04680091000104
68259407000171
16589046000128
01987026000138
13733686000171
09298058000138
19915432000150
01986602000122
08434332000196
17493536000199
00533744000171
10797331000239
41976358000212
02092214000160
17249095000184
04238160000124
07299192000209
11759922000101
74253840000100
13004510002122
58731662010184
10498600000185
05553914000101
09104877000105
20404067000107
32885634000327
10702836000191
12152642000195
32174641000159
13594751000630
75587915025058
01239637000106
15567084000117
04958358000263
01514714000180
14600520000140
13934879000190
12982239000193
00340647000162
19933325000155
02579214000270
02622832000175
04090968000107
04947690000141
00185858000178
21830578000226
03078575000204
15286264000120
61585865115994
08445774000219
06181592000171
13431853000200
05730903000303
11836815000121
01459001000161
02949582000182
09942873000198
08226759000107
47067509000115
13659368000108
00835644000108
37664331000136
05125531000124
08661654000178
01032275000250
01258913000175
19043481000140
15597988000195
46186458000269
71824791000112
28325872000149
66209362000952
02160011000164
01731418000131
07529933000110
11323854000125
11287199000105
20644499000187
38632832000101
02217630000148
07800040000167
10513819000106
01057537000150
81811143000185
01327493000131
07588587000140
83757815000147
13011441000130
20984212000168
01178455000164
95358388000103
07632479000128
06057223024275
24720765000164
80861701000154
04512601000134
05289050000154
05067799000157
03711329000159
02756600000100
17614255000147
17970277000140
12291082000150
24573467000199
16559145000167
81332330000186
15080149000103
05437036000150
03325034000144
12746673000255
79257291000158
33329509000131
09047191000200
10237851000106
25880543000171
28947893000104
11144298000120
84112648000140
09070082000115
05541695000132
08483613000139
11460923000142
03154296000193
37132693000186
07911028000120
08080106000154
07201916000310
07035586000179
11092359000152
19010254000119
09456321000170
13207048002403
08330207000136
05738779000160
18285038000113
05902763000141
31823677000153
25055829000112
13593394000180
61760039000100
08706071000116
04754844000189
14736333000198
94651452000187
11145317000132
13828876000172
37626033000151
00586669000107
47508411001390
05595625000167
11868388000163
05562893000182
18455127000160
12041681000115
09472954000333
33018599001626
03555122000132
26524145000185
66165259000109
96653381000187
03456966000126
25194677000139
00171378000158
24056120000179
97482491000196
21656655000192
04288424000154
02969363000165
01544440000172
13167850000120
04445999000133
06057223004754
90806704000149
15027062000164
10310667000144
11190741000107
08068162000173
29482007000179
01026508000121
29532264000178
06032646000137
26726360000169
68714914000158
00306597003708
09261304000187
21868275000111
42090688000198
05483837000152
07016502000150
19273317000120
21605973000124
03883743000145
40190308000161
01732347000191
07438607000105
61100244000130
89149157000197
08035784000103
42454900000159
04331316000117
10223516000159
03316285000162
12041172000192
02548918000103
03276481000150
82956160003601
03476811045686
08256215000260
06224971000100
02896716000225
11914096000110
53237681000172
16585600000107
02651099000117
11065816000110
19150285000175
06626253038043
08429068000100
02438203000190
32994402000145
04757459000357
12355643000137
04850315000189
01373107000148
01992295000192
13917358000125
05629108000161
83059899000307
11714552000188
96552229000108
05938619000165
06061119000150
17249111006099
80658107000160
04963430000160
17748713000130
11875015000110
10621841000170
14924088000142
29391307000142
05013227000195
30118795000106
30173991000175
09559687000174
03616379000157
02450910000100
05214053002849
52771516008037
00877464000180
04084263000187
09556278000114
02052973000108
08996226000104
03495302000176
15237373000158
82068867000143
10393831000124
04471949000120
03421119000126
05790022000116
33438250018619
19625430000127
06152171000112
28369882000186
70047329000193
09493187000187
05825558000120
47897863000177
20319571000109
05214566000130
23610566000130
00133590000120
11669144000151
79084901000169
80392566000226
05467880000124
20076679000100
18270961000181
10864315000130
60957784003600
07760884000121
76952894000181
83646984004954
61412110003170
00597858000185
07887220000128
01125390000199
18190998000108
07852450000151
08938109000186
52129541000118
01981862000105
18294911000134
05567553000144
83935452000192
11176438000141
17078409000123
07024479000145
04335341000179
12329115000103
01021774000161
04740760000358
30091778000114
12834738000133
23860318000148
19294574000148
64275837000126
11594942000161
33438250031631
93014389000105
10948551000135
46674339000174
11194370000123
12274817000137
41390915000138
03533726000420
18260422000323
39317169000105
08597303000145
93155026000190
30209829000160
10822091000102
23836347000174
02277138000168
17310284000115
11908752000171
00776806000508
35960301000141
05827094000867
08846452000109
95097028000103
19123858000171
08750590000181
04262476000151
24448409000133
87455002000153
54842299000150
78514304000164
05808628000131
04197962000133
05382524000108
11793743000182
12192382000181
13672382000141
19208166000126
03779776000140
76047737000121
05877400000101
49772288000101
19890271000198
27217489000104
06511885000846
13450692000111
08841452000108
12435762000108
18377597000153
08306783000148
04603989000189
06813685000333
02229062000103
06326834000178
13664515000138
10496519000166
30116407000140
07313798000170
17890610000100
11065542000169
07306194000105
09320489000153
03658904000105
15357395000151
04162523000195
61585865086870
03735605000119
08737891000175
16619449000172
15591648000157
13341103000167
17477287000148
09520535000168
08956601000184
15440016000192
11807239000437
17035158000108
11778673000193
93359040001004
13758598000124
16735625000131
16753738000160
24073694004142
09062882000194
07325790000124
11997526000104
26843508000145
78619731000107
09026535000297
15634447000190
34777011000102
14897951000110
01438784000601
03888789000238
92665611028004
06081953000108
03438714000174
04117283000107
04158020000146
01072194000101
54878897000180
06086531000125
03995515001139
23371210000353
21843126000106
14547859000120
37525771000706
11320394000181
25017267000112
15497393000168
06603468000157
27793391000103
07369831000184
01643509000115
18272298000154
02104503000132
16694574000309
05267618000136
04198428000141
05929094000100
07015642000294
11884402000112
28041895000121
05073480000134
03074158000102
69907095000128
89261390000167
40432544001461
79274502000160
47508411160439
26404731036204
06020740000176
10257070000183
92916360000407
08267526000144
23062698000256
22120853000108
17260342000143
89954671000103
10738398000111
11982113000741
17931413000192
02293427000150
15156003000196
05820618000111
04156458000195
10727176000101
17967583000127
33014556024370
10880140000155
73847303000118
35991132000107
03582708000358
05859940000154
92665611032702
03839528000147
02202020000170
30061485000194
06029286000114
01858826000159
21684020000107
02646120000196
01153960000154
04352848000211
05374266000118
01995219000130
89987606000176
21026817000109
24264143000179
09396401000772
05521181000115
15790941000143
15652966000180
10802889000184
12301987000163
77698017000350
25122716000192
03580662000176
24150377000608
00553862000141
92837004000147
48356133000121
89079354000772
95760864000118
04983895000182
00555686000187
18272612000107
06171574000109
01088431000114
04197135000140
12447202000246
11186493000112
20758306004610
89829667000105
15608374000161
10408261000107
07295750000187
23808086000189
03663897000121
86566486000145
06905607000105
07945255000176
00331067000290
05800256001764
05136408000109
17678562000191
05245351000267
02799473000126
11170970000151
09815464000120
05244793000299
03608514000112
19046218002078
07737464000124
06921455000126
25100915000108
03645723000136
05974177000102
09416922000159
16580748000817
01125963000184
06060519000141
04641376012142
06008005000147
04508038000120
26115941000164
41374059000127
78348570000164
01163022000135
04195621000129
86776846000133
30785604000151
17475804000140
18072941000104
00272357000129
09335039000134
75302448000169
11943389000125
00708265000149
08291183000153
02227295000169
01827370000321
06990955000110
02534569000162
04922256000107
13347418000111
18808964000126
03372237000434
19326899000165
04918180000146
22504111000178
30992820000178
73013815000189
03432120000156
95871489000183
12358434000147
28889565000190
06982507000174
24245170000102
11679076000101
08831597000128
24647992000101
18796501000191
39206008000144
11441370000342
25975475000124
11170762000152
00737735000364
28624666000130
16703725000186
33354762000145
55327431000159
37104411000137
30291701000198
01841966000114
04439761000103
00775676000157
09575782000161
83157842000189
31731169000145
68413608000181
37567195000166
81034993003725
97550757000190
17040672000123
01744080000152
22144430000110
03302040000186
02866729000170
02026658000106
11380529000102
20890807000154
04447062000105
10988860000139
11549807000285
13886166000107
87501219000152
27930738000104
11613440000130
10311450000159
34318840000119
21905081000149
51024388000100
19064412000113
05663719000126
94479540000143
19107334000197
00989420000142
02369525000124
01965992000154
18377940000160
05311210000114
08010381000282
18887158000190
01694907000160
63562334000179
06224121000608
10909753002200
01132123000149
09476465000198
30069314004280
08108881000170
23210665000125
68062827000910
27518912000106
01262108001430
78455607000820
08227702000114
08694223000108
08736900000103
75021279000199
01257954000147
93209765025292
04795573000100
63004030001834
02392809000131
69714822000130
16565497000125
13022813000124
11259908000130
13264800000161
14301030000142
00798478000109
00286821000136
79569471000175
00983680000100
00958548001706
00183234000111
03658692000239
65488694000101
41117755000158
12579864000199
34141788000178
15836110000165
07780674000103
11639561000151
04761214000131
03940351000170
15546463000120
19626725000118
13843143000107
19273936000114
13829675000351
07323773000158
07895340000177
08297466000102
06218669000130
06337673000118
09308178000250
40605941000173
26907326000190
79848057000103
07390251000179
06318590000181
27171883001120
20175061000105
19647855000137
10366351000174
08117099000118
12541976000150
00392297000188
01671634000139
07558544000112
60355260000101
81382285000174
13743815000102
33427801000197
07263762000120
03700399000101
04641376015168
02266596000444
37097052000138
12246594000102
14596012000216
00276970000700
29089620000120
13807126000114
31952179000100
82828146000194
13074094000195
61585865175890
22849100000120
60176690000166
16624611002518
00156227000120
00944019000196
06350809000120
09333338000130
85187300000184
11298997000124
00915340000142
20758306010424
14413439000150
07790761000133
06626253001476
04558134000183
27799618000110
07298275000100
12986351000100
77620599000271
02403377000117
16722495000100
05468874000191
66980731000159
23747328000171
72733454000182
15708672000123
33014556034414
05784673000608
02730629000201
03846384000156
07352947000100
85216422000585
09044272000168
45987005001160
64686934000101
75587337000146
07940564000153
14864651000134
07391544000170
05699961000150
23630455000196
60835634000196
08840703000130
25940198000114
19276594000196
03456105000148
70490453000129
34675041000108
00041327005332
10385512000177
14137125000172
06175603000100
12965280000151
28460006000160
42866046000138
04019779000148
15121707000123
70209804000180
33885534000100
07155921000172
06126094000630
22193031000149
59720649000120
06342173000174
10909957000290
20389197000100
18953356000105
20841771001352
09202710000179
68589563000109
10661109000123
14422709000190
52681939000162
01206536000120
81354417000154
04707705000285
05932542000116
76430438005645
05790537000116
05814147000139
10679142000180
19387293000130
01330663000137
13808708000115
11422978000168
87296695000189
12968077000139
33781394000111
08953446000142
12063217000120
03702837000170
36756146000109
06167619000171
17612048000153
06188584000319
33014556126025
08399908000121
02602064000198
00864750000101
53241626000156
11211130000190
08836996000181
82906942000106
01026716000120
04540181000108
07183977000130
41578535000121
43283811002365
11758990000148
04459123000146
23451982000133
19632116005211
02170093000128
01518191000140
08359201000191
03879004000180
00454293000187
07820105000136
17256512003565
11662891000249
17845456000155
22536271000107
03948408000188
05907822002380
02427152000109
00067071000101
07502645000171
16822871000120
05026039000100
04351934000129
08635703000440
05691538000103
79324497000153
01211539000152
20539989000113
45543915027896
71706113000155
10201203000108
24621406000150
00184415000162
10661133000162
26156266000111
14572530000119
07250840000151
06626253046658
15292838000173
28131241000199
08547432000129
00979021000109
05944364000143
03022004000169
05968637000190
76745348000170
15880511000112
03618560000100
17288387000126
73746943000131
10390565000186
00971391000191
09542104000100
15289948000186
01483549000147
04566131000191
21484676000178
03271653000101
95358404000168
09369027000120
05165660000146
95853545000157
09002209000169
24448359000194
09913018000159
11860057000187
02399382000101
02596814000166
21128468000136
20067580000141
09608765000264
13031506000100
21286188000156
02199125000118
33014556063279
01878111000168
39346861022483
26892398000101
03270545000106
07637516000190
79993069000113
02480579000162
32288540000290
13836928000152
32376246000159
15496253000175
86862463000188
05983192003485
00192820000122
10189843000131
87887592000193
01719146000154
75279794000416
91943084000152
09466883000102
15505704001165
07521847000160
08213978000143
35178425000170
22233652000109
04707821000202
80307929000105
25673773000160
04146820000147
41550112001760
18804378000103
02173761000170
02841011000120
08797354000110
06302068000101
20400972000180
05924398000176
75167395000110
96826375000184
33575184000177
04450072000191
04753334000197
08109307000137
04834571000182
02887734000160
12902720000121
27945429000108
05555415000145
15685565000127
11293751000160
20339168000133
18987906000107
03580709000282
05567657000159
07498919000520
17281207000265
17132505000102
00632261000124
10569175000178
82205956000194
81355430000128
04017029000137
20963482000192
23199375000128
02154304000139
11596442002617
12701874000155
22831995000175
14935828000146
92965524000135
09401997000166
71841456000122
21724287000172
08759955000139
06143728000159
37088556000353
03433866000770
03393908000109
06101140000132
14371659000169
24039661000199
14713559000173
05682733000177
05815153000100
09444692000131
10567422000105
14760060000117
86183373000160
17335829000148
28690998001518
92301613000187
04169043000156
07686277000169
05250792000176
22577808000179
08902480000198
04664514000100
02430625000119
14556343000141
05704147000186
07955378000198
04798316000121
05659971000161
69625531000176
14498947000189
29817210000159
10996095000107
63406086000177
15005319000187
97195234000173
14626201000103
24441065000130
86854841000181
12347073000133
31839973000142
00907659000126
02671595000566
07964989000100
07425491000161
15192583000177
21018642000198
12173530000544
01423084000139
06024278000185
33327933000147
08857014000219
08461170000266
05013737000162
22349214000100
17303215000184
05908405000146
72559586000130
11517086000140
43946888000162
27749480000144
47850599000116
07261439000117
17266961000145
01629717000160
07256351000107
10963887000177
16518762000114
07764209000170
17119265000106
07586989000106
06247087000182
08527621000130
89262976000146
07469270000195
01436726000134
22652049000161
05632848000157
07867438000110
18494811000151
04155223000260
20546172000172
13373702000162
08437723000679
22923809000128
19328204000184
24150668000183
24206617003060
08100287000133
04133700000105
07275632000107
09417298000104
14689259000104
02994199000146
25759283000180
17256512010693
09166289000198
23108925000156
11049957000149
26099931000182
22002273000108
11623188000493
09636079000116
02540850000108
04127980000149
33074014000109
31794340000165
01449073000128
11290460000118
07630596000152
11672642000153
07372620000109
94045374000177
65057572000152
03860950000184
12019647000144
19932043000133
97242754000190
02690555000138
87956009000159
11811189000119
13399044000188
07403954000518
03476811062505
11359991000110
03901023000165
09719724000164
03099657000146
24229190000181
09456335000193
16941734000105
13770978000184
05728599000106
76430438004401
15188782000101
06311937000164
01865685000100
17256512001945
02289819000146
03089770000140
16519873000145
07443925000237
10994382000170
35258045000145
09375063000105
45242914011565
04625981000113
10862932000105
07170943001345
07850106000719
05781902000126
02873590000192
05541463000184
02870318000159
36956993000117
03746901000115
08875534000173
04263099000175
00306597007290
09959693000119
00836942000538
07248426000108
10508499000104
19235980000130
10406182000159
07761743000123
04685983000106
03657303000170
18924221000111
13519265000142
04694917000194
39531801000119
18043259000185
09662309000111
05509784000100
15095424000154
84824572000185
19773845000148
04170778000108
11498082000162
12655715000242
11308355000169
10764224000395
00063960013260
02003591000186
12622453000139
04294801000168
07688046000194
60370368000173
13349163000126
28258221000183
04804218000150
14096313000108
19108228000128
40292799000151
39185293000164
02769811000187
04180371000153
82853987000151
10596969000120
27731565000103
01688723000198
27251019000167
00841478000144
15019287000179
06104484000103
28409340000190
10545701000240
22107532000165
07365058000188
08865879000146
29662623000101
20893575000198
15516160000165
02578293000114
19983788000121
28470130000107
82641341000100
02701286000168
17395399000150
01465319000155
12125791000165
22770329000174
08169802000131
71183222000135
29559861000196
32864605000117
05381281000355
09225076000190
07548778000189
05575274000122
09495558000160
00744215000117
07713627000139
16529935000108
24263815000121
10370440000194
45517083000390
03222638000165
27245801000173
17886207000108
00907735000101
41991324000116
09648688000195
04871392000115
02841331000180
96744719000106
23465602000110
20404959000108
08968440000149
05023342000140
21825821000137
60740651000301
87723417000837
13316706000109
96437082000105
47569306000127
04544667000106
68584077000190
67230714000167
05353325000171
20132680000104
28759857000290
12610387000187
13869242000168
27800813000112
07033755000131
49942204000130
21089265000188
14062718000117
04816022000185
94033073000123
05313540000149
15928666000181
00774518000182
16010431003194
08824171002433
02013501000138
17483693000113
47508411248107
13004510002556
72913692000170
63535512000172
24150377000519
29744505000142
14248265000118
76354281002510
18535773000138
26767251000190
01224324000176
76304948000100
07240450001172
03198833000105
19026281000180
83890392000139
11306573000164
04305405000199
18570713000156
12565316000100
10141170000140
95874566000159
03156567000140
01963040000606
13135171000170
16520264000459
07703626000103
13212062000109
02498066000189
26272741000115
13639286000100
14895210000108
20287134000142
74005943000143
08038301000116
01998229000120
02309874000150
21998840000165
88181615000102
12290680000104
14041222000167
49866320000118
07379378000197
03527723000131
10760260000119
14152077000191
19804873000185
08789502000155
12674973000195
06297391000134
13066931000134
12108863000166
07685138000110
09266633000110
11355809000152
33381286902511
92319854000153
13206755000270
08819350000196
01251189000158
61545323000155
26260787000114
23186228000113
17903508000100
07807325000120
06012414000206
04694259000130
20195588000193
20957568000102
01521347000142
26590166000107
05861201000105
04046809000377
01310623000123
15521660000195
06007243000138
20511019000100
71172456000187
10952631000164
03275506000100
05097342000519
05369249000192
52937570000106
09479245000118
01865092000135
02790028000103
07973161000100
21032230000102
03851189000114
10496844000129
10690668000161
18471083000162
07343222000156
03598628000129
31179922000131
15126114000150
83740373000126
43802016000120
09453343000267
05480517000149
41625062000176
00802667000108
60685526000184
10253999000134
10673799000130
06070958000216
01788542000133
02158069000173
17272897000105
02570370000190
19243001000195
19031337000194
77509909000102
10887683000102
23352680000108
10548464000190
05277508000155
16831318000154
33463548000127
33041260111233
08036372000260
04405312000136
02357040000110
09199443000128
04054696000190
44843233000121
23040867000176
40272759000148
04042376000110
61099834048630
05374411000160
06289580000165
12127424000109
35925866000198
09603481000102
24849111000135
66323551000285
60537263078190
15234364000103
09002472000158
04101073000120
10306999000155
05389259000190
08389659000193
03354217000198
03194291000194
09022147000157
13490721000250
14677591000140
04330401000160
01666660000179
07084638000105
01578065000181
18159194000138
10797130000150
43283811018873
04475974000182
24332603000159
05393543000130
01381116000180
16815025000183
27703379000152
17733984000112
92665611021336
26391870000122
68858505000125
54732581000509
13250501000178
16968000000110
05668001000122
89835672000201
11664954000115
09360669000169
25296675000150
83240333004293
11090202000198
61585865035532
22318832000193
05080834000178
08993082000124
24205800000107
88481924000106
05780275000109
91222869000217
18215117000158
69998045000101
04838780000102
12571299000113
03243617000126
05340947000165
17750903000192
11023424000198
04124865000110
26810556000137
10657974000104
05520607000469
42081190000169
00509132000143
07075762000104
04157724000102
04939217000112
28889232000161
14296201000192
27609623000112
11167983000171
03363384000103
05429930000189
00307633000147
91032383000135
15484041000178
20994904000197
07348736000102
13164393000110
20911389000134
75903203000197
11285770000144
05383103000100
02434820000117
13522081000484
35915925000147
83231068000109
03102177000197
45865920000968
23287920000138
26171645000423
02338767000150
24956123000169
07075572000189
09372629000137
03483599000230
09267050000538
89243281000117
84611219000117
01116500000156
21440783000102
10269927000347
02863453000177
08609868000103
09583281000127
08453109000196
04899316024564
63604631000130
34028316905912
39693809000343
19496182000161
08855687000159
07611949000177
11429785000139
18832592000173
09403330000100
19027630000188
11690427000185
08204313000173
60095494000167
97448740000127
03698058000149
06057223031131
07472437000177
01540979000153
26662099000180
04830690000167
01665693000102
28267912000143
17275983000171
04356868000180
01043114000181
06995142000112
02735134000186
21622190000159
06946689000128
18653429000143
01513677000196
12517614000124
05743219000102
07312064000177
21935558000139
00290831000145
15831710000130
26670513000101
14237913000130
00173967000175
02580020000104
13126549000179
04970949000175
02147769000162
06175149000198
09182266000339
14184956000103
94340908000198
02012862002707
13477066002081
24658965000134
18538590000176
10463160000120
79964177001563
10348318000979
12442575000143
27023308000109
61105581000110
07280722001320
86764586000186
10834903000121
95375184000180
04534449000190
10673274000103
01289546000177
02559947000162
07921394000160
13783012000181
05475614000143
92661446000185
00885686000145
77088474000161
02338669000202
15654457000197
10140574000119
05563965000106
04855439000157
11057118000172
00022542000165
75400218001538
41909433000141
03372557000141
04712040000117
02471448000380
47508411139154
05822300000250
61365284010843
76189406003141
93252385000165
08579500000131
00693042000155
14808550000146
01392278000114
02401780000107
02245652000111
43283811018105
68798917000117
10628278000161
08210139000171
36990794000125
68246727000197
04899316024050
09413600000156
94167426000188
72319650000105
11873475000109
09181905000180
04140084000110
06040884000194
87026456000109
75084814000150
08278709000165
03798143000189
02548079000115
23146535000170
09232518000125
07453150000108
15913234000105
03010885000289
12765662000999
08670559000130
05310091000185
11325378000181
07285780000102
01442270000115
03113522000279
05704055000104
63388441000475
15319954000139
24096516000140
14344520000126
93040731000141
09399773000248
24454886000101
06133585000285
06003007000143
05068712000166
03878168000192
13771144000193
14780275000108
04224299000119
11379478000271
31905771000151
02602981000172
04587016000101
19145828000166
06099173000195
68752179000177
02910192000107
16624611003913
01438784006057
16702070000121
12592875000109
02012862003347
73155509000187
11113478000144
13944251000176
05458176000105
11452746000152
30232182000197
10408337000196
12113200000130
07024916000120
35512722000100
00091845000130
12569723000195
06299532000158
04134234000263
04255726000207
02814573002047
25757972000156
03133842000100
08599405000108
14720258000177
12645365000152
25583642000191
09123132000185
23344625000176
27487693000811
11747816000108
85202950000151
11210076000168
31289315000205
02165106000170
10913671000105
02520493000116
05029705000155
16640691000128
09452479000171
07065574000197
29741141000147
04438759000373
67271676000190
18624515000128
09161758000186
27252621000119
02982997000158
20589226000187
63752547000163
15500317000164
27171883001554
02298613000182
18460913000156
16805755000799
02923288000100
14051986000133
13171012000120
05613815000160
05367508000146
20288694000111
