16899185000158
13495469000190
06018430000206
18588792000122
33266032000192
00447821009550
20934324000104
42079327000140
77044618003446
11215899000186
21610050000160
03338081000122
04080987000152
12613029000128
23474623000100
06077373000147
09315527000180
00117080000240
14679952000198
03680814000102
00213007000191
19679808000175
07704618000181
12234627000196
47508411007916
03096501000101
11761413000105
01287693000108
03756630000189
94428794000132
04146896000172
08244744000163
02686645000155
00306597004860
78544863000117
10973175000139
00430169000181
84037241000103
04813081000108
03526694000193
56791072000159
08965036000111
12029152000104
12157917000183
05775188000406
43283811016668
08362735000258
03203059000175
13230434000120
89924450000184
20290146000126
13518817000106
05346818000265
24025340000135
21285473000152
01658399000165
00456365000125
18627399000109
24099947000160
15489834000180
14585217000115
09513320000110
00883887000103
00248569000170
33504432000199
35160720000107
36317279000189
20662248000125
34954115000137
11489562000167
11463230000103
02219622000130
04814341000585
03917827000152
02510859000680
10722256000166
03253789000180
09541072000110
03978626000165
09722165000141
20018441000128
15017014000195
44789329000159
83240333002401
88308663000119
05728974000100
07799460000170
01106257000195
13409094000107
13916682000129
07385732000196
53519260000134
81463630000285
05818799000141
10292626000172
16002160000100
14484984000138
07278462000114
09135833000134
94021961000207
15509297000192
10271483000112
46198081000187
07060432000137
09132989000323
04168998000199
06120176000163
07854334000171
08420772000194
32484560000155
87277786000177
55591812000140
80325178000141
11222671000113
05398010000140
92665611037178
27265958000160
08111461000143
63233027000144
60892858000300
14274028000121
32019838000113
09285738000540
11519804000118
40529646000185
07013648000303
00553801000184
09370671000119
78659141000299
02524744000130
17235712000192
39133038000178
03002819000186
05006797000158
16422803000174
24052891000198
12402712000116
08641953000140
18085632000160
12011922000183
10875830000116
11497791000123
72317621000104
02904424000106
73849952001715
43283811014290
03141960000160
03323530000169
06155743000117
10781409000146
03977377000193
11545448000450
61412110024097
58066994000129
95608576000576
13235974000104
05596725000108
00871053000188
01400069000175
14933443000140
18351220000125
47100110011123
01748862000160
02226145000300
02395827000410
86982535000120
02701585000100
07800412000155
24154555000156
34933986000174
15483913000183
30384429000190
10505190000152
52162955000149
02334718000140
14311866000128
06015103000101
25949496000175
25475492000100
00285753003297
19674019000141
02088189000141
00111404000152
07091026000131
10891490000117
05382924000113
04771806000134
07682215000189
21425184000101
04165035000131
04032088000184
09531934000124
01808151004392
29182060000154
05740977000169
27879141000182
05958641000177
07283124000170
09126394000101
07331038000196
06072933000170
00575131000105
07773277000104
10864552000100
07939953000169
11120717000193
85261501000184
18786698000188
12608423000178
39233085000193
01341571000152
67877795000191
23804404000133
04877799000150
14455347000133
03841623000185
10015901000100
22276623000124
71362099000110
05259772000166
01668611000175
61585865199489
03432532000196
38527842000179
21873831000148
18718343000151
14963906000116
07682371000140
06383814000139
80227796000310
13983448000114
07620166000150
15759712000166
36536936000260
18792953000103
09236205000145
17127937000125
41366659000143
24777115000155
90589698001197
05587547000159
11130573000156
13246810000174
02909069000168
07194895000191
11391352000131
25595042000143
17145057000181
28556675000130
83764381000102
06022220000100
18239084000186
12935052000996
01627643000637
26062727000197
15440615000106
89914329000171
08094807000142
32267292001272
14301256000143
15046257000151
17382306000152
06295006000110
02713122000150
02433147000109
35571868000126
10483586000146
25189957000159
02230111000110
03850542000141
19140887000141
97197818000188
88212113048218
11627431000107
87289716000139
05246139000133
01651906000139
33261017000151
03922226000138
10954341000150
25327909000180
11997953000192
05512527000119
19454809000111
86948882000137
18587437000139
08894930000148
19804936000101
07981061000207
17455302000157
15247991000189
10378054000149
54414917000161
09415886000109
15491024000168
63503007000731
17081984000185
10953767000199
17128000000417
39346861038215
11786457000190
33014556075951
21606971000150
13606594000120
12846712000105
01816875000129
18971672000100
04635477000102
08894886000176
27891095000218
05320902000471
87305868001826
04773265000183
88630413000281
92014356000100
11351323000308
10235984000143
84683481006531
06987725000100
04714021000120
81165805000197
05683582000171
18287576000147
07796249000102
02342315000142
22424304000119
13032480000114
13593183000148
11599882000170
01302220000302
24668923000184
29602356000420
13194329000182
03593800000151
08245997000151
89474506000308
00453190000100
61234985017937
05938266000101
07826959000120
13646619000110
05096362000141
09019392000105
06057223007184
20386518000112
03069763000187
01032275000412
08653948000158
30590434000150
06036939000354
03979385000330
09104926000100
14654755000114
17831595000120
18259014000190
10307085000109
19621098000122
16985090000157
03774399000156
87807970000181
07174480000318
14075774000196
08113064000100
45915162000198
10538897000165
12781258000151
25144387000180
10453291000127
10777605000147
28670958000532
26093132000107
12282150000114
08858841000146
17899712000197
08834176000150
15701603000198
36777076000337
02715350000160
01862298000101
62099775000113
07460566000145
04117816000150
00827772000100
04641376020404
16550234000142
03886902000165
04429478014304
02690071000199
23658145000180
02987235000144
79086419000672
03278392000143
01008713004232
04641376010956
86804416000340
11753127000106
24703646000101
15203162000102
10898227000150
12543623000190
06083245000106
00678860000189
13259966000190
00070742000193
19597183000100
02531610000147
20414066000135
16902002000106
86951027000185
52579927000121
11280978000170
08681638000147
02885261000161
44613693000163
11828725000946
04056467000104
88270830000180
10698263000170
07839890000179
66416876000121
00790324000170
20629355000585
24454839000168
04432752000182
84683481010482
20514572000104
75026807000798
24161523000188
12238523000150
00872615000108
07366691000190
08312084000100
26165310000150
05339939000107
05868574000361
00205990000285
02534523000143
04713511000101
00731926000157
20280112000150
03477244000158
03171710000172
09099060000188
00434430000111
07588799000128
07505285000161
00394805000167
01117837000188
45498995000109
05215132001045
08323040000348
08262006000149
10585618000114
13682250000109
23412402000107
12426909000195
17514248000173
17457404000454
00638753000127
01061249000170
07680003000162
15218645000172
06070914000105
12084415000170
74002346000165
17986248000176
05956375000224
09056976000150
04331596000163
05305374000139
05650423000170
11227792000158
10898251000199
21439992000470
96471149000128
30069314008439
09439294000127
16571889000520
10513473000146
33438250027286
01757919000197
30814669000188
05114986000144
16755868000131
04429478011631
12090179000102
02420163000159
59965038000141
02150816000127
05314561000340
83951194000138
09514144000130
07478968000177
10204000000167
10808651000166
06223938000238
07634857000102
21398197000139
01120741000179
19197862000184
01682891000176
12163579000192
14037506000180
07210733000108
28361566000168
30094114002586
08472531000199
08673351000175
03582556000121
11289189000109
02941368000341
04176920000116
68437441000199
05274391000156
08094085000126
28581664000100
04985532000186
08278974000143
04624757000107
01736270000128
10759075000104
41138033000180
09069539000171
26401455000102
33159542000160
03473223000679
06928120000130
02098344000100
14354410000145
02014688000194
83343509000164
03274622000104
01959495000143
54190319001128
05364720000150
03038307000170
13151741001863
00568810000149
34560193000157
00511920000174
95798302000163
05782891000107
45543915015707
03965781000147
27450049000100
82193244000100
03729232000173
17480056000193
25488113000109
01004769000140
19733055000139
78113289000142
16620673000184
17414602000198
09247835000115
02147077000114
09071292000128
00636142000140
05992964000187
83261420001988
17408453000154
07853726000116
82732322000190
14208651000267
07563973000188
01882109000162
05437235000169
11242632000188
13517621000199
10529264001081
01900938000120
19935691000143
03043443000158
09579501000149
04546200000103
15246081000181
12918164000181
42594978000179
17442749000191
06135832000100
25382925000175
04523792000130
21706478000101
18976685000171
04264117000133
92253277000144
61585865178139
34028316554940
77937290000200
05775936000108
23607110000111
33807736000125
07240641002882
02130043000117
29761778000103
69954279000149
31596281000110
04940750000870
03619472000115
81607715000109
09399853000112
04903155000199
33438250027014
63886121000100
10420045000179
11129503000188
06057223008237
05339166000150
07610736000120
02785852000167
03042990000119
95425369000233
91816181000184
03457458000162
03943270000124
02616118000174
17063665000147
06204365000114
14692414000133
07769433000155
15377697000191
04797820000107
17344776000121
06058769000147
11255917000153
24785949000102
14930238000120
09333355000177
09334439000125
02910167000115
45172723000106
07821988000107
05540548000148
08237614000101
13574594063279
97546074000160
27157797000191
11188227000129
05888718000180
02354309000105
12132837000173
04456481000103
20302975000181
13867310000150
17378009000133
60435583000105
16883714000125
10819605000162
05934618000142
00667403000199
18042050000105
09344826000142
09000731000101
14063197000112
19916586000167
11859467000108
09383940000181
17633565000109
01962356000179
04526126000155
03224867000119
12386373000121
15217897000187
14208803000140
10777094000163
24511222000137
00287705000484
04341354000150
06970308000146
17066350000153
27547665000257
08111941000104
01655446000389
11898006000144
16466822000100
17767400000120
82800483000173
07278808000184
42591651051309
10425975000115
06888148000190
07704934000153
07054838000107
04225430000162
05392059000196
61088795000126
02368130000298
12940251000135
96693759000176
93810919000393
11949284000183
11683412000190
01035047000153
05268791000159
04506958000100
04780762000370
07629047000168
09465415000105
14576610000304
01079210001747
13987623000141
79257291001200
02512576000163
87773206000132
28433035000133
36249985000130
01209172000132
05041889000179
91522854000193
06345325000192
05290907000156
03357261000151
09296295003347
12878141000352
11578954000100
03846946000161
12716780000150
08244396000124
26033881000130
37356235000120
08833244000167
04506575000131
05453891000155
08313998000196
01744311000128
17846432000110
34902536000114
07795200000127
06101177000160
17167216000149
11159942000133
69371045000179
22163489000155
33438250010987
22839984000131
54519004000100
00920443000109
13314448000121
07230164000154
02726274000198
06306975000129
11718941000181
11358671000145
17859779000106
19489341001091
13109678000159
33104951000160
05534885000122
08576605000137
81609638000126
16872582000136
84923127000172
04757466000197
66886870000118
06854061002812
37116704000134
19969463000194
37610631000132
02966827000180
03328588000103
11426818000197
12336100000172
15135429000163
03499620000105
91369694000194
03554795000178
06511885000331
11151087000114
14606466000140
14374873000179
07527173000101
16594220000120
09392341000396
01715494000153
05834805000154
39490263000161
10193486000185
27179746000160
22228345000130
04298639000156
05557112000161
83736835000131
11138113000174
14644682000180
21071899000103
68252121000164
10549452000180
04427055000133
04651634000165
11654935000108
09118059000153
93209765008606
08680928000176
07707800000196
96418264013893
03007458000160
34972844000116
07219464000213
10804337000105
01537699000196
00509223000189
89694277000175
70100300000128
09341896000147
04149517000106
08786898000187
17821986000163
05737668000130
80567175000114
13822944000196
82976101000167
05417733000140
78857984000119
04613902000588
11913340000120
02548595000301
13411402000201
08670501000197
19046218000539
01706287000132
08606068000120
05376122000109
05563868000385
83004838000180
08979124000172
08919063000158
22310217000130
53698163000156
33014556052749
73147167000153
01150602000198
24925873000173
23299232000198
03339821000730
01145393000194
08957447000165
05177954000198
06063683000102
07457847000149
04598440000143
44581452000422
10846772000100
21495188000166
87406583000133
06317954000109
07887400000100
31985443000102
14444454000166
07972962000151
73843336000190
24508401000115
18549905000180
01942852000160
10305087000169
09121687000198
01044651000146
19484786000198
33048638000151
83876896000102
11504607000125
74156522000113
15191360000195
01292198000197
03610682000304
01882795000171
19708346000177
03358383000162
23777250000219
21196921000141
10670138000151
05506492000105
63616890000180
14990081000129
02683283000149
02674088000152
17198486000117
07674667000119
08818536000120
04356928000245
15392411000147
82647165001196
83332676000100
04606631000100
04072802000168
00369225000110
73302325000283
02880703000187
10562612000121
15930198000180
16670085055723
09359619000161
02887227000126
05366509000176
03733595000778
80976806000159
80983588000180
33106246000100
12657577000150
14311610000110
37314754000126
10904851000112
26455407000105
15352833000199
12282603000102
03989465000105
10556094000133
07428286000150
41236886000154
05468782000101
04945481000916
10527979000104
05797532000115
03834670000100
03546130000112
07440884000144
61616710000135
01420093000176
15039118000524
04648287000111
06915862000120
04785029000187
17327107000141
10171846000148
08707102000153
41939851000181
01216490000120
53767125000108
59601161000183
23359127000105
59721688000141
37064649000186
11506664000143
13400172000102
17624888000136
26196652000137
11567641000149
18110478000130
09521672000117
14939270003788
12606929000148
12867085000199
15464167000180
11800158000162
00670723000106
10820410000132
01317127000100
18410627000186
89945133000144
14942114000165
04979730000137
05976162000183
86382116000158
09572417000101
14300556000108
87305850000933
15006401000126
07504807000100
34748137001627
12585401000130
17970917000111
29036916000183
08297118000135
04839900000188
04624593000118
01435768000150
28068021000168
02599584000199
77863223012709
22874499000107
05289851000110
24976312000101
07336888000187
09227924000108
37549524000901
03961850000144
08732715000140
50337450000142
87397865002246
06057223021330
30094114001342
10762226000264
07192985000143
01438784001683
32500977003694
06878527000108
05537229000183
21483615000862
28706674000125
05643924000120
28888915000102
05681892000157
04553758000108
15375991002450
05532558000131
01643072000110
89386379000123
83768176000115
18627036000165
03162986000194
76080738001301
08756019000174
05672183000105
00421694000130
64963044000108
12153188000197
79379491006114
04780565000513
11452733000183
22792788000159
11587323000140
10572707000126
01099839000191
08882111000180
18870938000128
16422878000155
00069028000185
34028316801114
01783499000113
21098517000135
02755418000134
04814671000147
30010383000140
01740413000175
07944355000188
15714255000193
66125741000107
02632355000129
12214951000142
17209000000107
97374441000195
06298630000170
06235254000175
11428167000174
78382181000155
13310943000162
05016308000149
02781974000185
34211052000129
11684445000154
27036805000575
00670562000304
19330128000141
12845780000150
04618364000190
08547739000120
21657759000111
10445907000118
21264323000162
37531506000137
04628281000182
39537394000157
08349419000165
11409871000180
28076818000107
01358169000180
09172184000141
09291362000153
00581467000172
03802956000103
11369325000162
42123810000185
06692107000124
24580329000137
29501046000176
20976489000149
09060964010405
44955474000162
15355729000158
20283712000172
10666945000109
01788487000181
02933275000103
11881757000158
01740742000388
29839156000142
33014556035810
16963744000141
12844013000126
61230777000137
04574520000169
30789119000156
00823717000214
13967249000112
01693953006348
06100774000170
18362984000116
19150895000179
04274419000192
00761134000125
30479121000129
17306134000138
04845815000122
17256512005509
08998647000166
01004393000174
83627216000109
96641634000100
01004788000509
23597058000160
10613730000111
63473235000463
33082173000155
86765922000105
01594356000325
07708655000168
05992182000148
30822357000116
40430175000153
02083193000117
17331610000170
22563801000106
72492150000170
10935950000161
60849197000160
63520118000160
21670934000100
43854777000550
09135445000153
30429962000121
05965179000135
01718007000106
14544079000126
10447573000111
07762678000150
15473771000173
54843594000121
16846715000108
14537646000117
02386002000277
06338372000109
02314882000195
11325320000138
07561294000170
06657644000133
20269462000116
05254310000156
26214319000103
05029876000184
02890090000169
13129603000130
45543915005140
29300287000157
11568216000174
09212216000195
12328824000255
05677591002284
18745887000102
01368065000157
10280765003606
04996423000164
04746235000188
09396401000349
10305433000109
17078874000164
02790813000158
11508513000124
18184740000190
14020830000195
12075202000181
09019829000372
10570343000145
79794921000476
01691015000106
11087575000100
15520240000194
00290060000196
04656985000169
82955022000170
10463489000191
48286728000158
24035925000136
08262698000125
03083231001095
02067651000124
01256145000110
18945162000168
04037806000105
05293894000179
61082491000402
23074560000196
24705582000170
84314152000159
04789663000198
10845579000147
02475568000194
06174600000233
07354279000150
02337000000107
03927836000124
78954286000565
05385952000194
33771056000107
10841937000143
29658564000106
06080247000141
13093419000187
16704808000190
07811058000326
07557658000148
05107373000180
04842563000935
14055290000185
06206351000130
00787540000167
08230471000106
03766133000161
03928633000403
95021309000174
17719384000108
04895663000172
15823394000155
07447207000158
03729287000183
15123276000215
05539576000226
96184650000103
25258352000172
47508411004305
20083563000106
13487250000140
02838857000100
05826635000166
39505417000141
22045815000200
15474914000161
77882983000161
21520050000250
09174963000186
02019083000196
24968736000116
07750487000179
11441600000101
04626167000113
12125440000154
33014556018567
82348285000110
01410297000126
60537263067155
48976385000153
75232926000101
05249441000145
19259428000181
07374789000190
04680253000104
04363960000177
07001534000181
03940967000141
10424399000272
08207457000183
91794982000196
11246908000104
05771098000102
09208153000101
08675411000199
00889544000156
47402789000332
68819150000165
08741917000159
60675931000111
03229863000204
26728248000167
19153091000123
03769578000103
21837812000166
01530971000106
05333476000168
76771385000152
07891207000142
50903046000199
04886902000128
33357450000195
73015497000195
10730225000157
05453471000179
05539688000104
05250666000111
93489243007200
20352968000194
37563970000105
30035257000140
22228224000198
63330054000135
00852464000126
18095265000186
70011259000113
04128056000187
17754349000111
08042735000190
17733552000101
24869869000135
72852122000117
89375711000154
19575723000147
91247379000275
17490181000184
02463234000109
01348458000107
56719719000131
03271641000179
17279933000162
12051723000107
24819617000100
91798348000121
71098024000173
06167586000160
11785654000194
11657804000184
67693440000142
09521013000180
11233486000124
07147350000124
04923277000147
05004574000151
77183390000107
06071364000149
18613907000191
05161810000143
73496820000190
81626376000108
05821270000187
04737552002424
05595625000329
12940945000172
05380144000134
16956537000160
04043401000180
02481946000142
05245782000142
93489243002160
33697517000130
08314563000166
34237750000101
10459778000117
85789857000195
06117564000195
63246490000120
13284528000181
42345082000156
05749026000150
33767716000500
09458531000105
20846615000140
18317568000104
05155088000134
02157407000152
07260838000163
07035779000120
03356229000151
79501540000109
11963141000126
14026648000141
03444798000400
48050330000118
12838377000101
80225824000107
04918035000165
10591900000104
72083694000189
83259069000161
00923868000163
97422620014100
25625856000183
00442870000110
21408234000142
00756136000126
61412110015500
44358067001492
29769608000167
37570181000100
01073520000197
10389377000138
30800527000161
64211295000128
09243603000199
15338566000103
12444826000129
07355465000104
14950907000126
82768060000113
07114471000170
01095586000188
14412752000174
14795730000130
05443159000102
07072915000232
07115585000215
07860312000114
12197040000154
11807128000188
07895817000114
04288568000100
07973018000119
03091852000120
39346861022300
03637832000101
10256243000220
27287640000180
24183639000118
21380515000134
03775225000108
03223147000139
04185877000821
12724287000181
65409872000315
11956431000142
04475870000178
60355922000143
72584287000155
13578265000113
92942564001486
03627964000152
15034011000160
07097418000299
25748427000101
01370125000176
18177798000107
04822570000118
05904176000191
91947036000302
47960950079984
13677533000154
07123542000109
03622108000104
00818835000153
17099337000109
21061530000110
24933541000130
08597381000140
75587915008129
28434284000143
10189135000109
15505704000193
28164630000110
00231656000115
45543915003520
07273082000197
04303502000142
07380332000198
22575161000146
66378134000159
07695593000105
10340623000167
11276013000104
09177795000182
03835176000151
09093659000104
30138341000199
16890030000150
01618146000915
10592523000128
10650059000260
16457664000114
09388509000128
03965517000103
74554213000100
42934752000170
31861115001176
18434251000140
11948876000180
23606890000185
32254906000129
07677885000107
34158741000117
03696048000174
01213589000179
12831565000108
03828113000178
30544934000155
04238132000107
02916037000190
10278430000123
95071551000233
11286829000119
06968418000173
06969815000240
17600866000136
32833113000164
00209064000105
04890160000104
04797412000155
08678386001926
19197808000139
91787887000165
03658912000143
08603785000107
91787945000150
04121879000180
84584556000162
04645614000181
03737690000154
09190507000120
01783016000180
92390897000125
24282551000153
36804219000190
13653928000460
12819329000168
01594878000165
01618146000320
05138090000103
06698049000146
18153053000108
10785966000135
12578949000152
79379491010146
47508411028670
01702171000125
05945252000107
11523829000276
04607595000107
08225417000164
10664945000161
01596903000140
05264937001240
13886507000136
05850705000111
18067889000190
16233389009020
14379116000198
06353117000305
02598306000117
08857123000155
17127246000121
00930087000104
07749132000160
07019590000305
06046590000170
73773434000106
02335984000197
08892552000163
10711959000199
00934642000168
01590466000157
10246989001062
78864063000183
53153938005177
10880181000141
36223972000192
01188127000149
75607507000107
03924862000107
03018547000102
04537097000127
05801234000151
11185459000123
50307966000144
05553747000190
02731813000187
27510537000158
34597955001595
26958500000124
29843174000106
13654028000194
09293104000106
10997678000144
17509753000120
10604218000109
02575330000130
94347077000186
06057223000767
04810650000234
91625715000195
13052618000147
15233493000187
11087071000190
32280067000113
01173516000109
18088512000117
21195523000887
11996286000123
01632767000104
06889185000113
80706492000174
10521096000197
96716584000175
02730235000164
13115969000150
08717977000136
25433822000197
05797085000102
21970175000100
08298425000130
04686359000115
13576552000194
06536883000216
08038545001090
05482126000163
00114142000180
04591212000141
11804464000177
73734501000337
08661048000152
03479705000121
01764685000105
07428237000117
12775825000167
16920394000136
05968582000118
88607841000102
05198943000194
19335286000194
24364969000100
00602017000119
08519453000130
17154112000108
01964486000221
10989006000197
03728965000193
12481125000160
01255618000165
07701077000138
02922536000190
02191270000152
06907800000177
03995515001210
06313389000101
23491530000185
01673523000161
39169685000130
10238165000230
16588484000171
01422210000130
08221383000130
16947509000690
07909407000185
02107803001309
08791136000179
07999319000111
23323529000141
20333958000101
11003081000108
00837552000159
38131397000123
73588915000133
08706487000134
04649946000134
14356372000160
02376242000100
13311008000110
07906364000184
09661785000118
97423339000132
01194600000109
06976571000304
04958321000154
02954080000140
10866934000164
16960076000107
87167458000118
74718651000158
95597571000161
26418521000157
12759046000178
54114616000112
27320404000119
21829888000140
77867067000152
43283811002608
08319783000182
80392467000244
72712755000120
02106991000117
05378824000202
07516980000200
08414466000145
02323764000143
08408491000116
58195470000138
08993489000151
07622652000107
15338718000240
07245642000108
61069373000707
09166445000110
07395555000129
18054685000114
07651505000165
28311664000190
89470462003525
01771887000184
13041135000147
07275928000128
22575318000133
27933698000154
05808767000165
05316142000186
13293203000165
07172954000120
05472688000126
04347239000193
09128108000139
14931176000171
08529824000165
04635043000102
31628712000183
22723082000135
15595786000104
54427406000184
68062827004827
26286203000180
50052000000294
07943423000194
02736688000106
71320915000203
07034445000131
04558940000151
11204710000150
10800969000109
91422220000169
16783141000168
12891538000112
10371690001030
05360952000130
91031229000149
09239403000162
02129749000169
01625676000133
04126118000111
10627407000105
00781066000590
18798207000208
07802205000130
13635231000113
02362478000197
90811761000116
03783122000190
17990747000137
47674429000802
79276937000144
13016319000157
88658984001204
09112471000166
43598879000128
11758430000193
09393051000103
16444461000193
07077477000114
02858907000111
03060729000141
10973623000102
27147298000113
19088101000194
04053228000281
97422620007406
04299956000197
05382562000160
07277812000128
13217581000160
07466896000148
03674537000125
34683615000262
05278599000143
20862836000102
10915048000183
97533258000195
63324198000189
22753989000147
26323860000150
04737552000138
09509711000160
01437629000166
20628152000906
02738564000151
08326720000749
72598451000183
01673694000190
06537549000104
