68743038000279
45543915020379
03998161000104
35283050000299
07618243000137
09115224000113
07604265000148
19478320000180
15829802000186
21339965001902
10137727000179
18135052000130
93209765015300
13216068000154
10824137000114
10624384000177
23752114000193
70045182000100
25446669000132
05613939000145
24354920000176
13099554000130
06310162000102
02814573000931
04498720000180
73237091000157
01241523000192
02182142000142
08329509000194
92665611036015
11803846000186
20621629000166
17192109000170
03797087000168
03840173000106
18686166000179
02920966000172
08620666000154
05415954000189
86967411000176
70118344000266
23440098000101
07428785000147
05103967000112
43255777000290
08778915000134
05495737000146
08944649000172
03966240000303
17080250000181
10660478000100
05475301000195
02216148000193
01166623000100
06983871000159
31775513000106
64382120000183
00109312000138
30966333000130
12378294000179
05671759000209
00957136000194
01321096000403
10870005000129
75298232000177
24491143000101
07240837000157
09001688000107
33014556085752
37377934000238
19080371000159
30540645000188
11539111000197
33395278000164
29294550000142
18240661000150
25822578000154
90489246000161
07490217000176
04286516000103
18138708000179
39751375000129
03956662000128
08723106000630
16924352000173
21339595000184
83029728000173
05308439000108
05836438000128
57819591000140
06121754000186
09065339000140
20600432000140
14575494000147
12503678000257
05458337000160
83209502000154
16809612000160
11753359000156
14674938000100
29023496000109
17676517000106
05740282000187
04745394000168
14893958000163
23481173000174
09040453000116
18144074000167
02810923000134
02895028000674
26229194000195
21423549000169
00825865000197
05669437000136
02618215000287
00911696000370
02919668000162
13483131000119
06167675000106
26171645002205
01543354001389
10884431000111
09626736000144
35350610000108
05956914000144
00172564000101
09662249000137
04511942000195
49704836000166
00518406000160
08215057000110
02345844000108
61585865087257
13663901000105
03004757000141
20880163000113
09087967000127
37123940000340
10466353000135
07272679000117
03678353000133
27147045000140
15176851000167
08692449000170
66587189000179
00090337000137
21660659000144
05108657000190
12030552000121
95387619000107
09364055000155
07869411000167
05397086000151
03019037000150
11747795000112
05990975000128
82353798000110
19545080000199
08939579000164
12160306000194
26399128000163
07162676000120
21628904000136
08050067000142
01525553000120
04809176000140
12144434000144
00006817000177
28525446000159
07240641003188
11032979000104
20369731000116
13705030000145
17006537000838
02744249000137
03003331000173
13412313000107
12746673000840
14935410000210
22034073000137
02529621000192
33438250034495
04123070000198
09473388000112
10156926000124
11269241000157
09146700000163
03989217000679
48387765000152
10916647000111
20464236000196
05189344000104
41570466000100
08004207000146
13386815000100
08093667000198
43283811003760
14004353000174
07094279001050
02970625000292
07215208000177
40824849000102
11002713000100
92173491000190
96692942000157
03362078000144
03730657000100
01316021000183
24788313000386
09102134000198
63604631000482
02496207000124
34028316243600
23463268000246
04006097000109
02508719000163
11563367000130
01091261000127
04983681000106
97422620007910
00588534000180
06010443000140
04911605000195
09249475000190
09509938000106
17066322000136
24023819000132
05770963000198
11955185000104
04254990000498
07249889000194
29654671000158
00845042000123
14042951000138
00467505000160
08027764000182
01370481000190
19177105000149
04415928004002
27976380000312
11890387000115
02221403000196
08735293000167
03771996000127
04115854000255
13832223000167
08819017000187
05800256001411
15424563000184
64416449000118
11910456000105
79230215000159
91941567000118
00306597005166
14581682000188
07454390000119
19113255000199
19517229000126
10144687000192
16902915000122
14742132000101
45544368000159
20746858000107
21109967000186
79484515000164
01166046000148
11416614000175
31012401000195
03454192000285
08701618000190
12098819000112
92665611014631
15088465000113
00496866000135
02836446000186
00660094000125
35883156000142
01384145000104
04704220000157
00683123000174
08041745000372
10828657000103
01794481000117
03797663000177
28541099000158
19682632000100
08772171000140
96735022000764
03877403000101
72429103000182
11950487001323
03743035000109
07508617000161
01728909000123
12187191000121
11177501000164
04793012000171
04819890000119
03691588000165
24708141000121
02335247000194
08708745000111
86242252000495
55531172000345
03258395000115
15826192000167
01040022000148
91077248000106
10683132000119
13334377000129
12374961000145
45174828000102
04149630000183
10587674000198
08374919000157
16540438000100
27240840000188
01535795000103
19934808000174
65884256000154
08937011000104
26688066000100
00431274001379
15006358000107
10989271000175
08197731002205
18302795000158
27977453000129
33225293000164
08861396000416
09472954000171
05515577000311
10589222000145
25807033000179
03456458000148
11781108000347
10208994000190
19278900000123
37523586000189
16715164000135
08574411000100
18064306000177
02131178000105
00075306000107
89052088000107
15777707000186
04549430000118
13604490000187
08179094000110
14788577000114
03317068000510
07575651004570
10807616000122
15571974000100
83286799000151
15644313000150
05137994000106
18098560000196
08314299000160
11536652000161
15895055000265
22781232000167
05974275000140
07268896000133
02234616000152
42225938002527
01599621000104
11508536000139
12369443000133
97538255000144
02408446000185
05797837000127
83208140000500
08208776000103
09195484000146
03205466000111
03589411000152
10786495000180
13769445000182
01500423000133
57480006000392
01188429000117
07736287000161
00799007000115
07768692000161
07195560000198
27250919000190
21731633000140
79379491008168
01575600000140
07538636000130
14378513000145
02420016000189
02334657000110
06626253019502
12208253000134
17975608000134
40761793000186
05140125000130
02012862001727
11608024000144
28885507000199
15344079000145
13471013000190
07816097000154
17010135000130
03992124000199
18932439000118
02558157006608
10677225000130
08519545000110
01578219000135
12986300000170
02089426000199
47834163000303
14666529000234
01411868000147
21930826000120
10686812000196
71010573000144
66728734000108
29081608000170
23837918000195
17847111000130
05774121000104
03898720000104
38136636000138
04784209000144
64070402000145
06094561000183
06626253068201
22815353000182
55417067000118
78631884000170
78586674007896
10982499000133
05591996000170
58034166000109
06699119000180
06141514000143
06086119000296
27579851000197
04555117000192
02401337000136
21517774000164
04505414000123
60075447000151
05106520000105
82150244000115
13416884000101
07552099000183
00909408000180
08382460000133
60066065000161
23726342000199
71435606000106
89693683000113
13753237000195
10828513000149
30362412000132
06626253114670
22135644000120
57962458000149
10266348000189
00011112000148
07056052000471
68814425000178
02457732000130
08930827000106
00259601000202
53045902000100
17011719000120
02889070000178
07865293000119
08812417000160
29293826000178
06283330000118
04684282000144
89601280000105
06084920000111
06046708000240
16958984000158
17235766000158
14944795000109
20810549000159
11672925000103
05889363000143
03851010000129
07110477000179
10647168000228
23342568000196
25877671000166
11398332000192
04017035000194
25464828000121
69665669000107
92736933000160
20331390000190
04596169000107
05151008000172
08172573000104
04342148000831
03247105000138
10141335000183
45716537000190
20983352000111
33014556032985
06626253014616
14846149000109
03379319000168
25315431000178
02402707000150
03246886000146
64408370000145
82647884002774
07036534000117
03303248000110
02385321000187
70941950000104
13971568000100
08803840000102
03721227000114
05893935000168
02478270000138
03241699000170
45242914032562
77477354000156
15303293000153
44280485000190
86960291000185
17480597000111
01283600000177
19576501000149
45987005013257
09103975000110
84038843000177
07758036000188
46271524000118
05275833000189
82967837000179
30019285000173
87017174000145
82449356000171
09636399000176
01716090000184
14159741000124
02607022000140
06012511000100
18809838000196
01542004000164
27731424000182
21754123000198
02751946000115
42030247000109
11803935000122
03689599000100
03469920000141
05778243000179
06253192000124
06005248000121
07647647000310
45027299000106
07763113000198
40293870000110
20443244000156
23121478000507
04163766001110
01451234000118
00102744000117
57729196000177
12099403000119
77883320003349
13384385000341
00593805000196
07347452000274
01768220000122
29211863000190
46014122000138
10878907000101
10521978000233
14784780000112
04454057000111
01280449000113
10840188000130
01150830000168
22347747000153
27185406000142
17591124000191
42591651002944
02676018000133
09341646000107
11536339000123
05655206000173
61099834062544
93547396000172
05981744000158
02510516000101
05630720000154
01276256000784
45543915059232
02336168000289
08485088000190
03683937000105
47508411081059
07538128000152
03245584000153
10482618000199
15108128000140
15427788000194
03963650000120
10800057000129
68962166000122
13543616000150
08824874000175
04723789000160
06057223013311
47960950028727
04886936000112
07395206000107
18773340000110
05567859000109
11044747001563
14719547000156
24543100000122
39678875000182
10883468000125
18062535000152
17078856000182
06911966000167
08757921000105
13272852000260
18307791000162
01668653000106
38074571000143
10827971000163
14747891000159
05423617000214
04915218000127
06321720000135
17490164000147
17434686000121
00747150000163
02574354000175
14068428000180
32996142000147
09465384000192
10697697000317
11774330000150
09603075000131
02128465000158
18814428000133
02718533000139
04799590000115
09446124000170
11050604000240
02748639000185
13673924000109
14749294000163
14180634000188
41392143000173
04672609000168
04505388000133
30069314000888
31751787000157
08828698000140
07233587000128
33438250001643
08045686000149
03180674000103
04929863000107
04548688000108
17801587000483
85206811000104
11114190000194
33200056001030
08489203000103
00125530000166
68331909000166
53171534000147
11596442000169
07071229000166
00038976000153
16796238000105
14919728000126
08687953000181
68662246000162
11112004000188
27048131000103
00155647000192
12562819000121
79394318000154
72900780000137
08071116000123
94177508000103
02284800000107
51010502000134
08922629000109
83348169000911
28347449000140
11235181000151
08837631000171
19615701000163
07688947000186
08484327000279
13166192000152
61123428000116
07317025000162
16924864000130
02978846000126
78714888000111
22603874000176
12473196000110
11549698000115
01602118000152
72878895000172
62410352001810
90271446000143
06626253042580
75587915014013
41127689001411
08646244000158
05967526000169
03181242000974
15271109000130
18380056000184
47427653004889
11563494000139
05728823000151
12675940000160
28873792000128
00356358000151
03582521000192
06264719000116
07761164000180
13063169000132
13349893000127
10225263000152
06207462000160
01857160000114
23730335000160
13006366000624
32173429000177
23105608000186
40621237000104
34818757000109
05269760000112
20370903000171
14681069000132
52414919000125
07947789000131
19926162000183
01344149000150
11335529000182
05752094000179
07215451000195
01906851000160
05814992000104
36384543000105
26775100000183
71427538000125
06231134000280
11156928000186
75663195000159
06698240000198
26837541000162
16777063000199
13178232000186
13361152000161
73090268000135
07047950000110
07576558000169
14826490000194
11490838000127
72108855000141
63332134000120
12029671000164
03470343000108
06057223026995
03096210000113
34342204000122
42225938002101
03656532000170
17957120000184
09280981000142
08791659000115
10886334000168
07352288000102
08060674000193
01893602000188
17127865000116
11205790000168
05859470000129
18552337000177
10145187000175
17976571000169
04120744000109
11825418000154
15680930000100
05354185000156
09265749000135
84500297000144
01982756000146
14605808000107
08377361000163
07203042000179
02879482000127
08296569000158
03043850000165
08209000000108
01218896000142
18580070000121
02980434000120
06954219000106
22604607000113
15807911000100
12745626000106
17575484000108
09565470000177
06846349000206
14310170000500
92926211000178
00789957000169
08037027000160
91669796000630
68719434000180
02055122000100
11116518000101
16941526000106
17353435000112
10778710000109
02801171000226
24858919000189
09380640000149
05784670000160
20687083000146
55334262009211
14353878000115
07013539000124
14329645000187
06102401000139
09039707000186
05850075000185
14229137000127
02589705000200
11367009000151
06001910000175
04565289000490
07541409000164
72452949000133
24413626000198
06261524000112
62093455000580
10648713000110
89371058000236
67964429000412
10945381000135
29380542000119
06993519000102
07608662000198
22764542000173
05900895000134
08405443000174
11366573000150
01759342000152
01933086000178
07347683000105
09241867000103
01106888000104
02983097000125
15217918000164
07068123000103
13503362000147
05682713000104
25530958000115
22265183000100
10991492000188
03704040000102
13610165000127
83729566000186
13569064003337
19611934000198
27096507000147
39346861028171
05632621000101
10278705000129
05662861000663
03932097000169
08586648000101
26404731028600
34938571000193
14459051000190
18981895000158
12258720000130
04834434000148
14717853000153
13421493000185
21767902000128
35942796000186
04115854000174
30560379000236
18871475000208
20423562000155
09230271000108
18894791000106
13688962000127
15361623000167
18771988000158
01455732000139
08917736000130
02092051000116
10462319000192
33198342000117
26070671000112
15616899000149
83228502000100
85283471000107
07628193000179
07081892000141
80854920000106
30640502000148
22395343000135
11704298000137
21489739000189
02701117000128
03951672000170
33734831000146
05028930000177
07190691000182
13334767000107
04854650000155
05797325000160
07141957000288
34184036000194
05384058000108
17846142000177
04065360000122
39512793000163
04533482000287
15920239000157
39246277000134
08959253000107
08232258000125
06866439000188
12011923000128
02759644000193
07947798000122
76065895000104
15274711000121
05465364000160
25463085000175
24521361000141
13231809000176
10575417000136
42591651184104
07554169000132
03906456000103
85489755000154
05507986000104
03018989000159
42013920000194
23349079000166
13237475000148
06001575000105
14657469000102
08760152000102
00990496000198
24422016000150
08664596000217
10875843000195
33423534000180
05907244000176
03417743000150
13750279000172
05549881000118
06317686000125
28442255000123
10753262000180
35338938000109
13309174000182
02553954000157
11792101000169
72183437000119
10202602000185
08229159000194
27067651000155
09527517000108
05001884000112
08353632000140
17646791000124
34614669000195
13730401000149
23656588000131
10264608000187
02927654000190
72520331000163
27166289000170
22634854000162
84411867000120
04003230000165
19954308000102
07346553000140
10593098000191
08925196000137
14159604000190
17771671000159
07720658000117
14100624000195
01609393000106
77161438000186
06555081000172
11683565000137
41748880000166
69625903000164
61234985016027
05464307000167
41484395000122
07679569000255
03420253000102
00247070000572
09208875000158
12986154000183
29810813000129
85293975000108
04575118000107
01232573000103
78439973000119
05491159000170
14460239000159
10404912000425
00656621000128
33961996000150
08299372000172
04066259000196
90747247000169
01784205000178
11899534000118
10789886000158
20689581000128
17236425000105
02791837000121
12270435001026
28686472000169
07600275000105
82647884000488
09182947000992
69611606000402
07675475000127
85102184000153
11472850000702
00497426000100
17740374000499
00025060000169
14728039000134
10422904000169
09527395000150
12124702000166
92295120000262
08728445000102
34268599000160
19376762000115
11013892000181
53659801000120
63475354000102
20943288000145
03920115000192
86449790000536
04143203000198
10571940000194
27694447000164
58226176000146
88212113054455
04652426000180
08638636000175
91587659000141
07577849000171
07170943007467
07651858000165
14477630000166
19350180004742
08963338000150
11051662000107
24230082000129
01784432000101
09194361000190
08808754000184
06211343000181
02987411000148
09296295001050
04563189000181
13569064002365
08486455000170
87145058000101
83283820000165
39132451000118
01640961000123
88212113059767
23714933000146
15787582000175
10550486000195
53078135000136
21217815000105
04906594000155
13930062000144
01613864000141
41232646000181
11365851000154
00804430000409
01764578000187
52931599000504
33014556100654
14456710000135
03900120000133
02671131000126
21580622000106
85281921000203
04389354000120
14324903000132
10680879000113
16729781000190
17395004000119
10280765001409
07006343000102
35298330000513
02135921000197
02898537000146
76117514000193
05432360000186
09308343000273
01687366000143
30069314000535
42063743000150
17507779000139
15847874000156
00073761000416
12086639000110
07060438000104
00742612000150
11835934000160
63254791000104
79964177001644
05828544000160
08782023000107
39071295000122
83660464000151
00398842000143
55647267000167
03735242000464
04296429000129
13100588000105
04288407000117
16435579000155
22888549000288
21830937000164
14194067000119
05285770000141
09137181000177
09023639000167
12532487000132
91247379000194
04595700000127
90420894000161
03718164000147
69601342000163
06057223029153
12118123000100
05923661000102
05073464000141
15289720000196
22767800000256
03962898000177
84635465000109
17745613000827
13681661000171
46080347000869
10850040000186
15748510000119
04126458000142
07841805000107
01366166000199
10631648000110
82956160002117
05215132002521
29133225000106
07315717000171
22268881000169
10183465000936
09221137000140
12361785000107
11425656000172
33625914000105
27046775000154
61585865191402
19329204000107
00360266000145
09442434000116
05904235000121
07363051000127
13901790000632
39346861002377
01646925000177
11518979000100
80094527000161
17531373000191
06267084000100
08157275000145
62545579002330
08754326000116
75993527000163
08928394000154
63401665000127
02907402000108
10145448000157
13722711000111
27920316000158
02530363000164
04767762000179
06129675000111
44865657000197
01081310000140
35420371000107
03964626000106
10723930000127
11206809000190
23422348000172
01293773000176
02919217000125
02229315000130
07953678013701
02167921000179
15007312000102
05692550000132
84502558000165
12810531000129
06205503000180
10629664000178
00391069000193
03105561000143
21552687000148
21815385000115
03793468000179
04527678000188
05757535000125
02356437000198
00576982000164
33041260080508
04540083000162
22122032000100
05410174000146
15587493000185
96319579000129
54187588000163
02859258000173
07434358000171
08490378000203
13923699000103
06134189000191
27850254000155
29909718000187
13671192000100
44244945000124
04387293000162
05382566000149
06132191000121
09453298000160
01985123000191
00515398000107
07444118000158
63772941000163
07147659000114
12909706000150
08347099000104
12321995000171
07874549000154
08377646000102
05659306000178
14164675000180
65124307000301
22435147000147
28259893000103
00899724000119
11061422000193
17281973000815
16687255000104
33438250000914
13884377000100
67720615000163
02012862002294
21938014000120
00058752000103
26584430000191
05469510000126
03448093000100
03023502000126
19605930000105
31306830000507
45007937005196
72774029000131
39641030000112
04707705000102
15101959000190
08337406000257
92215607000107
07326368000193
39346861042247
19387326000141
00449141000196
05963786000166
10013396000165
10333963000160
03498479000126
03383858000170
07145000000129
04591979000170
05259772000247
07224114000164
83131037000186
13616036000146
19956165000160
13009777000169
02371223000190
14157619000119
41988007000140
02439127000137
87322723000195
07563511000160
33532342000292
20761728000143
11579585000162
76454347000176
06184404000169
80221815000130
13475328000106
94267648000172
03001363000130
05865896000195
13937686000193
08949104000159
22170471000180
01885444000114
43259548000163
15864832000123
05692086000184
38469599000180
69021236000100
09372849000160
17151580000382
22711250000172
07154384000146
32609778000199
12378648000185
05467993000120
07350284000195
13166449000176
10587893000177
16904724001090
08229789000169
14308341000133
67200618000176
14856474000144
01687071000339
66206772000192
13566437000139
60537263053103
61329520000137
07375069000149
16844613000145
63070940000177
83323832000176
05679312000197
09005001000101
61585865074945
91095679000103
09298307000195
24059667000128
07906319000120
13987233000171
58331869000107
83240333003645
16830696000113
20262925000118
04788843000155
02019757000152
19273412000123
11774907000205
82858903000253
03499107000114
01116150000128
07243856000137
10662596000149
01046464000100
22652218000163
18820369000106
90460171000196
06886623000190
09379049000171
12125791000327
15055128000120
27644624000106
05771210000105
13386433000179
14641087000190
84042027000137
11141357000106
11126108000141
03331751000189
00435621000106
09142381000118
02898905000156
03709666000101
06998431000175
04168405000194
14452010000172
05956507000137
05742378000184
15687604000125
12863768000178
09477652003292
04013835000307
00754199000143
26592767000140
93923944000111
61412110051736
08942295000127
23111460000192
03783989000145
91912386000325
52060068000160
23273100000197
06321580000103
13004203000106
36809416000100
03693983000187
17670316000193
01273485000150
18672712000112
53027959000187
06950029000110
07559872000133
21438287000106
03679237000139
12816676000137
04320098000115
10843791000175
37543725000136
42836536000191
04136816000106
24521597000188
01008466000104
10922223000160
17623877000131
26907659000110
02762378000158
36846954000167
32345100000146
06188372000170
00172601000181
11248065000177
06249923000168
13887924000101
09353104000154
16113698000191
53162566000186
33072680000108
04883786000193
11405886000170
33053778000118
01807998000101
05745961000149
18605436000170
08070884000162
21169536000105
30068589000120
07187824000161
74222308000118
09466221000124
05684314000255
08449868000185
00597744000216
17191253000192
00471843000176
08801746000106
04779685002030
59970624002470
23698531000103
18726225000195
11662240000178
18537174000153
15550523000189
03140728000379
31556079000165
05402445000111
09489903000152
45563079000105
12777882000185
08637124000194
10469753000102
31804909000126
17487297000164
15725968000152
10500226000105
06115717000165
06935801000125
02221672000152
11167137000151
03740604000162
38146544000139
21602204000172
05431539000119
01602148000169
24857995000170
17985831000162
07721974000103
19300531000128
04666854000162
77716249000122
10397711000103
03286522000190
68976182000174
03395396000101
10491615000111
05058290000148
04136442000110
20521137000107
24978807000161
12759476000190
26102277000119
67742288000493
45284296000158
20876780000145
93065530000107
08613409000195
01665341000149
07761739000165
07388781000263
20385583000123
11318264000104
83573212003372
10578825000141
26529720000132
01261656000120
12471693000180
10683883000135
07796616000160
02145061000172
01339514000643
00307362000120
17256512012203
17978173000181
93050698000130
08475148000194
13024792000186
43693878000162
11510198000170
18633283000174
04607706000177
26943035000158
11465550000100
13020823000120
10806524000128
14661893000120
05855086000158
07818276000120
09109432000100
13235741000101
06787103000120
08666234000184
20223970000163
32253825000104
24687484000157
03522581000110
04623819000166
03725837000196
91973107000171
12877762000150
02374124000162
05952067000140
09075326000314
09160991000144
02647700000106
13678636000139
00101058000121
09336111000148
09565459000107
05419725000132
03272633000147
08381059000502
09343189000190
00869492000156
03412307000198
87414538000120
02881953000131
07055864000150
16980257000197
01827752000193
21105971000176
92665611009395
92751247000168
01169119000155
06376573000109
07569402000150
28280477000197
06060491000142
11100509000122
11043271000140
14770268000117
05961536000278
09205325000185
04569159000182
14911412000198
14481208000184
19719886000156
15522754000189
18544424000182
14747916000114
01527225000406
05576708000109
14725798000143
12419910000192
00252212000166
03197016000124
07984011000100
00706423000121
08835222000136
02270981000112
53561841000134
28258143000117
14281974000103
13836821000104
20598284000177
10253935000133
16898923000142
94804432000107
37556933000170
03333153000149
11618579000177
19778005000178
09000760000173
08445774000308
60201258000188
05931854000105
18883463000104
02461584000128
84461151000137
62152368000122
10648779000100
02924249000119
33310392000144
31348931000109
02938935000149
22966772000115
06238782000188
22728647000177
79964177001725
07957294000193
37523818000107
96832076000152
11488606000134
55851448000100
55774012000165
11632966000168
04165127000111
03044201001231
07806810000189
20754787000194
06299398000195
08989681000174
13435513000177
04219966000256
09312600000160
10862875000156
14259978000187
33014556047079
64553811000100
07170943008277
31669377000161
00682918000168
18409735000210
69042109000198
07940812000166
04189922000140
17383200000173
10753567000192
06034782000247
07575651000230
72154214000123
37624194000106
03116834000155
45543915023041
13649630000133
09640864000142
08328395000834
05078006000103
73554271000162
04143424000328
19569678000118
30096640000108
12212691000176
04699712000100
05901771000254
13569830000186
27056647000191
04369988000626
25250960000300
12661191000111
69896090001542
15775273000428
07733097000190
12345580000138
20067400000121
42822858000181
00481186000148
02145707000111
10236884000131
23785056000102
02323698000101
18605962000130
29943187000149
25263237000196
18849166000142
07473735006465
13187593000199
01321096000667
49692122000185
07332276000116
07698006000123
31458516000108
11268342000103
04899316019994
04631268000182
06771638000102
09409828000172
07470099000720
05926627000191
33014556101979
12946886000140
14051540000109
41597303000706
06342173000255
03269229000114
13535772000170
07385668000143
12716178000112
08329237000122
10379284000122
26797399000177
04583244000103
05652267000187
14111435000118
07154925000560
87190922000863
25149491000168
08491280000190
02399648000108
65329906000108
28629590000135
01682110000143
13107900000184
03995515000914
87712725000190
02888462000112
72123912000161
01488263000235
78220720000150
03895587000132
12559292000186
15794019000124
06186537000174
