14263131000176
76067172000144
16731837000140
04584085000153
33052515000194
04515798000165
07801188000116
14337022000156
23679213000197
15612013000199
03434555000130
03044201000260
41561952000161
17031788000104
08429710000143
09541651000325
08284191000172
10466400000140
00471578000398
05261751000185
15390524000103
00735152000132
07376967000111
07819641000111
13810220000122
00778923000179
33150046000146
01628175000100
12378565000196
19447343000127
19670675000176
05650896000178
10972607000197
07651638000131
13025223000155
02980238000156
13587748000184
03815512000102
05395089000237
18811840000108
61585865104879
76352103000182
16010431006029
41515099000141
48856090000143
06033103000134
95881900000100
27949668000136
87192373000190
03452123000313
02604969000105
06100908000153
03275089000197
22490652000194
21547048000194
10276821000109
12618990000105
07253999000120
09455998000193
04183015000274
10905745000153
21427888000113
88934039000127
04293702000161
04744357000135
18780254001450
20750188000100
04050383000163
07656590000154
02317640000155
03539178000101
10980353000159
00851374000463
38020616000105
61563201000191
42024067000106
17081092000184
93988921000195
02990117000195
09606396000190
09143892000154
41486499000176
26857138000103
12924333000196
05514086000194
17734109000155
07742036000190
04755438000211
06787905000130
63105266000119
24405426000193
02114465000107
05531106000135
70147152000105
11092878000110
03800599000136
08206773000130
20413924000127
84831478000153
31507809000138
03192806000117
17625748000182
12920377000148
13310999000117
08210699000126
21261649000136
22459523000133
72316037000134
87033544000138
77891653000132
21197893000187
14311101000198
95273702000155
03375210000152
07629920000112
08397911000106
08390319000182
40377095000181
00930291000117
13499548000170
03260124000102
02153055000167
91156471003598
05820356000195
89474506000227
05580463000193
03480730000125
12520698000155
02570953000382
06057223011700
01545045000376
29748852000143
05362805000107
18035470000156
24512635000136
03794347000141
31126769000184
18004478000155
08841511000148
02621651000124
24073694002956
07067287000116
19378769017494
08824171000147
22958490000176
13376116000171
13256491000188
25047168000183
06258318000153
05492088000715
07478629000271
07409208000108
07834668000183
04010834000139
94302965000182
08607666000386
76926518000112
29599817000100
07961363000132
10957211000170
91064378000104
14528745000132
17846180000120
07575651003417
09524647000197
23523384000556
07126427000180
14091891000143
14873185000153
03721744000193
07681392000140
00814611000173
07193864000116
59412783000163
05022145000107
75397455000353
24723780000166
07358803000161
05063200000611
13763702000179
09328663000104
33779976000244
23167323000170
81844870000149
84570407000144
03572854000300
20921646000119
04438023000133
01903605000155
71171987000155
16905836000256
08944074000279
78040300000191
12335875000123
14421919000163
19782360000110
95198495000111
10393316000144
54565478000198
11976764000133
12126058000165
00197153000170
12247788000114
07807900000194
05052456000380
42168989000197
05357180000187
00838837000104
00212779000109
13864646000169
19139258000100
01820806000431
25058620000102
39459839000128
11321606000145
00808106000116
60537263081905
08586167000198
03995515001562
82403965000190
00063960004279
05098033000130
10203064000143
89237911007315
07422423000149
04560797000132
20144580000106
00802909000163
03329783000140
12370860000104
03640467001166
72133762000177
12325051000172
45394046000170
11015504000100
83754234010629
08863523000173
16096912000149
17598446000162
93631000000170
05153965000480
02404596000110
23777927000138
08821465000115
23179936000127
13236462000154
69582757000307
02011506000121
22705490000164
08761164000143
07579629000187
05295195000168
00753783000184
93209765014843
20442713000112
07294058000134
13829301000174
95810800000184
02128816000120
38851127000197
18563088000115
04322359000136
25449071000105
56807183000106
07833101000192
02212029000162
34301044000173
10519945000178
19035320000105
18091442000156
02399836000136
07740777000131
37824695000136
10493825000149
15362273000153
05746401000290
02833206000128
09775313000196
40762486000381
41550112000284
08689609000121
01464629000406
16957398000199
35178573000194
02377025000134
63378384000109
01488575000400
11284356000110
65125973000100
11991446000141
04088251000120
12546933000168
05957599000170
17065295000187
00864805000183
13293331000109
66975277000148
07541702000121
07827099000149
15616702000171
92654607000103
11509871000151
15627685000178
08081137000120
11360316000100
29133195000120
07463700000161
14652825000103
17131749000170
01432670000654
07972173000463
06351917000117
07950456000161
73438590000293
03904765000144
07740867000122
12615762000181
17256512003646
06956911000173
41982679000149
00683748002007
07657096000104
72067523000166
08637081000147
08895420000195
03008772000168
17256512009504
01633969000162
17333912000188
17713477000117
04281529000181
13265766000140
10171964000156
18830640000194
04540138000134
65374985000160
00629175000162
20744844000154
02516252000101
15490044000114
97546405000161
19518608000130
19267333000100
84630904000190
01985347000101
72975295000122
07210229000108
10234608000134
01259683000169
52437126000121
65133266000158
81318867000191
10410191000113
05315892000214
02314026000130
00678362000136
13313217000101
67250571000155
53524377000106
33130543000859
39346861027957
05349336000188
37411683000180
03747702000121
31284938000104
29230614000141
05336082000163
73650988000108
07642875000136
40787079000167
14703589000107
28240794000180
04042314000108
08625970000194
17493472000126
02231948000183
03279911000198
19496543000170
06057223007001
42114595000156
34029967000118
03066482000170
08004791000130
06168692000168
15607235000113
02344877000125
13690014000126
12134084000135
01008713002884
17618091000126
07945806000100
05018981000118
00511069000180
20762655000104
13397064000110
72566508000162
01963040000878
06184104000180
14133772000106
05610771000114
05589620000121
01079271000147
10407791000122
03680794000170
05662609000140
14387640000100
12229493000115
06194282000191
01796969000183
33041260049503
10171815000197
19276848000176
02651781000100
33014556050614
09069461000195
84108620000139
00616936000494
14216098000123
63774855000190
20626036000192
09111080000127
04839787000130
08301012000168
07995774000149
33527201000109
11987045000118
11411195000189
16092314000100
08112670000101
10737689000195
20607421000192
04686645000180
86660172000107
17035495000197
12690705000167
07698180000176
06072576000140
10269552000153
05333039000144
93383602000156
08014310000177
33014556111508
37629995000326
08164143000140
01928075010596
24877896000150
08509114000173
18244034000197
05244522000152
02005520000201
02883892000141
15580944000152
04861119000100
76549096000103
05688933000137
02349328000143
20415295000174
34028316777221
06041603000118
21147879000179
21268049000108
04925570000143
14692027000105
24788085000182
10306334000222
13287304000123
46917597000134
12504305000110
32962458000118
37240728000109
22069520001599
62839741000118
04986367000268
07793561000134
26697540000160
34473496000132
02896671001503
93042497000191
42962258000119
03568842000132
01194069000166
43661032000140
04400782000107
30886128000165
00044347000136
00693727000100
33438250051314
03687718000196
16013260000131
05346037000190
07953728000187
10452227000121
07535863000102
17575576000180
93359040000105
05465627000131
02295294000151
04636145000215
14121194000198
24777027000153
11246908000287
01829861000220
88743828000180
05798216000168
10894768000100
96197108000195
14699549000120
10417295000150
10417527000170
47508411003848
08148700000130
11623188001708
81238388000408
74132002000170
10781858000194
08906573000190
05660954000144
03666627000174
30905103000161
24122426000186
05540534000124
21800326000173
09626589000102
63329189000180
44471407000334
03362244000102
20095991000140
18759068000114
36793883000181
12629180000154
02656341000145
03531466000454
04990563000125
22020195000174
14344716000110
00990544000148
10475979000108
04315062000143
57551582000111
07482735000148
20502415000170
13790094000191
19632116000686
04202819000192
09051300000174
00369749000100
18328118000109
12908666000121
74190471000146
05070976000154
20049489000101
12442422000104
14560870000120
26221774000136
24535577000166
05948244000114
67886705000129
09134038000121
03388239000250
70012521000144
05326221000178
02615444000167
79410106000113
09307798000193
14065791000142
32086274000131
93693216000160
11454565000165
79803292000150
09175190000152
33041260083515
02938216000128
15649697000101
05444085000110
20175717000181
10824203000156
18871475000119
92363571000109
01677695000103
07375069000220
24812327000126
04049497004504
05025625000202
05272287000122
26464128000108
03253090000110
23318868000130
01379383000113
05565390000160
16851061000100
08731417000136
01791527000144
07488900000179
15174063000131
19129995000113
05017585000419
04531915000184
18070011000103
03346837000185
07869901000163
32739278000171
13945149000195
41000290000150
19659711000109
00447821000251
15355151000130
05203319000138
01397530000188
03765147000160
02596073000113
24021677000174
13159202000122
12043140000126
07120479000149
06076115000146
16868155000184
94296175021805
01263633000155
02196865000109
14687255000189
10735562000137
06049026000100
10720735000143
28488384000152
21546507000204
33125659000123
03297445000173
02874602000101
12019869000167
18113758000100
10959308000112
00309001000112
01722021000183
01224021000153
11318215000171
03249438000287
01526672000106
08255619000159
03682069000130
03619147000152
31254922000159
13175864000196
33282377000130
27679455000131
08035979000145
04234801000172
22034465000104
03930791000147
17183058000110
15653035000105
23321280000135
00105470000110
78867769000280
15249957000143
17018886000101
11843006000147
03068150000206
94466430000490
41270059000268
47508411035707
05004758000111
05774561000161
12304925000105
35252097000104
01845943000188
13569064003760
09205564000135
41418260000169
07507525000167
47439492000180
31538416000191
15031604000172
33042565000190
54372222000164
23523384000718
14513016000102
77752293001836
16670085001399
26631571000118
13744353000148
90099938000101
06200481000165
01822442000186
13004510025920
01438784002060
21281767000106
03558148000134
63609788000158
08316084000421
46665337000119
01344250000101
04122433000170
22100001000140
71111470000170
08624088000205
09305962000123
04260159000104
79860318000100
82256561000110
08086917000162
38003737000130
24003907000172
02864261001408
91292987002083
07221045000135
20102970000105
03752344000226
41560004000101
04143008001130
04527501000181
73909400000350
13353858000181
01486673000166
13130053000179
18624186000387
07904575000188
61585865042580
07978334000183
79482121000258
17730127000169
15388267000337
93015006000709
24238921000155
33014556144783
11694119000128
12734018000104
78597333000137
18399718000168
69943686000401
10599057000293
14532954000150
09552378000172
88308499000140
01729122000186
39346861007093
08227719000171
00578062000185
05302587000107
05217419000385
56839434000134
33041260076306
17496545000133
04192776000101
01319079000180
03995583000126
10755966000192
03667416000237
10787659000193
03014188000204
02952798000105
18547295000186
04337851000185
10237888000487
14697414000126
11615245000140
14029979000135
02956776000105
05420539000202
11109654000174
02524216001749
27324710000123
12420962000189
22978831000175
18707422000248
05872852000192
01853078000111
07573569000438
00788033000148
00995044000107
20232336000197
11971414000184
04481394000106
10668520000201
12765662000301
02820830000190
05737605000183
06343477000156
25754334000181
10581358000109
09248454000150
05672897000385
09368930000177
03550647001157
44159333000133
13649146000295
93514206000110
83038521000165
30122975000153
14190781000139
09014112000176
13004510000774
39368543000100
08440584000128
17211205000119
42962027000105
19944199000134
05705931000109
15174464000191
31614210000101
37999141000170
37980059000101
05918915000102
05791096000177
10477888000292
02929067000130
12257630000397
18027002000130
88483573000164
11130064000123
10390636000140
26861930000123
04625030000144
19437343000146
09447235000109
10256917000296
17020004000134
12638272000109
08360785000115
33014556064160
06065186000143
00779640000141
05644689000100
08305967000193
10888359000109
14913915000100
41201138000136
19849989000130
05659692000106
14504077000103
07130303000178
07473735004845
09556447000116
01850640000153
07420156000170
08172872000149
78162377000134
12250630000101
15375991000830
03316302000161
05007710000167
11128166000104
06880156000271
05528105000212
55985006000157
08360397000134
89079354000187
01939996000168
39346861027523
06990917000167
82431750000182
93398055000182
03143492000162
09294267000103
09027909000108
97462097000196
09490139000135
09474517000197
04547369000170
01991039000180
22896291000180
05369074000113
07664783000157
21040209000159
04119970001133
01286647000194
14090641000270
24531015000144
17143513000154
16194581000180
02129171000140
31817018000104
03139910002000
18662990000199
31380033000138
23081151000117
01185089000170
05362218000100
64327299000176
11588439000101
60892858000725
76430438007931
82647884004980
19791177000181
13004510001746
10289177000103
04259906000186
00826310000160
26378000000113
10213890000416
17256512014176
10336603000112
14426936000193
14144751000196
15521487000125
25196190000195
31130537000795
21522679000159
11629758000100
15219109000191
15871821000170
06057223020520
34658468000190
07565152000180
02819090000172
95017307000101
25464471000181
07132904000110
07905236000116
04605607000156
01867051000188
15360767000280
03515153000160
09629982000150
03269803000134
02604612000119
03312137000170
05480445000130
01201421000143
33160797000143
11920202000178
03941576000141
04089570000150
09141786000131
02189849000180
20853558000127
08563277000134
27179753004311
01894213000177
33041260083272
13405110000185
18355361000116
94427853000158
29103538000103
89845176000158
01316745000127
16384278000140
11436928000130
01937635002126
05432367000106
10543298000130
02612262000132
88226840000541
09445238000103
86539418000197
05957973000137
06151502000108
17011946000156
90210626000115
03375658000176
82494030000328
18000212000134
07883453000152
33438250006955
04063469000201
19995499000142
13231916000102
01565725000190
12184759000401
01425044000126
04899503000100
05055217000112
16100353000101
38025722000173
10141198000187
04735988000198
00099971000130
80333305000154
05423026000166
08452854000110
33279408000101
96833066000131
86725884000167
80786460000126
01344541000108
07626834000156
16967953000163
09072520000184
02896671001694
09522894000154
95170247000162
02737439000127
06057223002468
35820448009435
08045858000184
18597940000175
03378499000163
07132002000183
05013115000134
08055926000196
08931498000118
15637184000172
32437881000522
96827639000114
05376340000135
18285358000173
05537429000217
26527763000189
94746336000141
63553671000108
12084003000130
74572363000138
81496929000155
08007534000151
05828620000137
07946103000198
19728067000175
05318549000576
13636865000190
03672426000180
00393315000146
15803238000122
02759315000304
09512326000172
31784585000101
07452419000123
23947401000159
07664929000164
01392026000195
07964537000110
04868336000121
61585865108785
07608421000149
02765466000375
04886969001568
11319476000106
87663308000103
11676959000168
01511719000150
03459161000136
16477226000118
02435456000290
04094940000148
30777627000114
10632502000199
03483316000170
12454841000158
18166962000180
10696503000105
09798307000316
37436110000100
10376086000105
13824980000199
12503812000139
08856321000285
27848290000184
12018833000169
11114284006366
05597607000114
07664158000105
09541841000180
05671759000110
00000802004008
08642942000185
03714291000178
79379491002046
11390479000136
26080421000163
04072777000112
29044088000125
42480285000155
03646695000171
01305052000139
35490218000156
12000196000101
17312441000121
45206737000101
22293137000114
19435184000140
29265667000106
00611164000155
09614738000113
75459461000479
05339319000160
26835876000141
03613961000160
78533395000347
03260554000116
13776564000162
02322719000174
15242835000125
05602108000178
57319287000134
04584944000104
73852873000287
02501119000173
94541828000109
19479386000194
08049125000118
11404177000170
11775359000157
06252377000114
06057223009985
31487473003880
05705590000171
00314686000195
28701951000107
88963780000116
15329606000142
05362120000152
13849072000150
06066529000194
03377406000186
10273500000401
10692455000179
05103655000290
88212113012108
08167461000165
27371961000169
73720393000181
08205740000176
03524403000128
27324810000150
11508445000101
13933302000164
06057223030160
40830572000112
13415369000107
96741186000109
11090788000190
04298159000195
03873368000152
02537129000169
01289412000318
25572074000123
03370043000157
05879152001010
05623099000100
04841834000180
09247618000125
13406856000103
28131407000177
04263897000105
09376645000106
90470303000160
14801529000119
04859088000152
14394901000110
07041138000188
10480261000100
00332661000114
02966602000123
93772929000110
61585865077880
07923555000154
02166456000151
05437468000161
10728637000152
05217663000186
07627158000135
08795679000164
08792753000199
06293329000174
04020078000129
07587679000106
02268356000217
22025648000155
35871078000166
08546346000100
11254820000207
08818532000142
19266053000187
17894761000137
18919971000103
00814313000183
05590112000163
23901371000140
31143966000101
32809568000578
00302007000249
10516758000130
01634673000166
26617206000159
14018745000192
23036421000178
83650655000132
16751361000100
00217719000189
06276351000106
06114976000171
03379570000122
19766319000150
05500255000137
50704675000190
19193806000171
02892706000130
09636240000151
07445786000108
09266730000103
02503493000108
14060985000317
00527615000170
17050614000180
11549713000125
13413497000111
08246143000190
21428816000271
00675293000107
01462261000196
03859379000188
11479625000102
01025830000489
05501931000197
03941245000101
13799101000388
04300777000122
05230445000181
05929913000291
86659786000179
95274007000108
41390618000192
08362815000122
04584185000180
07942131000137
13299943000109
05214049000160
14406076000126
76080738001140
02859170000151
21421717000187
25421804000195
08596674000102
05646228000177
93015006004534
09527586000111
03579997000174
13410177000108
11039897000183
08719226000159
04278197000186
21921645000218
13032301000149
10487160000160
12417588000162
15281402000189
06062742001019
17185141000129
05471879000416
11909275000169
02817779000249
04262363000156
01545891000124
05909906000147
63503007001118
07474973000101
12702674000117
10406907000109
08360866000115
02617136000170
01272434000456
03568873000193
03302004000112
00361669000109
47187505000170
08296219000191
17392263000196
11468381000154
00655611000178
03091495000108
14478956000108
07137298000125
01768212000186
03833839000107
18269007000179
03679721000168
03406925000125
14450898000104
10346172000175
22231369000490
06228769000148
07314720000170
15009798000100
08048785000184
05021774000112
23684210000141
61656765000179
01637728000191
47427653004102
14439016000100
71448047000756
32039802000100
92522333000107
00608401000129
15814411000198
13100725000101
17489138000107
00657079000128
35765114000107
61084018004796
85275402000151
12945445000123
32988008000102
08040452000109
14574404000101
19356275000190
92974690000289
86913951000177
76509041000170
04358604000165
11696242000269
20794996000161
18771472000103
01702550000115
05546317000141
11507744000113
08909973000150
40968588000196
17350308000160
05991720000180
23729877000113
93703239000109
04962678000106
32755928000172
07936093000100
33438250011797
24973895000109
18023826000131
14213658000196
04309841000136
56067705000180
03862767000118
11296436000196
07042246000256
00403272000132
25129821000153
07807611000276
02485501000130
49133549000143
09285994000104
03723008000174
94552494000160
20218207000144
16063075000151
47508411013991
14215809000145
14344629000163
15204929000100
08287673000186
09060520000164
11489716000110
05086085000196
02610652000173
73464315000163
68817287000857
14851845000103
23448015000112
03412714000103
84519883000130
11358234000121
24020488000187
27022557000180
09004686000163
01199880000130
11828593000103
04209654000180
03801720000144
20129748000104
29764461000112
00982933000121
10576777000152
07893601000110
08881623000122
47495437000107
29708078000147
30497531000100
10868144000118
00213618000130
14409806000142
14974361000143
31595296000164
00708092000320
86956661000100
05895811000111
12457668004724
33058910000184
01342246000104
40817926000199
05857436000115
05297654000142
00191498001512
03583836000154
10339629000114
70309653000132
06284341000112
42873091000381
09559750000172
47445317000103
18968833000106
07552199000100
09362863000183
19805195000175
01938002000270
03976319000145
91889337000157
50654383000190
02248731000186
04014040000143
03444274000168
05155591000270
11341958000162
12538602000186
17695813001460
86896529000150
17615848000128
37432960000130
33014556074556
01616759000166
14622930000949
04277242000188
40395162000190
10793645000182
20297813000100
01886206000123
01081707000132
11840301000140
05612625000128
12751724000156
01290640000146
13465897000170
12451688000105
04326847000111
08309266000122
75124156000183
06057223026642
16907970000105
02977258000178
03982623000103
27293158000153
08796608000267
00406034000180
06035872000171
55202790000180
33032442001736
07121921000151
02156962000160
05735054000119
06108475000182
16455598000143
04437401000164
00263380000157
17102549000190
08064835000117
13462169000105
89431209000202
03035781000490
05671525000172
30411824000115
01077816000186
08882469000103
27002253000150
82396557000158
10600442000122
47508411144310
00075089000155
09664144000117
04944915000106
20497546000107
24962753000146
10352251000199
16748061000171
11458550000175
22063904000107
14201773000140
11505172000133
75796649000160
09433774000180
09598643000153
04571587000220
72106123000112
11886673000107
01405583000101
09177505000109
47508411003414
02040313001170
02695358000101
05928523000116
30250575000123
05029817000106
73993362000102
10340846000124
31639834000175
03039424000158
05793256000117
15353064000143
15453494000137
11281901000115
08342236000118
22124330000121
07722769000162
29180314000103
08059536000194
19324150000189
13631353000212
12864109000156
06113974000168
04071068000112
14999415000125
94854718000199
05921425000157
34350355000122
61936522000518
42409789000189
38690459000137
96331145000144
15913572000139
09573852000142
25057029000130
03475398000100
08083561000103
10918939000193
00595173000361
09252522000155
13901885000141
11701733000170
00532464000149
11600491002929
04245822000193
13569064000745
17247284000207
02234943000961
08139775000154
02980314000123
27644641000135
41738691000102
60501293001194
10609304000104
05910797000188
04440332000148
00830039000136
03854966000184
12201341000104
72713068000129
10816777000182
21053524000110
02954216000111
29307577000122
02728911000165
00278049000100
01476821000161
10223325000197
84308980000931
02275954000132
10313738000162
08197373000106
11294052000134
02588052000156
12744531000178
38875597000271
16703434000198
14361794000123
01011209000113
11726521000651
09407236000111
24710124000129
15598064000103
12091480000122
61084018010419
02399607000111
28795656000167
87754255000128
16519015000281
10758937000770
11117785000284
05813263000133
04810098000101
04675030000159
04228184000100
00233246000103
03426205000121
22644575000180
23864374000150
86853256000167
11366778000135
14482486000156
04013731000122
07417204000171
07718845000166
19451007000158
08695187000105
34247635000100
51330132000112
20241837000130
16906759000178
07492304000162
02308408000150
03161279000183
07868468000141
03685001001004
84590132000100
04618552000119
13268419000170
06272541000155
07099912000101
10669402000137
35429133000162
02904880000156
07473735003954
33438250020435
27470521000169
66478876000156
08839644000180
09286085000190
03346789000125
11233578000104
94673480000103
05096057000150
07381526000108
25035527000182
82332735000187
09441306000158
06996951000149
05855311000156
14136368000196
05543471000160
61365284010924
83521773000140
09455325000133
12936957000123
08937190000180
11622098000135
11807582000139
14314050000158
08697211000137
15768654000137
01592140000169
10702768000160
34960716000152
05453233000244
08632253000351
06626253087176
17970645000150
73697021000181
08735891000136
08764526000150
17887524000149
04276532000298
13171582000110
36999985000158
11440613000166
02367462000177
12245630000105
09186276000180
07364365000225
21591785000194
01004835000182
14638990000100
14773596000177
08431009000169
09027878000195
16584493000194
02463831000125
94660727000220
97548586000165
09019454000189
83221390000157
09524595000159
32560393000184
03476811009450
02345144000105
06959576000167
03107318000164
42018952000182
04991259000100
01046325000178
21087804000140
10748795000174
72300593000112
07717953000114
17698383000116
14844278000150
10015590000180
20014042000199
01024249000108
01152787000170
02407847000110
11433068000180
09425787000108
11551159000110
29148533000105
01938746000103
18055069000188
03487823000181
07027890000174
02941108000104
08284630000147
05647855000122
03622479000196
07524687000103
22868528000110
10823824000115
08998626000140
15276247000102
10387136000150
33130543000425
26180498000105
12566148000177
82858903000334
28890267000110
01301913000100
26725229000187
33989112000176
22081669000279
01623564000143
83817858004672
07415603000101
16624611008800
00358220000191
11686688000121
05087065000130
27215913000181
06637067000118
15335168000125
02558157024347
18425131000186
26338160000139
00817715000131
10198478000121
03202701000100
08588852000153
08715366000400
02586760000158
10832917000106
02459406000162
86777711000192
12060798000146
07165991000101
06324680000185
10531155000108
14840091000269
42417428000184
36312064000175
11502319000131
13118219000131
05559334000202
70033352000129
07712792000176
88124375000619
08601774000180
05480640000160
05684445000151
12911882000207
06865628000136
83648477000962
00307876000185
79379491005738
03928633000314
45543915016770
12836643000159
04162070000105
00970300000101
08065092000108
07421256000111
20708755000152
07298070000117
40445686000149
20879702000102
03904081000142
09267419000189
15043905000116
84631209000143
02503465000190
11384065000102
02161781000121
60332749000168
04117720000192
29280255000137
93648517000172
01003110000412
