09436511000125
00500204000191
20768035000182
87013447000183
10794627000115
25228059000243
65094724000197
02015731000136
06957893000144
16552677000172
07160396000183
01928075013188
08815005000184
03590670000101
20955670000179
00386605000162
19938317000100
24195601000165
33130543004170
17361299000102
11978278000154
11786871000107
19315059000105
12002257000161
18208217000157
02325668000134
79964177001210
15559072000140
02343095000171
07841966000524
89691059000187
14675455000111
00931268000147
22532426000129
01074477000184
07495518000192
05815041000150
06108817000164
73502262000128
94218781000309
71961049000825
02112603000100
19227477000132
20031149000145
04275741000136
01005728000179
40511529000194
01751730000359
21558243000110
16593945000102
23932340000156
02551948000160
01532506000104
61963054000147
07026076000135
11374101000149
18030218000154
63473235000625
11398620000147
14797085000195
13441108000323
18996840000111
13330999000189
12027138000163
08638750000286
58313768000103
13093744000140
11113733000159
05366403000172
27457415000579
03977779000198
87550422000119
05975694000368
04773588000177
01276040000123
09034644000175
03288313000185
30278361000165
06626253055800
01491410000145
27913046000158
11881138000163
16573589000157
83240333002673
25370391000167
41277021000136
35555564000256
43764620000100
12951981000131
70998224000110
00875251000110
53421111000138
03060727001043
00291784000588
89993919000137
04504215000109
07903481000194
00504157000154
00700953000162
66534488000145
17267837000102
09687459000180
16826423000103
01485423000101
71063630000587
04039241000103
14651389000140
77867877000109
11322675000173
01278273000165
11394146000185
09541524000164
17713959000177
86612173000186
10890236000102
76487032003302
00011122000183
03515130000155
15089919000170
19035494000178
02558109000336
21203745000128
25442773000159
18767566000109
22139551000173
17677209000197
04098359000102
09310264000116
33014556055926
09111832000150
03436957000173
09415886000290
05559137000102
18564052000156
09007387000182
58762691000140
43283811006190
27171883000400
12468902000136
08969578000162
26254113000107
08667671000112
17314949000169
06948769000112
07905238000105
02479073000133
20872544000150
26854062000154
07549725000182
21333616000154
08944752000112
18518006000110
00699211000164
83307926000151
42045153000103
10533190000166
27898337000114
20030046000160
03553730000108
13615717000190
89109508000136
46363073000149
08197731000776
01968410000436
08484563000104
02581800000179
27750351000176
02874766000120
09245965000119
03820904000151
03983837000196
07677578000126
21490460000115
17408584000131
82226440000126
17012985000178
06115840000186
02973724000147
24617499000149
29151628000170
01108140000140
04835724000106
02473134000155
27545706000195
24401853000101
52558418000112
09455147000140
06067041000181
00859719000182
03450959000117
14560548000109
17004126000137
00447821014635
63316905000195
13734370000102
12927616000191
09044144000114
16920620000421
31052046000188
23955231000154
54375647009000
06075037000165
22153920000182
14626526000196
08759846000111
02108951000295
20778483000167
05391256000190
22239473000189
56642960013600
22401902000172
41304205000148
24022334000124
76790898000100
03035323000109
02435736000118
10792851000178
04422293000156
31451867000197
03384888000100
44916559000131
14481715000118
05247910000510
14078200000171
06034631000299
26578880000171
13893691000141
17976684000164
09296790000179
04574952000170
18432445000106
29868239000160
73664757000153
14541049000166
20385449000122
32296378004400
01081154000118
05042501000154
25333036000118
00246607000156
81020281000146
14872304000153
02217709000179
17997479000932
13146095000106
00441133000101
21418269000162
79379491011037
11790158000129
12488141000184
18033314000156
06969583000140
03527021000158
12453175000133
61585865189173
10405787000125
08538178000100
33041260082209
05210064000130
00849090000190
83350785000150
01180106000187
33274218000193
43342542000155
65846404000146
18272204000147
08920628000460
75006999000185
01959020000157
08385216000124
16644336000127
04565834000103
11465746000197
13074436000177
14317111000130
01484784000133
12979756000103
13005527000150
03102735000114
06310988000171
05197226000148
09012174000149
20654025000116
12800694000120
17801587000645
11721816000120
55422984000190
19997970000131
07202427000898
11416730000194
07470099000134
05328152000131
17734330000103
87211553000171
13694698000134
01421359000103
65927139000120
02635441000195
03749110000149
11462048000138
17226232000599
01034825000270
85392199000101
24431749000151
02811356000130
08294229000198
24129113000150
02456842000188
08568997000192
01355595000160
13398126000108
17348259000392
08078978000188
33280844000192
47616677000112
11852196000169
02157205000100
07768637000171
06177108000130
07351751000100
21379278000191
03125830000133
01773102000102
14772786000170
66804048000160
43648971000155
06098672000168
05828947000109
04737552001371
07425646000160
15911324000159
12130921000158
14270312000120
11673071000171
14695221000136
00447821009984
07920782000126
14537911000167
28130089000120
15009525000165
84659879001220
81571325000126
01711005000357
00362482000120
15713350000172
74446949000156
18075410000167
02969030000136
04358010000154
15823366000138
19348261000125
37505757000309
11404603000175
12061414000100
93181642000115
17385419000101
05792301000119
07910196000109
16458263000189
09154638000151
41514910000170
05301323000139
80092232000156
05526508000141
25527805000119
07488577000133
11866590000156
07045799000181
08744756000157
05122770000120
04239536000115
37525367000139
15043418000153
03325373000120
07203362000129
10510829000198
08898206000192
09223846000165
01408367000101
12405197000128
84036771000129
00217836000142
17070962000110
61084018004109
09586394000186
15541402000170
07755955000106
09512001000190
29234535000109
68129170000104
08505530000101
78433836000177
07682493000136
04514320000110
08722864000129
08302787000158
03476811035370
24484511000194
25877119000178
02841970000145
05851805000162
26566594000196
12645178000179
19788101000105
01754239000462
08284003000106
30099006000129
06032407000187
23470420000137
12425004000281
14483293000110
71221600000128
01438784003201
83335075000150
08817357000179
81304677000115
04576118000113
07255021000105
03314162000192
01644322000136
10632168000173
10407871000188
24987653000174
11114820000120
33326042000176
00356823000154
16804455000108
00508070000406
53247219000156
06081837000199
07762772000100
20157038000341
10611287000140
00905255000101
49914641000302
10707411000175
85299808000174
08903456000173
15410512000101
13495064000233
03997559000126
01559046005258
05509916000195
72191034000111
00481679000188
61585865203346
13070138000109
02986295000142
10233178000136
12282201000108
19853111000179
86784006000112
86188604000129
07237083000186
11335495000126
27824791000120
28570587000193
26681007000100
12645071000120
75270173000129
17292625000177
13759928000104
17718156000296
61069373001509
08244396000477
24760816000181
04247793000107
27827591000121
12299529000137
06303704000110
00890438000192
37188752000138
10826756000148
09459745000198
03997836000109
01595126000119
32296378001223
22124093000107
01730958000109
00192116000170
72908353002653
03723586000291
21742653000116
15204725000179
15193882000126
09720826000108
15462595000174
04869074000110
06230895000137
13519310000240
02619552000370
03172154000159
02227427000233
82508201000169
16783593000140
18758301000144
13492304000165
53503272000170
18795242000184
13521638000110
04555879000199
05833468000180
32237521000153
59628578000130
16599472000142
07473735010144
22320715000164
06626253082298
04672886000170
21919726000100
05408030000155
26901785000167
11810567000140
66526542000372
01684241000160
10328340000108
95425542000384
01740627002861
07829392000145
00355121000156
11634668000107
08916831000110
23525060000123
75107912000166
06656656001891
22148708000127
66941758000132
05966955000111
05379113000163
08394192000501
09516312000127
25173669000106
19861867000160
07485646000155
17359233001400
31049687000183
09486405000156
22334270000171
09085717000824
34614354000148
02094708000184
39276522000156
30339798000161
12291281000168
15332407000193
11205909000100
70169545000101
01693953001036
63004030005902
00824693000137
05007342000157
16584439000149
01796597000195
10958279000174
13799292000116
84409705000157
07170943007548
09320450000136
09006278000140
19213260000173
02699332000131
27671843000176
06142370000140
09421935000892
07566994000319
06159471000123
05257504000105
11871061000221
13041296000130
23078830000137
06523377000101
14014949000155
09912095000194
14735577000156
04408593000180
07486584000104
85469369000109
04227439000102
07976147003003
00692119000172
09390144000176
11166412000112
33438250018376
06156308000107
20376186000195
22160093000154
78152493000172
05887767000106
89508931000532
05446095000195
07140276000203
02648056000182
05149698000206
02720249000105
93209765009769
20139055000194
11036214000134
05568813000104
09186089000105
14577380000136
08279751000109
10803181000148
17128499000110
13709196000130
84482595000159
20880378000134
00014704000113
04400307000130
19138026000129
04810381000125
26555045000116
16825549000155
03706592000150
29300997000187
66380544000134
02407026000184
27878827000159
15786869000180
05958416000130
12669803000112
23762552000302
39281969000113
09586463000151
09224683000135
08623980000190
30363965000100
34016618000161
06228954000132
75816603000165
05916036000567
10548541000102
09259583000144
14751295000142
18349985000120
04769919000103
20841771001000
05055491000191
09296295001301
12497470000434
04239342000110
05265819000102
00670694000174
02339377000103
18711930000119
00118912000162
04623621000182
20417808000186
22071251000108
19705186000102
27040095000123
03664813000174
36773091000307
27107796000132
09098872000109
21803974000183
10736730000109
01790859000104
18275236000104
03978756000106
71660245000193
13093320000185
55299440000698
05254571000176
04705263000157
04044684000184
13417539000192
82827718000382
15399465001610
19750919000120
01716186000142
08337337000109
18425518000132
03705630000150
12794201000197
03421926000149
31334807000194
07790410000122
84584986000184
05341414000106
17352088000103
10196946000129
03819272000106
03201601000150
03474759000102
19044559000141
22395790000194
04771864000168
18504127000103
13184039000158
20739844001480
19580052000102
03387443000175
55239230000108
11570727000120
16694574000228
10789171000103
13280182000143
21597863000168
00372383001010
28060362000278
01535520000161
01674104000144
18620812000103
61148037000156
15753979000146
00709559000195
05639788000102
06175041000103
28741171000190
41625062000257
18087773000112
16638727000139
10404319000136
07702951000151
19311511000152
72338437000140
10791014000124
09378429000191
18628648000172
14006175000110
07107064000135
58468430000112
07009617000117
05441578000105
01457686000107
07810688000114
16885234000101
03891283000105
63520985000104
18719436000109
04172204000160
29030659000172
02905110000128
61585865022635
11756866000143
05023878000247
05833267000183
01161324000174
05808985000108
03544274000130
04376244000124
12015463000106
26104611000173
09084248000152
07530069000176
11174876000170
71469803000138
10862630000129
02057082000136
03995587000104
86984606000124
08147549000115
19972451000119
10789980000107
05109019000194
15381339000152
06937366000178
29793429000165
17751126000109
20792654000102
67015354000180
10638365000108
07547056000100
11985558000190
09236786000115
01008713001560
76487032004546
45992468000300
17936868000109
61602199017350
03655538000122
71901102000126
14294521000103
06889457000347
10726615000153
18328118002900
05607813000168
08296771000180
08464964000100
11845477000194
24163790000194
91257998000160
07769840000162
18556721000148
02173699000117
82368671000174
11121309000156
31449135000162
00727172000161
17207440000117
13350559000193
12337358000193
81554644000204
19980648000108
28858491000125
04262320000170
02212937001985
02740755000158
10342850000121
07483266000505
02800884000194
25194211000133
02758853000112
17371812000146
11567948000140
01715509000183
09116868000126
10385174000173
04192819000159
34028316667477
02340825000938
05081777000141
10651703000133
09164951000251
08464131000131
03860625000111
08432750000144
04059975000227
05483736000181
01134726000180
11940481000131
02779669000159
05244723000150
87914719000116
16803220000193
05382206000147
72104995000141
17126772000177
10171782000185
13353586000381
10772559000193
10741076000121
66899998000116
12723267000196
03953506000103
77061109000163
14699655000104
26986979000102
12333923000144
19450815000109
20222886000125
07367551000137
82288234000140
20407925000169
17248295000112
00700247000110
41597303000463
11394679000167
14684318000143
32838716000159
33596446000180
12929043000135
37216611000181
29947611000123
07631068000118
18771288000163
05810901000162
08032180000103
01111425000130
18170570000195
00485057000128
00534418000260
06999349000165
14619126000153
11299804000150
53544029000109
24444317000185
21794967000162
04434482000149
11094152000117
29766847000163
17745613001041
08679406000154
07724442000120
09079060000116
61178422000146
23363951000120
05080790000186
18783160000110
30381073000131
03560853000176
10827666000171
05413150000140
14141958000107
05762856000118
13836721000188
03169267000103
20534492000102
02869303000170
05059645000113
01611929000110
78343365000106
15491434000532
12341216000108
06340408000199
84025048000144
15718704000171
04928734000196
10500294000174
06255302000197
01711995000161
10218081000154
11575911000163
80803455000184
03622257000173
09487215000153
60501293003561
19408335000171
05446471000141
22268932000152
44581056000152
16554703000100
13984666000173
14803978000287
61585865024093
26425132000159
05867856000182
80786031000159
02366416000153
06926049000156
04026685000104
39548359000133
93578607000134
34028316108907
00533189000188
26947345000140
03642988000180
30166354000171
12205696000171
04508872000116
22627523000103
64406770000111
47853981000183
13726937000190
33277138000191
02640254000280
03798202000119
07681625000105
47508411122774
66355413000105
00122418000171
05749224000114
23009768000121
17273954000170
05968936000124
15531633000101
14660400000138
10591290000220
09581126000171
04714603000106
03601062000147
04181291000112
03505742000167
02223435000120
13634077000165
11628195000135
15408038000175
05729222000244
08684509000102
63383178000189
10208671000104
08147157000156
13029660000147
10538301000127
01097157000140
03242102000101
84866342000340
10926908000184
08658696000150
05216772000189
08030363003369
98042120001632
22691359000195
02144752000151
05699679000172
08262995000170
42907485000141
12810621000110
77883684000141
18232223000140
12297833000145
06241132000191
06887668000936
86739737000146
18318310000114
03363229000189
33658691000174
23508958000193
05343774000139
29262672000157
04562749000183
15783756000121
04139782000103
23839097000126
05494999000196
40302622000199
01097437000158
20014693000189
07573569000519
19119390000141
17059112000110
20402753000130
27487214000190
11517464000196
09445713000133
77720530000139
09343093000121
83650812000100
04855065000170
17714886000138
27020445000190
03344312000100
41508102000361
18844702000117
04652372000153
17980500000130
19439208000130
05521190000106
10339764000160
11576071000153
01035797000125
07582357000174
29089925000132
03439978000142
71322150002375
17281207000184
08547432001010
08798754000140
03720882001120
02884314000634
03836671000185
89252050000170
05401458000176
05896883000183
01048869000179
05676973000169
20745355000117
05684913000198
00842796000120
02487690000180
21088451000100
42237016000162
09020402000203
08252374000297
05813942000102
02674088000233
07167684000160
01226797000102
05692294000183
08778948000184
11341209000135
15579494000188
84125962000167
00262923000111
19925416000149
02420720000131
00400560000133
04810500000140
07582120000193
76724640000106
07912701000146
78272937000103
36305670000163
93277564000157
25048952000106
82131707000100
08683885000182
33999319000121
17006537000404
04353732000116
19829925000178
47508411100703
18293971000132
15311215000109
72974454002622
83899781000125
25963695000138
03842420000103
14693991000140
10915005000106
01477183000284
78111267000143
01757122000190
30613054000193
08172366000150
13091072000133
03890724000146
36201341000172
03296424000133
12976158000180
08489275000142
04110674000108
04269754000100
11711058000160
14700047000172
19165490000104
03666234000160
40576761000100
20127906000189
07432372000136
00146461000258
10698992000126
06997088000144
03042513000153
05152628000126
17160217000161
04202351000136
07320361000164
16189813000292
05796360000165
37886686000170
11923776000108
07233049000133
19375673000154
07033212000114
07922353000198
02764307000194
10378960000143
11848676000156
05014859000173
92395110000118
02637447000100
08374832000180
42875187000117
72329550000160
00056500000145
37838398000140
11801108000108
92665611015107
19208333000139
07048246000182
05953346000128
20904256000130
36317667000160
84429810000409
91737551000198
20200187000184
13437500000137
05487865000148
04632746000179
11702161000143
12054815000132
11952516000152
00981788000326
89237911005886
16670085027940
01569829000172
18226869000114
41283904000159
63609002000100
12372601000104
95070827000188
17488112000136
04867268000186
07000832000157
07635781000210
11624495000146
02470780000169
14381941000127
04393541000188
34760710000131
20497924000152
13486267000182
21286382000131
05241660000188
12453131000103
91481499000151
40333833000199
90380346000155
05979855000120
11073595000121
66430182000149
02548434000156
09272318000104
14590439000126
03552047000156
21591368000141
02347049000140
13106801000188
11228263000179
04017071000158
14442739000168
85490746002399
05962427000194
04126326000110
83261420001635
13244792000191
08547432000552
19072777000190
29300605000180
45543915000939
55624498000155
02350342000167
90929787000163
97535533000100
88212113049451
28580702000453
12638310000115
02466424000171
15489268000106
20299039000169
82758905000190
07460598000140
12888586000151
34177030000513
86721354000140
01110428000150
05544090000103
27848382000164
63563266000162
45543915030412
04313302000170
24953614000156
11817678000188
01390442000405
08583871000197
25836883000103
07484642000586
18315073000138
11298785000147
03041204000169
39898390000102
02427639000183
08309157000105
41057571000301
21281967000169
68832542000164
00874113000116
04290969000103
15469997000109
09062882000275
12397383000162
13772268000193
57687022000199
05911411000152
07690100000136
17359233001230
00876539000109
16678497000131
00811545000188
15789241000139
02570953000897
08510133001000
01764394000117
06178721000172
02019067000101
03568399000108
19332698000170
04356309000846
19467943000157
15493325000120
18708575000129
02602102000102
05307341000128
05189129000103
71181556000170
03153298000168
05741576000123
13423817000114
19667919000161
21782427000169
01815444000148
10536310000189
23069651000648
01734538000192
00845037000110
03594541000183
11672257000297
09465707000148
02185969000100
03373351000136
04871795000164
03583160000107
01294927000225
29637810000135
15666380000175
04771565000123
09188693000162
06788262000149
00353272000175
07628702000163
07237979000165
17652506000188
06376935000153
17992629000168
21669759000131
10631670000160
47855424000100
09344201000504
19002210000147
38618963000126
07504590000139
05689970000160
26761511000110
01077902000199
06043616000126
33692195000137
00857494000125
07462189000183
15001544000145
93209765011909
10663466000120
04427404000117
31525637000125
30781371000119
02306033000190
45351129000182
07392479000106
70090212000192
07052085000109
08638813000113
17256512000973
81219255000141
06057223001496
61647400000188
21267840000195
11517331000110
05125644000120
05898365000107
01387686002393
06290661000185
61585865112030
08244396000396
19253000000121
83240028000557
14026859000184
05239273000107
89470462003878
14658520000109
81630246000149
00558799000136
18659414000192
03065228000158
47508411158701
00354632000153
01197276000174
00016968000106
02767208000166
13330163000184
02377964000189
01432068000102
00612686000171
36512044000148
16802436000134
17762634000184
04980455000171
12537440000161
00811785000182
02997547000139
07781007001028
05088294000179
09363253000102
09237167000145
20868322000164
07900409000103
82804634000161
01906836000112
07647042000168
11258475000107
09423814000103
15883291000180
03920161000434
02076308000146
07866695000138
11734786000197
28721076000125
00663292000142
06893809000176
07631680000271
03524271000134
03655789000107
54855259000143
12643915000102
01578944000103
06101755000240
09612683000102
21082063000104
11458714000164
02558157036434
39383377000102
33103144000122
05154589000368
08184537000160
09327195000153
01565208000110
30057732000260
22849900000140
61078796000602
07518530000175
16890973000183
07035047000130
01722901000311
75795716000121
11791275000107
17543675000180
17320408000143
12733092000106
92598812000107
00063960001687
18127175000120
91673566000130
20444375000158
21444085000177
02237989000187
08722662000187
04560808000184
10844005000154
03815455000315
32921132000142
89237911019160
92754738005636
16988524000172
21519012000105
04610901000156
10740842000133
78842085000142
19868520000149
00316465000156
32440513000100
03608988000164
10307243000201
11931451000169
08843149000144
07455952000149
13271809000108
12087956000585
20452157000165
02255477000143
09494491000149
03224166000180
16010431009710
04695002000101
15186930000159
20229010000100
08294822000134
06871995000142
02672216000129
33381286902279
34904722000192
13004510037422
06096307000114
10858285000150
92913383000107
33122599000195
10891833000143
00298976000192
62984885000168
19411545000119
04238014000107
37977691000511
05278391000124
09088153000298
14161813000178
13092125000211
36851376000157
13338820000130
91449660000100
90362138000123
98338072001624
35494616000140
04797754000175
06230662000134
88153119000900
01598429000195
04563531000143
77134211000141
03962490000103
00722636000147
06676902000129
22290110000178
25422000000100
11539528000150
79063764000186
52594843000167
87402756000145
18986315000115
01607753000122
80645286000100
24466310000164
07211416000106
11114284009705
09606770000157
78600095000171
85244168001177
32179822000410
08723833000192
17740350000510
88441050000155
05054671003506
03492878000180
11211150000160
04266263000106
14022841000104
10718630000150
14822636000123
05518819000169
01431555000150
18780501000101
06626253071687
04598629000136
22871234000147
12763883000170
17964022000174
12039866000195
06113361000120
07873136000236
06540320000110
64186372000137
02201856000150
07687881000100
01759987000195
04536481000105
00383221000196
09143491000102
11129199000179
81123077000150
01534080013378
13059199000175
08434381000129
73096745000170
03870991000151
05650343000115
13444578000189
05203359000180
00184938000109
03028906000102
09494196000192
02034889000153
24538753000385
80864176000120
11182835000126
15107087000178
11959344000149
66631680000150
12321391000125
44577013000101
15217705000132
93360394000170
26072702000174
37994092000344
18024486000163
16590110000190
04751729000150
15668179000127
18146780000148
20400366000165
02840774000156
23463268000408
07473735001900
17198795000197
21676301000100
14087184000183
18290304000104
36779775000154
06946252000356
13406111000144
15259323000171
17328580000143
71909410000106
00706764000105
00071880000197
04231373000124
00210438000102
09543819000170
07610363000198
10476929000145
83582221000142
40778920000150
18284336000199
00062044000146
02696844000144
61088894003980
03223161000132
05882351000197
19402265000144
82516949000375
76430438005998
25213515000109
73235848000173
21196842000130
11326685000187
00987647000159
02571615000101
01932338000144
14341908000173
06931646000179
06212686000160
53359808000126
45661303000193
04988038000175
06955350000198
02821951000157
15652621000127
13468309000152
26189985000139
27688263000191
86525680000182
01475599000182
11481272000177
02434800000308
19095604000197
00195725000930
43158302000367
25214556000101
04452798000163
33398124000126
08147842000182
07403658000193
05775940000176
02322478000163
07857353000151
00794552000119
03312455000130
00829153000146
14936158000182
55511703000176
09219134000172
12792188000137
03685821000105
04049471000145
10922968000129
49240328000174
09417460000194
06345408000181
96394945000104
01837816000137
07174179000142
08630965000170
05214053002415
01082551000104
01114994000130
12421296000101
07463356000100
82426222000135
41311770000132
20815998000190
34028316577052
11506395000115
04878038000112
18336450000115
26260034000109
01343725000145
23730857000162
21411338000106
12931193000183
04103177000174
00835900000159
21359284000187
14338304000178
02008977000180
72166861000155
94494663000153
92665611017223
25262162000129
03003667000136
10213268000165
01353394000124
04389132000299
21350801000157
17948780000107
03193276000121
56126956000199
84981877000109
02335326000286
19316111000130
00530156000184
41003278000523
25249403000108
00776574000156
06222751000139
04590347000192
17325593000169
14385314000164
45819307000157
08360541000132
90504390000120
01969415000211
13519978000106
05563863000190
60281185000181
02996350000185
07040819000121
10576401000148
09619577000150
02065406000340
00229143000170
03377084000175
15762990000172
12440241000130
16568600000190
79379491007781
19617245000190
29331117000130
23616081000154
12646269000129
12488358000194
03325754000290
03675902000116
16872411000107
04150541000157
42471870000199
01991461001612
05445849000192
62545579002683
93526564000143
26997835000151
07578450000105
10335652000300
12832734000116
20817359000163
25628819000986
12268249000161
75526079000430
10918618000199
08255399000163
00903198000113
00180964000169
03530080000185
07129133000373
03083857000100
10299268000120
15786880000140
37657582000193
33438250014974
05983192002594
07984284000147
12766456000146
04282191000263
11662810000120
07901967000193
30069314002589
05641124000170
08918308000122
24866341000102
45309861000194
17481080000147
03205789000105
05456752000185
00758665000169
00811657000139
17948346000119
13700579000147
01051506000192
96418264002506
05603563000198
04078043000140
08221341000107
10866423000142
10389379000127
01316377000117
00068609000100
28832656000270
33910639000163
12132553000187
11037377000131
20929241000127
13435062000178
04738368000102
00598908000149
43283811006514
08509458000182
13004510003366
42040949000165
76789940000173
17756203000105
01766034000235
19791896001921
