09163128000140
12833972000146
96671581000162
08995244000163
15094932000118
24409189000139
61721320001440
18640674000116
15543408000187
54834155000152
10364117000108
07534046000130
10571785000106
02610622000167
45003506000192
07914516000190
89261341000124
07916808000162
15436260000181
13654141000331
51778322000105
00260998000163
10989747000178
09544536000223
85030997000185
01793407000186
08602652000108
33200056035449
22258847000103
33041260009625
25490137000607
03493039000186
04839900000854
11344862000158
06880072000238
02315220000130
11501175000107
01651745000183
05337901000197
04904338000129
08304698000817
02170793000112
05125853000173
00264778000108
02733238000151
06089166000102
56670730000154
04620581000115
26879429000194
08109597000119
04976718000250
10637496000162
24206617000630
19823574000198
27788259000103
05280538000110
61412110057939
23680941000119
07072680000106
29102327000156
32275805000134
13924873000132
00063960004600
05969652000152
03821139000194
97440788000199
00500203000147
27957638000171
88630421000147
17222402000133
22233044000102
10218151000174
90627332000193
12363228000125
33381286007083
05157689000186
05859497000111
04769547000107
16621554000146
19019704000134
05778442000187
07951711000190
11936003000158
19469447000132
09046393000220
29447620000155
13060060000141
45543915056055
54523931000101
10262965000106
10838467000169
04512866000132
33961996000231
10324215000111
01711005000608
17323792000138
12229156000128
16820614000150
23335476000189
20431112000104
03843990000118
07105743000175
05588798000158
07111094000115
09296761000107
33217092000115
80834328000142
12046429000107
01942013000142
14476027000160
12632611000131
41745936000129
13722643000190
14661860000180
81852899000172
00904973000155
04056547000160
04913546000194
38699229000139
61552022000159
04718013000151
13249364000151
19044274000100
02462982000169
27735448000614
09034110000149
01575860000116
03766378000270
10574316000140
02422918000154
05355258000124
23890788000154
18696690000120
07013648000141
00559915000131
05876275000107
14293639000117
89422331000123
83280032000115
19657402000272
13744652000182
15038347000109
11550991000100
32737009000176
12924775000132
10817396000118
10876277000136
56028251000139
73379885000155
21297405000103
02201428000128
63862395000151
79334116000117
11508403000162
02813983000704
07676699000153
05355545000134
01268303000152
15456189000107
22999338000131
11287738000106
34244145000150
13680795000178
20495176000179
05775851000120
03922258000133
01031726000154
06319638000176
09339890000135
05001857000140
00540016000197
25943754000106
05167323000198
10582657000168
36991800000169
10940747000183
08690243000100
18266901000195
14530004000196
23368935000120
90102955000142
11169909000194
50536929000108
15431186000100
09541880000188
09380312000142
42143677000129
11138290000150
50306190000148
45088960000193
01108909000120
22026818000116
10438627000182
39346861044100
07489526000126
10082410000182
09139201000149
11673834000184
68584077000351
00915086000263
07875368000142
21918893000129
06276593000108
63604888000191
05215132003846
17332137000146
17155342000698
22912349000132
15521250000144
05541221000190
08483667000102
08890534000142
03604561000198
17093812000121
10596033000108
04406679000174
12068536000128
60682275000184
10615704000122
17282880000139
27525336000124
13513748000130
06940717000108
10352556000109
15249776000117
01534080012720
07172078000132
25946138000109
02648280000174
12159647000140
09408344000109
01390442001479
20792055000199
81178287000146
82524992000110
04034035000100
03692196000200
00351400000141
03869528000190
10704790000140
01387818000171
26736616000119
13004510003951
00774371000120
10730437000134
33126459000195
06283822000103
30433623000119
05153931000143
08882708000125
05292692000102
14497165000125
01276519000160
05363557000100
92165125000190
01283012000133
92755669000101
05580812000177
09421326000167
05083305000128
04413249000260
38467627000200
01267553000178
80221013000120
05988428000108
29303760000150
13290333000144
76383405000118
00289423000173
04462055000174
07184233000130
02894412000148
13317030000178
03274466000505
68400449001071
12237647000110
17125506000120
32996969000231
03439316001144
66406372000120
84583129001050
23433451000118
10864470000157
11476230000148
08473655000199
12238940000100
04333230000123
03215380000170
15913476000190
26656689000109
43059997000168
11792542000160
23762552000132
33046327000153
10882680000178
19431041000160
06126094000398
38917340000154
09413618000158
16490944000124
02575829004054
11894519000187
05738241000156
10282494000360
65670424000109
67267435000178
03248384000154
36500486000174
01705075000130
14418113000116
05017852000105
04793365000171
09195095000110
10419756000123
37568201000108
19406654000300
38046579000287
90839408000144
03328079000172
10641103000194
16697352000188
08125601000132
05629671000130
06626253073540
63649909000195
41894569000125
11330139000110
05566327000149
21469324000143
01090092000100
34028316594577
01925332000140
95139143000195
05875894000187
34002337000150
07553674000162
04752727000267
12064383000140
02935511000120
76787191000145
00065767000107
07267645000134
48498877000180
05660284000166
00855876000110
08865963000160
96203302005286
09016581000124
22244170000154
09210259000131
42480392000183
07439585000190
18939285000196
00360269000189
13925997000132
07651616000171
17378231000136
04621505000124
09156198000171
08973789000179
18593616000189
87859765000160
33014556037430
28805976000150
34028316476450
39533849000166
02821658000190
06017866000191
07030958000417
13150723000119
04920445000221
01544866000126
09092195000111
05094049000174
61398772000118
01018969000152
09370683000143
04666140000154
02734730000141
47508411248875
23710627000131
03832526000126
08823040000145
01288519000180
00404678000130
61585865038205
06194031000530
13024464000180
07781007002423
09564676000930
14795316000121
20329934000189
07912653000196
10463932000124
11189480000105
24150377000357
42074195000164
33014556107403
05558602000182
08323713000106
25044343000189
09590414000192
11808354000183
02310769000131
13941585000196
34028316882017
57256356000108
02312729000129
11421611000120
94148533000169
12763978000194
81015380000130
13865040000148
00334951000105
17342080000166
01774772000305
94012481000107
07263762000391
00063960050203
08605278000102
09302478000302
08893286000193
12828298000101
05573336000167
86591070000187
06103646000180
21659336000130
05677629000356
01958719000100
79379491001902
29841774000127
06129929000100
17206629000195
12045016000108
05194480000192
04276290000151
02098500000133
10532901000188
09477652003373
16599488000155
25055866000120
44694610000108
25047119000140
05424336000103
73205189000122
23047896000160
03938912000105
21142995000103
10539943000140
11122540000164
05297511000300
02463444000199
03477507000129
12081699000140
02833704000170
02806124000194
70488473000165
11778829000136
87982385000118
04815246000172
10993861000171
05492088000553
15040834000106
09437931000126
16036618000141
26835009000297
02408275000194
03876012001063
27320965000118
15741754000170
30353543000153
01476855000156
09335841000124
05385071000173
21439223000120
00329568000150
04457596000104
16564266000105
23806309000179
08580506000129
06337830000195
07355441000155
81049413000162
61412110009292
76818921000128
01243117000169
04521258001670
08227702000203
30609475000140
05786539000131
04466366000101
14468450000118
69012656001100
14584336000153
14865549000153
82099177000151
03441644000103
89770804000183
86634839000105
76106368000109
01414115000195
07373964000124
07967109000141
02613220000116
07574388000183
05873728000141
17690622000272
01311192000110
09030497000165
05099777000179
04627734000156
12184759000312
08326799000112
05157202000165
79282992000147
08771340000128
36089480000156
27306395000101
01362890000144
61084018008007
33455908000149
33935164000402
03417906000102
19887680000135
02756445000121
07291370000174
07732638000166
19457525000189
25211602000119
13831334000159
27033523000190
83754234009531
34984609000164
06087679000184
23604849000170
09172184000303
12806901000154
11305486000192
14106844000126
35991736000153
07216872001536
15136038000163
07216872000645
09573350000111
08545193000178
04219826000105
17018210000100
02340825000261
06114172000172
07516896000105
00283355000135
04463413000163
04812213000179
07853386000123
19332016000120
25019786000110
17740350000430
15717265000182
12644824000183
10280765001824
11403853000190
68762657000120
04208651000122
11602493000156
21237457000194
13362893000167
02862548000176
04418373000138
14327440000162
10852055000183
08191686000157
14317697000133
13038838000116
01849927000163
88273651000104
26423426000141
06057223001658
17632604000153
22376081000161
05677629000194
05753576000143
10471830000150
18044903000130
00503476000145
16987941000109
07655270000180
84640580000171
21644828000152
12338659000131
05243487000157
05044668000154
01334875000192
00944510000117
08329352000105
02630604000147
08274310000106
09281141000102
15867524000151
07578936000143
27793283000122
07209299000138
10721232000192
03387901000257
07796880000101
03635062000168
20274402000191
06104388000157
05959672000142
72417942000180
10885139000113
18192535000177
08279916000134
07637992000101
11791116000102
10888037000232
18761009000180
06083248000140
89558050000100
23282349000169
05620295000112
00098135000131
05552480000117
01740627002195
00000000645729
04185877000740
09338045000145
09426613000160
13243215000185
02866083000121
08874516000177
06161419000101
09105537000190
01811695000154
08600476000175
03797656000256
03888789000157
05558257000187
11504835000103
11873554000110
17457404000292
13466452000105
25256017000135
25079440000107
05894723000103
05109805000191
01929665000651
05384299000149
83054395004200
02225208000134
12724700000108
09349575000199
00262985000204
76813757000166
07535757000129
11614481000141
87569513000104
76297829000160
92665611029906
76204239000145
03727002000175
07573569000195
01449368000102
89470462001239
04387127000166
02600037000186
00773814000169
16233389002956
93145266000103
12859276000109
10286647000185
05979248000160
08583898000180
09495464000190
24145730000149
45007937005510
05543711000126
19462954000144
11596442001564
15381176000108
45543915009723
77662146000127
19542556000138
13085476000114
39776448000137
92488725000199
63503007003080
06161357000804
01683906000110
07534591000126
11670952000139
34028316150938
00472957000130
78885019000400
04124691000196
08884940000100
18089091000149
68890649000169
31146301000151
03248675000142
09360466000172
77739290000114
07155217000110
82699588000692
01264065000107
80734007000176
17161310000786
01709716000125
01461967000133
12384174000184
34966838000156
13567147000100
04109834000190
14340285000114
16852687000123
13031010000136
18824970000177
14487550000191
10475672000107
03311769000119
05933580000193
77574119000100
17322793000168
11586209000103
00987793000184
11363126000147
09502615000190
11162436000101
00352294005856
04431847000858
05653432000115
09491923000168
37216801000107
07747254000117
07636193000110
07787406000105
17257975000100
78357969000705
13646365000130
04277189000115
04404243000146
07852527000193
07008882000180
21717407000104
14031073000155
24294216000175
04038773000118
40535759000193
35951763000100
00647584000191
10291719000182
34122655000154
08391860000105
11511313000120
03542236000148
12504497000164
17636408000157
74519018000130
01083417000128
01062621000162
02024837000104
03645589000173
08516690000148
08495567000198
95608576000142
86839487000116
00732136000196
34054254000104
03969457000105
51503449000103
41741919000113
10694414000111
04156645000179
11044747001482
07701153000105
15083135000135
88153119001389
08746118000175
30090278000168
03828991000193
03903162000128
74552068002082
22872642000113
02994321000184
15309085000161
12923240000147
42171496000106
09469335000128
15212416000140
03775510000129
13292271000100
90290610000160
75587915016652
59080879000171
04458880000103
16370326000140
14435735000152
15261257000174
08273875000179
06266344000557
14294219000155
02331925000140
32498693000180
34060699000105
09513894000198
06175630000183
85212892000147
09569378000185
45631645000160
13501187000744
01919585000100
00718016000134
13403448000106
10781820000111
07502411000124
05277396000132
04419729000158
27623257000156
05554215000178
46044053003554
00519822000264
22765838000109
24959722000136
13442057000192
01315162000181
11167054000162
73473837000121
10780347000158
09296295000755
17650363000175
26563665000105
42144550000124
07840159000163
76822287000105
21600028000130
31443185000132
74638693000189
01930380000126
17361255000182
18101411000139
19528183000140
03194253000131
52708864000166
10237888000215
00198897000100
06212687000296
04077577000748
08623481000101
03738004000160
04904717000119
05255433000101
05357690000154
22046452000147
33438250024007
17216409000142
07104096000187
13253544000107
05817700000197
10754995000130
69935930000214
90958489000282
07381852002592
04899529000140
00485542000100
03385854000121
15105433000189
22077999000100
07261301000118
72088123000137
05022300000195
10157719000194
58212291000161
32300942000181
79398442000198
09282192000140
76454743000101
75615542000178
05246259000130
04953262000121
09202294000109
10699563000173
33617945000106
02249870000124
56637804000150
00226759000197
19465134000106
35649219000958
07630468000109
53567624000151
12509076000126
07473735010900
23320906000199
13486998000128
06250285000103
45543915046092
28917336000132
04817434000130
04140815000127
70390687000102
83261420000400
25733783000143
21073798000171
45841251000137
42810598000124
05738296000166
09250186000101
04429478017087
22871544000161
08910976000103
15634495000188
00313221000209
01201517000101
11093022000160
11924530000142
33438433000182
32982019000177
05470254000197
04754987000271
60191186000135
13596165000110
56908650000194
50201961000132
09236358000192
26679139000105
83240333000115
03572464000160
04247046000160
16688438000144
11794350000193
02552969000109
10838708000170
16620154000116
81494387000181
04038996000185
43618099000283
06017619000195
17860579000246
25735465000111
95183083000108
07211751000104
17127943000182
11202994000145
08484252000145
09943349000131
25490137000100
97577209000154
07473735002206
06057736000182
34028316315015
02867473000116
27116782000185
04321952000168
09148367000121
04467276000135
59191197000136
17215329000172
19389168000169
05518389000185
39346861008650
12205372000133
00225895000162
27413448000193
11024394000134
09211982000135
13377439000180
91238741000241
05305991000134
06101262000200
13275147000136
09290746000151
17574466000101
10739596000108
18364026000184
05577675000111
09015535000100
10258052000116
10890821000102
08549755000151
20795458000191
09481572000104
09163628000182
01270380000147
08983070000461
52858057000120
28704260000167
14426245000190
08314507000121
87723417000241
19072368000193
10273500000312
12499624000184
79048070000170
04163766000571
06062742000551
88996061000100
16746911000100
28184266000150
04961090000138
76150697000149
00757628000136
14878760000100
92120476000184
51558096000149
27714523000156
13990712000147
07006488000103
15064850000120
52705498000191
20657542000220
92947217000393
15322725000173
12150533000139
09295914000100
20481031000119
02531253000117
02648743000106
04031885000147
13004510006543
03359877000161
13066793000193
83730788000119
32328965000102
02019761000110
04148139000138
21243028000120
26138377000103
52507852000173
03265563000108
49823016000193
21073444000127
10622204000118
10478691000430
14816590000130
04317847000155
94989266000152
00714713000117
77881845000168
64660624000118
93015006003805
05095686000165
05325848000104
85378503001049
05890738000195
29815600000190
41132085000300
13997127000179
04593382000165
09210700000266
90268293000185
08139360000180
05038320000154
28142056000108
03344528000257
11669248000166
06057223013907
07361082000149
32500977002450
64755069000108
23731357000145
07400355000117
01662846000150
08117158000158
05881536000187
86704244000170
30666457000109
11948038000107
13914666000105
03049656000197
33130543001669
02661597000140
07221905000211
05214053002091
08987058000182
04920802000170
37530557000144
15286281000168
11078513000131
67756429000184
08685137000139
01294062000116
09327699000173
07231644000130
04206050010810
47508411028409
04362715000145
94865706000160
00009881000101
04779685001149
22010892000144
17401449000164
05445503000194
04002033000121
12137325000108
09419322000144
06057223010215
84261502000166
14537910000112
02752723000172
04445428000107
09102004000155
13739938000170
08402622000158
12419194000143
11800812000138
07410649000120
13170216000147
09404267000119
47508411170663
10911970000100
00905760000652
10580075000142
23816082000142
13491592000133
61365284008431
25267022000143
14594006000149
02358610000197
90904178000150
00345307000124
07707081000103
22789973000194
18996637000307
40952277000139
20765885000127
82646621000101
01501353000138
22250450000175
89872097000136
04415928013680
74705054000199
03651418000157
90997958000191
05054671002011
19909393000189
18513643000102
05547312000133
03356810000173
76430438003782
15168935000159
09423872000137
04240370000742
18928536000137
12931878000120
29596590000149
09236843000328
01993687000176
05030696000112
01951812000185
05901036000160
01942722000128
08141184000111
23548361000172
14954658000147
07275571000188
05126393000106
02560636000113
08609840000168
05286728000145
02449992019850
56460843000125
09447861000197
14891867000199
03865781000175
12616297000101
27865359000188
02228901000160
04868412000360
05475878000105
32411100000105
05768893000133
94789054000121
16868978000100
06153764000284
13485693000100
36537397000100
10789671000137
89449110000149
61838884000223
32177123000199
26029223000175
63442842000113
20274016000108
12314105000102
08206167000115
02446164000172
40257974000170
01474127000296
00143166000167
10616782000141
03570206000145
03927099000160
00063719000333
00070509001344
29282266000156
07226160000283
78277290000102
07304241000173
10766057000150
43283811008800
17533931000158
13822595000102
78748720000712
05013769000168
11301276000126
53008363000130
17142572000612
23814387000115
03595907000139
00106105000120
37178340000117
12129556000161
04689156000182
11047296000201
05980399000138
02637401000263
02151414000147
00815532000187
03995515006602
10925442000100
10839702000117
08925052000180
02107623000193
12298265000105
16105598000113
18819402000188
68598705000196
87000089000174
01581124000170
12592856000182
00853050000111
11202590000151
73041782000180
05662861000159
22095859000164
80221013000472
07053903000422
60344348000551
08991192000157
83754234001719
76189406001440
49915895000183
08413042000166
08943578000193
04349934000275
16103667000230
26771105000138
05961592000121
06250618000196
66681461000185
09108586000187
09413189000119
15415904000155
47427521000193
02752587000110
93943124000191
01617255000675
07519371000123
45543915022150
12564154000195
00426978001272
11265707000146
20094092000123
13550166000123
11402451000171
13216291000100
00001891000443
73787483000351
10981600000131
02211708000389
08033044000120
03418947000105
61365284008601
17625332000164
01883707000156
12841517000192
25149022000149
04758871000120
09414021000128
02467296000180
01109700000262
13393409000167
10907424000198
69556215000190
37180809000152
10618936000134
11170566000188
75893826000398
03107727000160
92365865000170
02566981000164
29991205000168
20588605000152
40308744000192
04881115000193
13821698000158
07898999000187
00544739000164
08164741000110
09490982000111
09911465000179
04657329000180
04799197000121
20691309000182
03063405000167
07096912000158
02702870000138
00596169000156
11344956000127
74003740000118
11210460000160
35286228000174
07327166000832
08333951000194
07248449000112
49673346000492
41414822000104
04578115000119
26918591000174
19746833000124
24073694003090
03564521000240
13815813000262
22121636000124
31432214000160
17303640000173
19872811000968
82436007000204
22657526000181
03376888000150
03913733000296
03034317000137
01523743000702
07291037000165
87254587000143
21125737000100
09107823000195
96366364000169
05277931000155
18954477000171
28135390000126
21685488000108
12841184000100
63004030001915
24397031000196
12882148000186
81224008000133
03169391000160
73856809000193
02411707000116
47508411123150
24003634000166
00366593000104
01559046005681
06282614000190
15105636000175
04265214000140
08959095000187
10317320000123
20927013000118
49024557001123
02314191000191
10844010000167
04929455000147
14136594000177
10571716000100
03025155000170
22787652000150
15272195000104
72069594000106
14684304000120
95857009000120
12039358000107
39410667000106
20626993000119
16549697000194
13105999000185
08963855000120
03176398000100
10383260000147
26898767000173
01032275000170
10535995000149
15919535000138
22125878000196
72951635000185
10813581000134
23557566000114
32864795000334
02057654000187
33130543001073
08011855000120
07273093000177
11729057000142
35840727000161
09941994000115
79379491008320
19612494000193
77888436000193
04881189000120
75400218002186
04420390000100
41556663000174
55451876000146
47417829000158
18374130000150
10393407000180
17256512010936
03428238000100
24333899000122
08787802000103
07512837000169
07686488000282
10275625000110
26960214000101
37541125000481
26316988000196
24272475000103
12845236000450
19244316000157
04046325000166
04474778000193
05413321000131
11795413000126
35897727000106
07231294000101
13398333000162
32809568000659
02330314000188
09584405000199
07609899000193
17250275000186
03622354000166
21928237000107
93380830000172
04523116000247
17622045000109
16689922000279
19222613000100
15444511000170
32500977000407
14812504000110
13184675000180
07873153000192
08713905000110
46979779000130
05002629000194
12162607000157
08782861000180
11114284002964
21896205000177
11047186000150
19210934000186
11076875000193
21984355000132
03308409000168
10386932000178
76790161000198
02234362000504
13200052000153
04727651000139
17903271000150
07411852000110
01810587000167
10934915000128
08455820000180
39418199000108
21946623000121
03119648000250
11709982000101
25480807000108
91065920000143
93379840000864
14227477000119
01572755000123
31893787000191
01928530000167
11828725005310
07884385000227
04312053000107
55806236000101
22389297000161
81463432000130
01379503000182
09045727000160
15794896000103
05053993000426
13196086000111
86870680000110
03673846000180
11596442003770
11428680000165
04008317000125
06895414000102
11271714000150
33014556101464
00683171000243
41922873000139
00117075000157
58231580000108
34307884000143
19525235000478
87005716000160
19658881000160
49865777000108
32889644000179
01784160000131
42179135000297
23688213000153
65131989000118
08320251000246
01914855000190
05090484000120
24206617000550
04483562000194
12607854000110
11179176000179
25252251000194
64055973000100
32300862000126
19485015000115
00551775000155
23902476000113
00563092000118
85339604000110
79292553000115
56642960008607
13313069000117
09628127000124
47508411125528
09183056000101
17984193000165
01454072000171
07177638000141
00565882000132
00461311000158
05700439000140
02551046000124
03316306000140
91441147000172
04635134000130
28738950000137
62641774000159
10906317000145
01379696000171
06057223003430
10508862000183
02184384000256
08920562000165
16986769000675
11117785000365
28941242000107
20813702000100
05215132001630
09510366000185
13072191000149
81449654000107
22158733000191
21086617000141
11596442005047
08143402000157
24073694002603
20827525000102
11768409000179
09260767000124
13584822000109
24213346000136
79155610000114
14623509000103
19559011000134
94166956000101
15803433000152
00086529000170
04227543000105
71062541000192
11189674000100
72601222000170
30094114006735
14201893000148
04260706000143
67230482000147
02983345000138
14329585000100
03241267000169
02312097000101
58699232000240
10614968000161
02742589000129
22152508000148
09505979000124
31455977000127
34028316019556
04139005000150
31186935000138
26811728000197
18706008000133
56527062000615
17490124000103
26581381000133
07135637000134
03474338000173
10434491000132
07272825001500
05081314000180
42149328000114
18357576000176
71077929000167
07978436000107
03014127000158
09537477000185
17160214000128
01925729000301
62078779000115
84587245000157
11596442001998
01426760000128
21968455000175
01532265000101
08321729000171
01449593000130
10413999000154
12815964000177
18501954000143
47508411123665
00447821009631
10371690000220
13145879000101
21550551000107
15608890000196
10768851000132
10571149000184
87824827000106
30804187000147
00347568000183
47427653004293
86798139000148
01906784000184
02208762000103
49285059000162
17039455000113
07979458000183
17352096000150
71032049000174
04058564000136
10454392000112
16660558000133
12579342000197
11373806000141
06225625000642
05395562000103
24761323000166
04636985000105
27515391000133
14262122000160
10949205000171
08748239000156
23640824000121
08894823000110
12245053000151
00546904000117
16694398000143
23393267000515
09366882000188
60139607000189
34389684000187
23809406000115
05077350000170
19076385000107
01066616000128
07896157000196
19349299000112
47508411016150
16928134000107
08093780000173
07692177000145
08125973000169
18385102000138
06234024000191
10269823000170
03499273000110
08541636000152
18458516000140
21004139000183
09044272000320
14122579000170
08292056000179
10795401000139
69067726000903
40805426000137
13396337000373
17035072000177
07398676000124
19123827000110
05919504000123
23931876000157
88627724000100
22792252000133
03476811049320
17218710000195
13631828000190
07703199000163
04380588000107
00605519000101
34873117000100
18965329000152
11114284005394
11959320000190
03421305000327
04034663000188
02603548000151
07662035000135
02635773000170
13795873000180
25102146007939
00078624000121
13311185000105
29375422000123
24980082000146
80857451000189
18323838000181
90441585000178
15469928004265
21631354000104
07760361000185
16458747000128
00063960049370
21597211000123
12868598000114
19743793000167
05656526000148
06222506000121
18474582000103
00442619000156
71171003000136
08434242000103
81071623000238
01744102000184
28897247000171
94129665000143
04025266000140
16984514000169
13263747000184
09076032000145
15780202000170
12556406000134
07750084000120
13932630000146
20787802000109
40910259000194
52780376000160
26270614000187
03407941000132
02850163000199
38689022000183
09506147000122
12145475001208
08614227000139
13615174000100
04028931000159
14769431000121
97426423000100
73031296000181
36508125000174
11763298000108
73910374000118
06263859000170
82156977000248
10887383000115
75404780000134
