07848553000148
07564982000193
27151031000108
02995032000108
03317753000113
07155676000101
09157519000152
11897224000164
79656492000128
97168124000201
12069561000126
00718661000157
27928018000104
14060985000155
78947538000286
37380292000145
78751856000196
14260912000107
19795717000103
05887420000155
36900926000180
11953116000323
09547378000184
23240992000120
07490507000110
05183264000141
07774842000140
11879396000105
04297286000170
02874539000103
01244302000178
10368782000170
05212926000164
10238332000162
08710781000110
12571679000158
03443869000107
13240709000106
92360726000153
22204148000180
12645114000178
20221216000194
04414104000101
07280564000174
82591876000114
04937321000178
03557504000103
48620504000130
17042033000105
11514584000130
13171455000111
43115195000128
03631007000108
34960849000129
21859020000435
27481305000119
29603762000164
45543915015960
07932554000176
07493402000114
03261095000195
09120605000190
24465643000179
62760558000122
26975589000137
01510520000107
00504970000477
06944489000136
02609028000156
24453338000248
07910760000185
13954339000179
23570518000166
09390705000218
35159201000110
25152359000105
01954179000189
05271675000199
33347626000128
05928073000161
00447821008074
20415295003190
11093545000106
03496182000121
11280816000213
20247194000131
22803260000138
02095809000170
14795087000145
14356694000109
03070294000116
33467176000107
04285259000187
09345181000162
60766995000128
08610319000140
91945212000105
10572654000143
02951539000151
05705083000138
02797267000187
01937878000110
08303147000162
22524147000113
08299182000155
02617621000144
85471480000121
92832062000188
31474968000183
02396962000137
06246124000138
03234857000164
34028316131631
05466035000134
33202581000101
04055924000146
26636928000150
02649941000186
13689060000105
02553505000109
29880427000103
03060025000179
42591651002600
04741266000146
08936326000137
11897708000103
04308320000164
04611559000109
49618556000216
09354495000121
09593770000593
04163766000300
86540887000126
55142939000182
87154126000107
09426249000138
04981612000163
16986769000594
03354816000101
01073926000170
03341024001093
01475640000110
09215572000162
02558109000921
18200661000126
12769587000187
22816789000196
01435651000177
11504595000139
00069580000173
20451729000191
09229504000152
08897671000109
04300320000118
10370216000100
09235016000158
06007033000301
91212951000341
87799953000140
79923025000117
00762780000107
07096643000120
70313598000405
24384596000139
20302104000168
01464629000236
11600565000126
01255401000155
06345099000140
13825157000106
14486153000286
04638378000176
07033652000171
21242210000166
01079210003448
94405396000362
07789835000111
11248018000123
02695819000146
08969703000134
24033114000104
03758945000165
04244288000109
50953090000103
06176134000144
32481701000186
00943750000105
21984854000120
08257267000170
12044442000119
07743777000195
12514410000130
05033631000120
53647939000109
05165076000190
07116969001739
11319128000139
95434809000561
15761806000170
68212711000163
74864331000106
08786250000100
28596377000174
30336853000160
04471610000124
18246641000196
87397865000545
10542773000153
03986598000128
04613711000192
79115358000705
40419715000106
48300180000153
11430944000115
12385046000155
08385870000138
11402600000100
90684630000115
02801581000196
08342298000120
05935697000106
17581621000109
07583534000137
41019423000130
10737595000116
03415418000158
11037054000148
27703397000134
04647411000124
04527963000107
10280765000186
11063968000183
06252160000295
04757914000152
46686333000117
05409690000231
33102542000124
13432165000184
04524416000674
32950875000221
01475599000263
01429511000196
22688303001668
18183805000183
01963225000106
05907822000174
73552135000133
19282558000135
41404120000131
07649164000193
04893996000162
15448996000170
15628647000130
81562084000159
11752241000103
13741575000107
01991824000133
00730538000151
04235533000103
13924727000107
90346644000129
14515178000180
34766030000125
45543915038820
11114076000164
08685752000145
42225938000400
14509556000112
07264155000184
05593259000107
00738070000141
13396098000190
78220001000139
04499129000147
83589879000267
02625783000124
06244004000100
07844883000165
09442132001624
52887841000166
10582879000180
05956212000241
14001913000137
14775417000130
68835891000130
00834743000167
16688069000190
16953250000186
08648876000150
01605291000104
09118992000120
13841137000110
11034435000173
21320298000197
03481736000117
97363360000190
02551137000160
10984489000137
00423551000168
61585865080163
33857129000170
30080550000129
08560687000121
05904038000102
01559046001341
44335834000123
19883824000185
13866293000136
03321370000119
11328757000125
21573254000179
24272793000166
02823324000155
00431274000720
04250280000147
19496128000116
02960181000123
09055373000134
05439478000136
11729409000160
61250288000147
08909912000192
01928075000957
04690214000198
43261734000137
27137813000184
21126739000114
02926227000198
15814072000140
14488078000101
05809869000103
09593213000149
20967604000119
58506601000150
24986606000106
02359775000183
08071457000107
12264493000156
33855790000146
02693032000145
07181885000111
61578696000122
05456685000107
34678540000140
72243132000155
11280816000132
13668699000104
08284840000135
06347409015430
00877989000116
26633396000106
02691909000169
07940707000127
21979067000190
12288280000245
09486967000108
21678658000127
19946462000124
18651371000107
03483599000150
92704055000109
47508411152258
10691103000280
08825375000283
37039633000113
76861848000177
03776188000152
11121536000181
13503158000126
06044783000191
05735941000197
30548382000153
01249965000185
33732991000156
05944133000130
08700522000108
16692314000132
41114067000134
79340840000153
05231715000179
03982389000106
02048256000102
05238995000147
04176082001233
48539282000126
02078622000168
08565897000102
08731968000108
17630967000150
12239507000181
03299985000277
92321785000112
83817858003781
10608901000114
19183766000187
13207048001270
18534402000131
16537896000182
01337146000270
05073100000161
07976242000245
07532559000101
07270366000472
16519015000109
10373001000135
08907199000148
21498738000109
24773932000135
93519874000130
04907363000166
16272189000101
12860162000189
24653497000105
13354248000100
47081229000161
07857731000105
13793147000128
20303440000125
07932703000105
02393563000201
63772107000178
26838792000161
27576034000185
47696711001005
10760755000148
34179614000285
11188517000172
00587072000187
73931875000180
07770413000102
02109167000110
03520940000361
12533354000180
01631657000110
41003278000280
02933195000158
00849315000108
08859696000118
03921745000181
68561703000122
19664836000119
05295549000174
20338955000160
88934724000153
04210075000158
58238981000190
23837408000118
10275914000119
01175499000130
43283811010970
23776852000251
14523832000105
17463372000157
11191106000136
02821012000102
53137816000128
05636860000130
02480949000161
17150154000162
32147848000134
03654911000120
18629065000166
67517805000188
11491492000181
02701917000149
06242558000160
10115210000340
12664038000148
05041999000130
18602035000166
18265880000193
08592889000155
30252464000156
19544635000188
05215184000120
08776566000111
15573363000193
61084000001507
11596442002374
01803896000100
74430406000140
05948708000192
30790372000120
90369521000618
17188823000195
24114986000199
07309087000122
36876837000146
13898639000188
37083474000588
18139721000142
02446252000174
03130135000240
02860676000180
04709539000175
17512089002464
41597303000200
04917391000164
00868182000117
02762688000172
22200468000162
25834847001689
03233514000185
23800667000174
00427066000162
04346990000175
48827125000116
25841594000194
02169441000147
11282499000193
17176869000194
02567313000151
06902574000131
72732910000170
11203434000105
89835672001100
20769919000151
00651020000122
05533584000184
02771380000193
87530044000101
03625674000170
07731662000261
08765949000194
05526805000197
27381191000135
08819640000130
01661488000160
07686203000122
00594198000189
81326258000770
13766333000178
11906180000191
63491633000160
10807008000118
13991876000199
08472686000206
17010240000170
03246177000160
02489072000170
06964085000104
37038064001678
27654521000119
17780648000120
10513814000183
28234474000117
30069124000194
01008713003180
10696609000109
16950068000171
04704787000123
39346861028414
39346861029496
11280816000302
05737330000188
06040127000110
07859200000143
03491085000146
08538709000157
03845522000182
53867867000105
08854720000126
04484700000150
18442062000119
96750476000119
10314660000109
07255056000136
01766076000195
17126941000179
29779071000116
04830008000136
03226505000167
18928314000114
07808758000108
18402806000171
01721198000165
01437777000180
20790220000173
01981293000106
87045589000122
06692107000205
10388710000194
16661960000132
04697867000107
02725209000148
04986795000100
20496147000121
05775188000597
39237847000120
04661092000101
05357654000190
08396963000591
02221741000128
07514947000160
33229030000395
00908095000227
17137119000103
02316042000161
13138027000197
01447737000543
08648096000100
14263687000162
01463906000105
05272461000137
04108600000129
12250391000262
36363356000137
01629618000188
04500746000115
17336120000167
06235358000180
89436497000107
07278878000132
14599945000186
08691671000158
11110214000137
24032982000161
09095943000110
22558846000184
00625218000131
85055994000104
05057479000116
03309928000140
01598605000199
10610167000128
01179056000118
03553628000102
09111016000146
09496249000104
00689749000198
24808214000157
06189982000198
09600242000190
06412365000100
59918136000128
61585865023283
05318745000117
02576914000120
28672996000109
33461054000103
15166115000128
10719473000105
13041051000103
32284250000197
15870280000166
15102817000148
00126238000168
02591212000116
07863379000102
80108954000151
10856679000179
36566438000189
01949458000154
26362920000143
01600996000139
09509703000114
40193971000110
27746049000144
42111740000145
47508411073030
47508411248603
05419200000105
83773457000247
07852534000195
78815958000128
07606351000190
01303794000206
16611583000127
08504915000146
04726537000194
10674348000118
13706999000130
03815703000166
14761129000127
14406501000187
04273663000130
91635896000130
17293516000174
18774687000188
08998010000331
76512359000371
18194892000174
10682855000101
10491731000130
06958540000169
04796649000111
34637926000104
28058444000105
13326306000184
17141025000108
92090596000186
04023589000102
14059513000263
00306597004518
04614143000144
06301041000102
02827959000120
02558012000161
00542637000100
04160523000156
68570597000143
01595146000270
17008561000130
94019692000163
74072513000730
09296295006010
16383704000120
05995724000136
06626253009965
13751105000124
70357959000164
01811442000180
07791501000182
14444664000154
15746121000154
01928075012025
91352849000260
01625271000103
02127359000150
09076646000127
18099355000145
28620668000150
08765904000110
34128660000174
13682450000153
01118168000169
33098500000167
60537263037752
08595964000131
02737463000166
08422075000172
22261431000144
03910500000159
16670085032006
03942924000103
06372158000179
86914942000109
08242611000158
84629500000187
08960099000185
63622856000461
21473156000160
35000686000103
34744433000173
05242514000177
23909465000165
66762535000108
76324029000190
34134783000118
27572162000150
25408964000102
02899695000110
11244056000108
02805773000170
37374089000166
17994319000182
18213193000124
12949245000149
07718633004842
10647893000115
00219494000108
07114769000180
09370547000153
14017677000147
05089139000177
29123969000131
00547840000179
07373879000166
02019402000163
96260930000153
04227248000140
02205972000148
01813662000143
13337125000153
10470471000117
67726620000183
02667793000122
07742028000305
09265831000160
02963290000102
21319801000194
08937918000173
09442461000199
61116828000102
05022064000107
19780284000104
47508411168332
18328153003577
03886257000180
12455607000145
15169219000196
08626679000130
24048431000196
55332761000213
11978069000100
95425369001809
00597306000177
02705481001219
19244494000188
08980293000122
03757815000108
10382253000120
00386999000159
22337040000166
34554068000134
41550112001175
04448790000123
02788411000119
06954851000583
11999081000100
23428676000186
72393705000127
65361511000184
05471352000149
13277497000131
23519246000170
17918235000160
26240535000123
12076314000157
04539445000103
00207436000156
46668505000120
65993453002589
00467272000104
16886427000179
80934912000170
16616220000184
16233389002794
89848543049508
07014874000147
06954973000146
42386995000110
20389754000192
40834939000176
28761409000140
08117227000123
12624698000367
00453246000623
11758378000175
12411232000111
15015468000127
88212113007023
10863576000136
13071237000105
18334155000120
06599211000179
00180118000149
07300621000130
04411723000134
10796341000179
23432842000118
04086524000106
22251725000276
07122759000196
04786154000101
04745970000177
27487032000110
01669026000190
05549818000181
09369604000265
90622598000143
92012764001006
09646827000737
01726829000139
13501187001635
42276709000164
12431556000111
14683862000170
09620322000108
04650121000130
07250042000120
03386918000109
08309242000173
05229393000123
47508411241609
09428259000102
00090416000148
29258958000169
00063960037797
13491610000187
09474527000122
36490993000174
11093546000150
03206550000150
05145642000100
07382299000135
07508295000150
10546048000153
12254704000170
10655877000174
08112461000168
10322994000116
20080442000100
36907210000105
26373548000170
08415226000165
21814060000118
10642419000109
04803670000105
14060052000168
93543049000171
00631114000130
06283322000171
00469171000326
07250692000175
10865780000196
23210052000198
19197181000116
14169952000148
09656043000102
04124110000116
00776806000419
03110506000141
00000802004512
05475276000140
07604956000141
06162981000150
05230004000180
10646066000107
91453282000138
07739086000118
71339097000100
13265417000128
10313549000190
35988799000150
08279548000124
00924845000505
07345997000160
05824733000164
06179072000124
14750442000160
07538906000103
21971136000119
27809490000128
90149071000143
11002347000190
12577404000393
01711764000158
23930464000526
12773112000164
02761259000180
08884297000107
01401005000512
03021988000163
17317574000190
02932558000130
01692763000456
05138653000155
06951952000177
36887180000112
04836754000137
10463911000109
02608301000128
06049016000175
12392680000115
08385699000167
21815459000113
41144346000140
08021147000170
17298700000107
21176645000150
07549461000167
02321191000119
87012050000177
03111331000197
15264722000120
67908699000163
06880764000103
03550198000175
07749395000179
11052697000160
04849732000101
11312306000108
16443322000145
81630766000232
23232524000103
34622696000100
09468823000110
67887117000100
04618789000108
08605706000199
25909037000168
03995515001481
08090561000130
06886449000185
26835009000378
07259132000181
02254770000196
01882149000376
12658229000105
61412110027789
10940237000106
36417244000111
20510282000184
02752766000158
03048094000167
31968957000150
04415928002301
24206815000190
40263295000375
04240935000104
16041592008376
01123544000103
07799210000130
83348169000164
04709948000171
08400015000159
02824585000190
00870827000156
26346276000110
04779720000158
03790156000101
15361232000142
19388399000158
10833520000139
10203464000159
15761498000182
17903026000142
84623131000115
01302692000195
15337985000112
27262492000140
63567317000124
02373202000104
19541003000160
93210573000120
04596572000136
08236693000128
13611716000177
61585865185003
72187115000148
03575313000166
14168259000150
41367202000153
73215196000105
60703675000129
07532312000195
33871567000192
10811797000160
13868245000420
08111264000124
00102744000389
01699426000148
17221296000173
04314368000185
61412110024925
45543915004845
05068480000146
16847141000184
16690632000164
04080593000102
05437097000118
21203617000184
06081956000141
12593820000113
04985349000180
19867464000128
17583622000192
17803384000183
20935241000130
29661030000120
43455179000184
91934968000140
02814573000346
02833246000170
07532048000190
04687931000160
71346282000121
32782278000154
17781751000195
14611298000180
01616172000157
19566861000160
04973919000112
17943291000316
17150858000135
27473123000104
05693152000130
43326826000158
02002302000124
33852898000185
04795867000131
14478493000184
08824155000154
97422620007325
45599941000121
12436830000145
33089640000179
63445266000168
14267003000109
34624379000203
10399704000132
08758191000167
05205097000192
40856999002133
11218910000161
02616655000203
04709973000155
32761533000182
08887050000144
08219293000104
38053450000115
05366458000182
01265432000197
01335140000183
07650319000705
10666985000142
07016562000172
02370897000170
09618649000145
09282908000100
33462359000130
26163539000155
01397534000166
10547463000121
20629355000151
00215580000134
02330843000181
01084652000114
08053617000187
00543213000240
14718074000172
11952780000196
42591651003401
18610671000130
85014793000401
04487745000188
18869898000102
37462629000163
71322150004408
14368728000185
40953200000183
14529945000452
18985155000190
80359466000206
39182191000195
55607113000141
79065181003371
01049700000214
07969408000115
07567194000150
25247860000155
06511109000250
19678344000182
06296340000198
27735695000106
36790038000152
16494569000190
07710384000266
04697604000190
05392411000193
05307028000190
10805893000368
37222387000130
06313437000161
11888303000109
05494243000147
40849465000136
21248483000118
04870286000117
29698654000112
77630630000174
10889982000178
23569336000175
15151046002041
54603659000161
09386795000192
04635302000197
04341294000176
12781900000100
03477249000180
14562446000114
12187300000100
12365215000195
85151397000175
20395042000186
23883852000170
39346861004400
09456714000183
03651545000156
63763296000112
03640421000175
13393816000174
13574594047400
09217066000102
02422179000109
14578806000176
27757343000151
09173282000101
07678849000168
09468769000103
97299820000168
01438784005590
10845263000155
16466088000171
03377845000199
03771866000194
19511716000181
24976323000183
05976143000157
18163356000101
10791164000138
09082696000117
37467107000154
45543915010497
10780321000100
97522161000187
02852318000126
09441054000167
01991038000306
01448977000139
79379491004413
16912411000193
37485877000120
08814217000147
07845067000176
03052567000108
07291906000151
24987760000100
13910761000122
03831677000160
01751511000108
12762488000173
18978669000118
22742919000193
01002948000149
02164120000150
02373443000153
13048230000172
09374121000178
63765614000184
11691181000166
18501955000198
05261226000160
00992097000670
28238558000129
13294674000198
01438784002574
00507061000140
02434661000312
15188822000115
00639168000141
07844179000102
07941488000109
42591651028404
11871512000140
11962338000140
07587585000137
14315998000128
23310824000244
02898917000180
92559343000109
01998069000119
07300151000104
29069036000103
79830584000182
01754239002678
17388459000107
21339084000162
59800144000175
47508411247712
07992629000104
82729922000107
25410283000170
32242976000248
01075041000100
06369442000196
14363907000120
92381466000100
04112118009461
10876822000194
10235168000130
07339539000119
04325474000164
02779390000175
02303813000186
16559282000100
02814557000191
33014556006127
29309564000192
29113842000646
77976579000157
04277728000116
03011153000122
07791989000148
39905617000191
02567330000199
01056640000186
09020027000110
89678395000190
05454055000195
02502572000102
01134502000178
11350183000191
17714655000124
09100288000140
15270064000180
65193286000114
04887419000320
05938160000108
07309244000108
25260423000171
87417838000163
08950985000128
39810593000197
03293943000148
27488725001107
10472963000141
25962598000120
00031708000290
03656721000142
05956856000159
07992626000170
18759164000162
66889312000106
08847674000138
02894742000214
12890145000194
04432236000158
17814656000140
06701742001607
12243627000152
04188755000112
54470166000109
15171301000155
05862994000179
14223541000193
08184543000118
11856861000273
12335814000166
06927004000104
05159610000156
05792434000195
26685925000107
42425264000137
09647935000210
31533367000102
24562209000107
05735958000144
08582719000190
07026076001107
05992445000119
06244120000110
77028082000107
13321773000111
63752679000195
08990607000178
14755933000101
04281885000103
83240333000620
18141692000153
10679693000144
19950478000100
12486809000405
21768898000112
43283811018369
86539590000140
23957236000540
14804412000199
32864795001900
00867510000160
05395891000146
01899664000105
12294208000140
88270087000168
13105743000178
09006587000110
20792749000126
08427651000174
02789496000150
04287714000183
03995515002100
09105304000198
13960735000109
11674907000152
85347268000157
81344335000129
04961398000183
05338893000446
01699962000143
01896483001270
15064346000120
75180398000194
27352004000195
06116481000181
05824688000148
03125831000188
05449316000189
00245509000102
25176124000153
90189101000579
90080573000165
10373929000110
04790918000132
39814835000200
01433908000151
20317540000100
01705630000124
09207976000104
96252770000109
01065069000166
19377370000170
00860691000101
62554282000126
39508023000490
09513162000106
09621592000133
08326371000170
82494030000166
29285269000143
07589610000111
79379491008087
14287337000136
10684770000154
12162709000172
12419487000201
10194830000150
92656784000129
06140141000277
25373694000133
02948927000183
47879101000148
00499809000100
03621904000122
07851862000843
05162640000111
69407781000130
94917762000109
06901471000157
03053216000103
01023407000105
29568623000147
09254561000191
02737470000168
00422557000110
48620173000139
07972000000100
06718431000174
01638432000195
21414297000101
10964812000100
23463268000599
11297973000150
15003533000102
39346861038649
89839302000161
03010885000793
10896541000101
11369666000138
14656607000139
10911087000102
09179515000175
59404608000124
04341944000183
19594040000137
03812019000392
12339722000154
22124717000188
16520270000163
63867519000191
03710847000158
15575789000267
07476781000568
11418288000135
01928075005835
43283811003094
27887306000168
26453860000174
06052683000107
00982905000104
02631359000192
21238015000162
01424738000149
14056375000188
12354131000156
09060788000287
02694676000158
11312262000108
22109156000148
13072399000168
02956836000190
20021022000145
19574332000108
04702812000130
04735867000146
39825583000125
12855890000100
24864285000177
70184056000471
02558109000760
09511730000121
02587991000186
25289147000174
05087389000178
06053479000100
05220251000871
67056770000127
20746860000186
33651993000200
10819524000162
04287217000185
05241970000100
04334624000104
09009822000108
07229358000130
02028267000112
24849143000130
87086963000138
10282477000160
12905761000171
11803092000164
64952823000108
15416719000185
84509264000165
08104359000200
17575743000192
04558345000116
12505216000198
16594086000168
70174909000222
14313583000115
16233389003928
84738632000147
27898639000192
14842482000131
49961576000104
02251574000168
11790504000179
01906033000168
10596388000199
18555320000173
09296710000185
11087003000120
33376054000105
10818778000166
39359781000140
11031145000176
00462248000174
15599790000140
44629004000109
72444649000102
04130522000169
88841564000106
17293324000168
15510226000100
10788156000132
12936162000115
12215945000100
02997871001552
81461592000140
02468142000103
08293489000149
01659958000151
61566204000189
05168041000105
05794980000165
41371139000129
03369825000176
12054228000143
11600491002252
06050174000145
10829312000247
27429844000290
16947509000429
03642898000190
47960950041316
44986743000158
11596442001050
61585865138692
08827663000196
06081827000153
74870080000172
04278421000130
10246728000151
21686893000140
20249273000181
01393229000104
05563868002329
73664823000195
18585506000175
02673547000183
17662203000146
05622375000107
02303977000103
02325010000122
33014556014812
15288016000119
14445077000180
11205880000159
15410879000117
09321716000165
02982404000153
20598215000163
00207275000109
22530921000107
91165829000523
10969139000100
89371058000155
40423881000178
04585224000163
27806687000103
15072846000295
07516727000175
03784841000125
26250811000215
01670656000184
03856124000242
09099735000199
94139086000181
01267951000194
10594821000157
07999380000169
08558108000106
73807471000422
31610334006494
16520264000106
07182329000836
15024539000158
92749647001615
17314329002769
02323676000141
29067113006208
14351577000152
29160616000101
01491768000178
37206828000100
08116767000192
93489243004294
20335242000143
02378406000138
13022199000109
04029903000156
07554919000176
05079193000131
01644731002003
22829550000150
83880724000102
83220574000100
02837665000180
07246543000132
01363653000106
05801999000191
07321190000198
00933414000173
03669990000143
04664638000188
07231375000101
63626055000121
07354003000172
25615246000107
09015907000107
14771680000151
11672710000184
16581655000130
01936275000102
04919212000209
06053641000190
05972410000118
12212362000125
04931489000176
13325613000140
01227060000104
08678031000108
81648115000199
88616552000170
01976860001604
01881705000128
26234856000115
08407775000198
08412520000202
75400218001376
23299701000179
10171688000126
90763335000154
14675771000193
23585572000185
06057223035129
17300747000168
44622389004927
25562463000259
20537703000160
43950492000199
14903080000108
53121356000301
89848543937594
75492694000805
07767551000124
00946244000161
04542569000130
10396622000134
14174585000170
12186950000212
35583475000132
53045266001270
17828137000131
44367688000118
88704358000146
24303099000169
16888618000170
06951017000100
27964851000100
07173063000199
17015944000135
05110524000159
13216294000135
10588861000196
57145039000114
14626766000190
04417594000272
12102698000135
16602852000199
13156939000191
14318826000108
15275670000198
74406166000149
14513552000108
02145938000206
00189723000180
17314329000553
08845785000105
31460629000148
17730270000150
15310845000150
02409391000128
09818790000191
07758095000156
08639419000108
48643365000160
81404097000108
01472511000179
02949184000166
07096814000110
13954231000186
03526953000186
24475499000151
05493742000110
96727854000143
18908465000100
65431082000174
06374592000350
13955215000108
12223727000389
08383773000106
00188254000185
06235926000142
04127889000123
24843084000193
22498227000141
02106990000172
10256071000103
20893827000189
16086530000134
04161074000160
10478605000146
12504332000192
13897907000147
28206904000197
01797522000129
68513472000181
04115174000150
08302726000190
10851582000416
10385072000158
20695153000108
06271952000126
07907120000116
02361146000198
