11082715000157
09184128000127
29109766000190
12894050000149
28494917000109
18060385000148
01137638000131
08278085000186
01670060000184
33940867000186
92884550000139
02068723000158
02735929000194
03476811012400
09006038000146
32919177000182
20151932000142
24271875000196
04021391000181
00833272000172
05726120000194
10413154000169
07485523000114
12574387000179
07718845000247
26405142000122
06331448000174
06158038000173
50472851000377
02714223000146
10932073000175
26442975000163
25247497000178
84608090000198
97422620001807
10450525000182
05341742000102
11275582000135
05091741000149
41097346000137
22143669000175
17967374000345
36931301000500
01122617000142
05833554000193
12314328000161
21969927000104
14062399000140
07875477000160
18323212000175
13033841000147
00284707000177
06080542000106
06072176000135
72908353002904
51484749000192
07544373000687
08974594000143
10695211000140
11906599000143
00416906000191
06040302000170
07222185000551
74128612000109
03417907000220
34637165000190
17256512003484
02846505000105
04646823000220
69599389000130
89878417000165
04994214000181
04940213000154
03264824000167
03867404000175
10331236000164
89237911010103
10751583000146
07569714000164
05033332000196
02812552000120
95419123000178
32657991000176
33438250012092
01274520000155
04260143000193
08705241000148
18588530000168
12084948000151
20424020000105
05049820000191
85180404000167
09358480000131
25816679000112
10872381000152
12328634000157
09663620000185
13507291000150
07804418000109
06042931000139
34770016000103
33957630000108
93209765027660
18194949000135
02592961000168
04303569000187
06143264000180
15941354000108
17251963000160
13987980000100
01405900000181
10727788000196
08042052000132
15531531000188
09067470000147
36338028000180
08038327000164
03531132000138
03861291000109
09456178000116
27647414000163
13960696000140
00696281000169
02807687000105
18672021000119
91704882000202
20174685000108
49474398000197
09050355000160
75991257000151
01125543000106
06087095000109
68851401000199
03873421000115
21859083000149
84493139000376
06938371000103
03789017000168
09942914000146
04962228000113
07240641000324
05407297000128
68089846000183
05152588000112
10765318000117
04110265000365
16849232000159
14549205000135
33349614000132
32598485000153
07545926000101
07827911000136
06945522000142
02968810000161
06126094000711
07843047000409
05728775000100
10448169000324
09047259000162
19479554000141
12906491000113
26797340000189
00884915000107
07421989000156
29137764000105
12799463000144
16513138000124
06331930000104
04909805000103
73125809000113
12900075000108
06120924000108
00904036000108
66205832000152
03302675000183
85110898000103
18966246000188
07243282000105
12126204000152
04175499000129
26243919000108
03722226000194
00401825000118
11580269000100
07675438000119
03392068000151
34028316253079
25156205000191
02594440000140
21249722000154
20356330000121
18496252000119
81684755000154
25367530000101
41634353000120
11953859000212
03825719000150
05816128000222
12483506000188
09217493000190
09658330000143
07126076000107
07815372000115
04808839000101
04243106000258
20284417000130
23383160000162
07986555000101
00408167000196
25317085000167
35820448001299
11005526000180
31790686000357
01598720000163
47508411132303
08804059000225
12810093000107
63004030005074
19221363000185
41142803000320
14540709000194
11554989000100
18729073000184
07415082002470
22233033000114
15809378000108
67845172000137
15018717000138
04590020000110
01008713010208
87668273000197
17164930000183
02082797000149
01088447000127
64370885000101
01653962000102
14277239000118
10758168000114
42591651180885
04982155000121
08232871000142
24150377000780
28035517000135
13896271000119
11066288000113
08639254000166
30458934000132
02734023000155
62576723000190
05546064000106
03579343000140
28844874000144
01060278000117
04612510000332
10886197000161
03314004000132
12002549000102
11134845000196
03919884000170
12149947000148
22280589000161
03010695000180
00447821007698
03324124000110
24818577000173
10321549000131
09071589000193
33624461000194
23083399000117
13977164000115
06057223011530
09425270000119
03021270000177
33100082000103
20146769000120
16115602000124
21233405000140
02879926000124
12195580000107
02585246000106
11341132000101
10497623000175
82656711000183
07755871000164
16830157000184
12163516000136
04275763000287
17473600000170
11451979000130
08253862000138
00678076000170
15454226000130
19302791000132
98411416000105
22759670000129
10633022000142
03255372000157
09222471000119
11753312000192
03743073000161
02014743000146
00748068000153
09281606000117
07030785000194
36894574000106
11415523000115
13684597000182
00704945000194
04446949000170
10805349000154
03825735000142
04133628000116
11347124000164
11550251000166
10248849000132
09138962000186
38747481000176
24660664000145
07209358000178
04021632000192
60048717000640
07222185001280
12992912000176
20140256000101
60822632000162
53419859000104
04339617000197
06047857000143
04109461000158
04838578000172
10549633000107
05229081000110
21850740000197
15714275000164
00707249000131
05813248000195
01469070000156
82323262000151
06275581000150
13097890000143
03993609000105
49711039000297
10803378000187
09057961000107
57881898000171
13077342000151
15561894000166
07138622000120
09111440000190
94210010000103
09379219000118
39346861000919
05426336000134
12917442000186
18003528000180
19350180001727
16783801000100
18319484000100
02779368000125
11725882000179
10479643000113
07688265000173
05136531000120
05276544000102
01026869000178
21804627000175
69366326000133
01993183000407
22191400000164
03959721000111
82210071000183
08547432000633
01625708000362
00484986000384
66280256000108
26070870000120
33452152000184
87378428000584
01804161000109
03425536000147
31906118000107
17194994000127
15042770000174
14489089000106
01034883000113
00845706000154
02505043001398
73536666000132
07312656000199
25014013000140
03655304000185
33014556028520
07851418000151
00817412000119
05049306000156
29776462000187
04016587000188
09470088000180
05623889000187
03407248000160
07286541000177
09421429000127
14004085000190
04899316011314
13104799000370
02347720000153
30666069000110
26471425000172
11701016000148
55397137000113
24653386000107
15236054000128
06348082000146
62415096000106
20534819000146
41688037000131
09100479000102
00420157000176
29412870000150
04921849000230
07965809000369
20054780000160
04586875000178
07715088000177
01334614000172
02576814000102
11299171000180
04911494000117
07610883000109
04376684000343
13791209000162
26574250000129
00288122000125
02329217000175
88613286000121
10883821000177
06626253012249
69945491000140
02749085000130
02802310000155
00605902000151
00652163000159
04738684000184
04864794000192
06317779000150
17835792000117
22044991000147
00143229000185
23893267000150
14749549000198
17169112000173
92232040000772
75587915006002
15419717000140
00151886000174
01282924000352
04950056000168
47076898000145
03989217000598
10258299000132
07646333000131
14743644000184
07943972000169
82040122000176
12935052000805
03614403000119
00829052000175
02396659000134
07086991000116
27346178000145
04535390000155
96832571000161
13602865000501
25470196000109
72317860000164
05087865000150
20828538000104
21346206000148
30094114003981
06184654000107
83054395001104
08164309000129
05126364000306
07187888000243
10462162000103
62106232000186
93489243001430
73982340000139
08855124000160
09660809000114
37616430000142
05315179000270
68614551000189
19765239000180
62410352000172
21065217000150
09151885000102
13666263000186
21529534000180
09592552000100
23895193000191
31077637000100
15504750000178
35304542001023
07622576000130
10309760000139
08015389000150
02047542000145
20232140000100
16738564000166
79223871000124
07860367000124
21830073000180
24787755000146
07738374000158
08884038000186
03663819000127
31332042000153
06159061000182
33363250000145
00972786000109
06626253008802
61998316000109
02357181000133
02822325000185
07557374000151
34750281000111
07113344000156
36002244000150
17771397000118
69414522000136
02274008000252
82183658000140
22678495000145
16803496000171
08064816000190
27593110000160
13111800000121
19332961000121
20283234000109
92012467008901
04539255000188
46476420000140
13021964000168
04157648000127
00146513000105
14922525000199
40201667000177
01480765000139
15076983000117
67451252000108
07587471000197
21909361000125
10497186000190
19353485000125
42341636000147
05951362000181
11178040000144
09538379000162
03621547000364
12045408000169
02930551000180
10631920000161
15498531000123
04737552001452
06536883000135
10383027000164
18610335000197
13451162000198
37187465000103
72099815000180
14156416000108
26657676000146
08643072000169
03569871000119
28951184000194
20298536000142
07582612000189
11984095000141
13783311000116
01590004000130
27815758000134
00440871000126
45046794000162
17246830000104
06997602000141
81111734000140
11326726000135
10954747000132
74666603000163
38754917000154
14313896000173
00063843000137
12006414000107
27582807000136
12926595000190
07483046000158
05303828000132
11458302000124
05253631000136
39346861021916
03084415000189
05170200000106
04764378000112
05271059000138
07932971000119
86901683000173
63016513000534
90268772000100
07309485000149
17813370000140
00114130000406
16580748000906
18150037000161
29049611000106
34972240000170
08139029000160
07576709000189
05910245000250
13551220000155
01438784002655
32189334000222
07972276000180
07198100000113
26641184000162
29323367002090
07270366000120
47508411130360
64171754000197
06062921000165
01444283000123
37063328002968
03309426000110
07532903000162
42407064000151
04584726000412
34028316067607
15695981000106
21660566000110
18935742000174
04293164000105
26231453000112
10744628000155
19748412000132
45987005014300
02357851000111
01303788000178
14655595000128
07299435000128
02981441000147
14572838000245
19274263000117
26803833000184
00436426000192
00785172000118
21249875000100
08773664000103
06170058000160
03906801000109
56177868000116
93312239000188
97544137000149
10609245000174
10911038000170
11658592000150
55093702000159
13004510002718
04120065000121
03771350000140
02814708000101
44358067002707
17466580000100
13123380000101
04523811000128
63495030000136
16589137001801
07037347000239
02381851000157
08949526000124
89237911009440
04684519000197
05550941000112
85784858000147
02618404000179
01182484000108
94568607001198
12005125000193
03932800000139
09157801000130
17894596000113
12489812000121
10641750000104
82699588001150
29950151000192
10591051000199
22072985000101
17138637000141
03605774000134
06032992000115
12214790000197
21374395000162
02472374000135
20220198000207
02683641000113
88318456000145
18581728000110
24686197000122
00401537000163
25401966000161
04794573000195
84749324000117
20414134000166
09273041000126
19740999000133
20731306000125
06334832000201
02514867000190
18283318000192
36548691000100
14662008000128
83240333000700
04975295000172
22006797000177
26144570000149
06210394000199
03564521000160
39759030000111
21414958000794
07151873000144
05133297000187
10708093000167
08221690000110
10538911000120
36453744000370
58812348000163
41600925000150
29374428000186
03548789000370
20299516000196
02249808000132
02285982000130
40434458000173
03604580000114
13807057000149
17352109000190
08335717000287
13488246000104
08966754000102
47508411117851
24149547000111
08571058000105
18526631000104
62305495000114
06257074000194
00133124000145
13957428000179
32835217000108
23030523000186
08730592000109
91707968000531
01215098000167
66697137000155
56007859000349
21851003000109
20601653000133
03931304000160
07275031001508
07521988000183
07735995000269
03239609000106
03167364000159
13703167000160
32824385000106
14166713000134
03444274000320
34028316529759
07695007001862
05085271000100
07317152000242
07979946000190
13613869000153
17690973000100
04755935000139
12158619000108
32864795000687
01963632000113
05878270000113
08699982000163
07852724000102
04155068000109
30803563000260
11680245000123
04966342000111
30883466000143
17214851000130
23326986000190
05386485000117
17888545000189
08053284000196
39390570000170
56045677000109
12298025000100
02003333000108
04563196000183
46879391000167
89555098000157
01995076000167
00794590000171
02322458000192
11842184000153
14199641000121
02845990000194
01424169000131
09608765000183
11509771000125
14879210000106
01991038000136
04072415000121
29339991000113
01559727000176
07473735005817
01500165000195
04400154000121
16951709000102
09377791000148
11875165000123
86601572000141
14807396000198
24474206000111
28875061000111
16951040000159
20852563000115
02906744000103
06263472000113
07548101000140
21044970000169
05619226000199
04262188000105
17181598000165
01068848000115
05352953000132
33014556137736
85383743000140
11664557000143
03346422000101
51769255001207
24492237000103
03460327000134
22971626000188
15567448000169
09432249000140
94367794000170
13713348000178
01104600000162
79052460000113
02001424000104
07765445000101
00335801000108
05255418000163
54343595000107
15173939000125
41550112003704
01316259000109
11517841001592
60478989000175
14568548000228
07735995000188
04790977000100
17796865000109
60537263104883
01848085000125
24868423000196
08353517000176
02681570000110
07909208000177
14568548000732
05594724000124
16947475000120
07358437000140
08388138000111
07027856000108
02954358000189
11398874000165
63004030004698
12410501000125
92668813000172
20308905000130
06335698000182
05594015000149
04608458000189
00065723000179
03261925000184
08829197000188
16482716000102
26813196000127
06995921000118
72628407000330
00174234000155
00912269000144
00306597001926
28411015000161
41930199000991
07684186000275
20903522000100
05443854000166
05824110000191
09102432000188
13661373000155
13558547000159
02580362000124
13574594013689
03816433000108
15529365000185
11975444000240
03144930000107
07662941000130
00902635000184
02290036000182
17782945000105
33715469000166
01560670000125
10756907000139
63004030002482
35603612000153
07205024000126
03483492000101
10766597000133
11377428000174
29624194000188
08068653000114
17654293000123
80451289000366
13382733000180
03621976000170
09570593000104
39225560000180
04459473000102
21821951000100
00273913000181
03578089000166
27214950000175
10306144000124
07566603000102
01880102000101
06234501000119
14395513000153
02636091000181
02843822000240
60829264000508
11155606000112
07768470000149
59979088000188
09617037000138
13236838000120
04853164000112
03845243000119
76557982000189
02104824000137
01761367004501
40980187000151
03278203000132
85205243000119
24941640000164
45593613000118
07689585000148
07264245000760
03977014000158
44367514000155
14773659000195
08513851000140
01961784000268
14804092000177
26897686001040
10282098000170
95852059000114
10480427000198
93489243004618
09442132000733
07125706000129
03301618000180
11925903000108
13199243000142
12107466000170
11024783000160
60687225000190
17271999000106
77817583000172
11264984000134
01830445000161
06047604000170
03338460000112
03059830000182
06245509000180
47508411029219
21388085000105
68104611000113
05371933000109
08589431000147
33126715000144
12374388000170
68829662000102
50451137000130
15987092000112
05043916000223
06229649000165
14004737000197
06173169000120
06334634000167
10555031000162
41470451000170
04481985000175
15275157000105
01537271000143
06057223009713
02107090000140
09147378000197
33014556066294
12815012000153
12813989000131
14665351000126
01799689000129
17320415000145
08222085000164
04937272000173
13954654000287
26633892000151
05880887000173
78289709000901
33720521000172
11540775000176
08027671000158
93211043000105
20415295003866
54190319002361
32472045000155
22282995000163
12058661000157
04737552000642
16633937000134
00794732000109
05362749000100
35965144000167
73874869000139
13309858000184
11745252000166
53114203000175
51890275000189
09306670000105
01977507000162
12987114000156
02428123000153
33650060000109
65812885000179
33764135000182
83892125000109
09675179000151
84710391000128
03131345000172
03031825000161
75958439000120
11862934000159
24954292000160
28150931000195
04333416000182
01379178000158
27231893000132
07940969000191
13569064003418
07053903000503
45543915007437
17663690000161
27830116000104
07830348000155
08633047000285
00814712000144
08921804000135
09344531000176
54086012000100
47248547000174
22020079000155
24902082000128
19489341000443
05458867000109
07777651000131
07407914000110
06895357000161
36902971000760
08985370000137
11160810000121
07887403000143
12936566000109
69915536000133
05966708000115
16571889000105
04111904000145
35619782000126
87779518000153
05531376000146
20883985000158
00089377000169
02618956000187
17040789000107
03388412000139
02777487000149
07227228000168
81795932000170
11286025000110
06165198000220
13567247000136
20025135000119
00765848000101
11174512000190
03666102000139
09046452000189
35881333000151
58731662006667
07056313000100
11283395000101
93412062000191
11956424000140
24902615000171
16713225000206
40790719000198
05142551000103
21094842000120
61848073000122
03396565000128
04548343000146
11165886000140
87215778000104
00650682000188
00285753004935
83400093000179
05019524000148
93653202000113
38869830000122
11819820000126
08622987000198
69623932000197
03636724000114
94160991000113
85257913000140
07167551000193
96735022000330
11546372000134
11596342000132
01906805000161
68824473000147
15412618000136
29014787000122
37441714000145
27049791000109
12320070000106
19751553000104
03396473000148
12576832000130
21339965001236
20054258000188
01858106000193
88152939000112
19292712000150
05359030000102
06082944000131
26421829000151
78650330000110
12402120000102
07802169000104
06140504000274
13174519000138
05243999000202
10372750000148
10610979000173
05283436000159
14390760000167
15618473000124
08638794000125
06910305000117
13344113000156
91608695000144
02741001000112
23109653000109
06178317000107
01740627002004
19811959000216
03019303000144
00415212000130
08692843000299
12038065000105
07785568000104
30170267000198
07599837000148
77598993000170
83470898000199
12246531000148
08923700000160
10296893000118
91581579000189
13452539000123
22070742000126
13700194000260
13431672000101
11885947000143
06267026000187
00868835000168
82207705000149
32668063000107
61506481000287
06311489000875
04515006000152
02234604000128
06626253023798
17572635000166
05210484000117
94635554000109
20676918000162
86607082000233
08367148000170
32775389000133
04899316002404
08806873000106
45543915034833
09193481000173
18548319000111
73844979000158
00716640000100
05028908000127
49054513000174
10198241000140
04098754000187
10642517000138
14450357000186
78901915000327
11343785000111
05817753000108
19046218002159
63646855000104
12059465000105
10832955000592
00285753002134
73736340000159
00215463000170
02777561000127
14356207000108
03901674000155
16844315000155
14505330000143
09191934000394
49732175004765
05207619000195
27175975020809
08953873000120
32431109000170
06131905000187
43090877000123
61585865108513
08810254000187
05926775000106
16823976000102
19547772000176
01655362000183
03832357000124
06018684000135
07424521000115
33014556099974
11653324000145
45236791017833
00676849000180
01687168000180
00878816000112
03933182000141
11109080000134
32987579000114
16416402000101
00410795000106
23339575000139
08003727000134
03815668000185
02896671000108
11620397000130
26760385000189
09453375000181
21778404000180
17024760000131
08257841000271
09061374000191
02831172000566
19582241000114
11942073000119
10255756000135
22974273000170
14828340000110
17921860000160
02027755000105
14129247000117
85074110000150
11698551000197
13037202000150
86862463000269
03742080000149
13464072000131
42055673000199
03847760000127
28138113000410
85177293000130
14669074000120
76430438008156
11022284000133
04954179000177
13165731000139
27720846000152
09072520000265
65286403000194
02318345000113
26238096000114
94537669000160
08602467000113
08094157000216
02425806000157
12373050000101
60592516000102
03079321000111
00834723000196
11086712000191
82281262000136
04120340000298
20129803000158
00988152000144
08704451000111
08639849000111
03479108000105
09404889000147
81318693000167
07381867000183
00654107000153
02655986000163
46622668000171
06023028000120
04454448000136
19803923000100
03061175000105
04327506000160
17574585000156
07268630000190
07865760000100
19523733000139
12100169000100
06310870000143
16996049000186
77300416000150
02617625000122
06144793000107
08240660000151
12480228000105
14302592000100
04778125000106
20037677000101
04926297000171
17043407000107
05318087000163
09232177000198
17731257000116
13263582000140
17713321000136
92665611019943
14534212000325
08989259000119
02593018000170
02944838000169
20744268000145
07078401000103
03000854000166
13135931000149
03982166000149
14686183000155
13557726000171
81003097000430
04145035000170
02751499000102
83669614000198
27008904000110
19407565000116
07196106000151
12225949000179
72215270000120
15441702000188
12094463000149
19134176000164
23855765000109
74008475000160
09103947000100
11696024000143
16764561000105
07091722000229
44422343000110
20445537000172
92665611007937
31599608000108
30239057000109
80006117000111
08824171002603
09487830000160
02659478000153
01422717000194
02594038000165
01032075000117
08837615000189
19086239000154
79269205000127
20631004000185
12538250000169
11312157000179
13636753000130
56872955000193
22685030003056
12868688000105
50222827000118
17368283000121
35292515000278
31056849000100
02817409000120
00063960001172
08954892000171
03202767000191
10678467000149
05932284000259
84886951000108
14169844000175
11885382000102
20212019000109
96293063000152
10365368000107
11267635000176
26792580000190
09416385000147
14082648000169
26708943000167
14360644000103
20701081000164
00151457000105
53895041000230
72627771000114
33032442001060
01305437000104
52956034000158
24056871000195
02764053000104
81169815000109
05213853000125
10992212000156
19071498000101
44710374000176
02016108000106
95594552000181
10567651000111
08563964000150
13683026000123
15121653000104
09392341000981
01793019000103
02759080000199
55905053000143
55220693000110
12837408000100
10459864000120
63478317000158
06096827000127
07482544000186
32320318000146
08858824000109
10844106000125
01023964000118
08656692000132
08340234000190
13758726000130
18570898000107
06941107000110
33014556091485
81307647000162
22329194000106
03620335000109
01875428000140
13313796000184
20787169000140
07473735008590
22637983000104
11102153000166
92942564000757
12240088000106
34613273000123
03734202000236
07002408000141
28105590000136
02579728000145
02314041000854
05409686000192
56858236000118
14112511000100
71186837000115
08861554000195
03702919000115
03539462000684
03469182000213
04369988000111
03665115000193
10539608000142
19768483000105
05019023000161
12073411000196
11914542000196
17794137000168
10763138000104
10599931000101
03722064000194
03714728000173
02695819000227
10724982000118
92012590000352
22522782000161
10943960000149
14841868000200
05268539000140
14681814000143
04857648000130
13564348000153
12638794000100
19531342000166
04361006000145
07348549000110
83122945000103
04462847000149
07595508000129
03348260000140
30897383000103
14610546000179
02986468000122
03575307000109
47508411039958
07900464000101
01272479000188
07210707000171
39401807000171
05655708000366
05452754000104
00057917000122
20299842000101
17252903000162
01002502000114
16986769001132
00672600000104
02979410000151
03201475000134
22455686000148
66443706000136
97399737000160
07778711000130
13971571000115
19793979000120
09587392000101
08114348000111
02199204000129
24837676000100
20616648000102
24380578000260
02076256000108
08420154000306
02510899000118
05040510000106
80228802000192
88834387000122
06162692000584
02050130000164
19848233000258
85240869000409
06126094000479
20078336000427
21523259000197
05312543000168
09326362000141
04066860000189
05254049000194
15146506000180
05482446000113
00423510000171
04336735000141
04455836000131
00994362000145
17293701000169
15396052000104
60935327000187
41424276000427
94989027000526
08160320000110
10780247000121
13472132000168
05270818000148
15467090000100
11607326000106
02393563000112
20967567000149
24214298000109
01623572000270
11906109000109
01211017000150
92847219000149
20843392000168
92641075000170
11944835000116
16800252000216
19753797000126
41498031000100
84423797000120
02523255000164
78533403000193
09571255000189
24765582000165
06251278000118
14193830000197
16588374000100
01397743000100
09470480000129
13501187001988
81372708000175
05460784000154
04127483000140
06279284000183
16749115000113
23506625000125
18067458000123
71119010000199
05435073000120
50753474000182
37046265000130
01188329000190
11965515000223
25294117000156
07687467000109
14339751000141
02806326000136
84752633000146
26410478000183
09310512000129
12743338000112
15426919000119
14790716000144
07739041000143
07983290000341
00947947000104
22335151000133
08873048000116
04208782000100
05393596000231
07688812000200
24073694001127
16742041000355
10757120000191
81642308000213
08759842000133
13578162000153
02087236000132
00596476000137
03513874000130
33848516000140
07549863000161
07473735000939
02375552000100
22984996000150
26852137000168
03152389000189
20730485000186
15263613000199
26409177000130
05747032000179
07613373000187
26656706000108
05431393000101
09114027000180
14776389000176
83920173000155
11910104000150
01770714000141
10581219000185
05391889000107
61329579000125
00326761000138
10770505000199
15847874000318
14988892000195
16976164000199
48632996000184
02623181000138
93015006004020
05956119000156
05164152000143
06275777000145
10359978000106
02876858000220
18277893000182
05354616000184
83240333001782
73426660000102
18429415000140
03821080000134
00307591000144
13543208000522
27372275000102
23531940000102
07483122000125
29259515000192
04359603000135
13972982000125
17211798000113
10974333000175
13720280000154
03721251000153
01459268000159
03966240000567
01563460000190
05973832000108
26847236000151
56484728000190
17264446000126
11974449000177
04691443000127
00285753001596
08576203000132
10857435000100
07042745000162
17086108000141
07587634000131
15676418000190
20884578000165
03718438000106
11342912000915
02898188000162
17763681000142
16832826000157
03916847000109
05217488000470
10950215000127
79379491010227
08785320000106
07756485000197
82480401000150
10264683000148
13562468000111
27833615000740
15722053000274
26704459000160
08796076000268
04211754000141
08935626000100
09175070000155
15051266000130
07240641000405
62279740000166
09013774000121
08219001000133
11174486000109
07699275000708
02046062000160
18709830000158
83488882004362
29149499000347
02813983000453
13983254000119
04968416000159
00241832000108
