10802808000146
07622358000103
00289864000256
02349554000124
27701701000104
45236791004421
24687600000138
16670854000115
28951506000103
08529969000166
08277160000194
76668995000125
93277507000178
09349497000122
44581452000260
21512501000127
01410575000145
26439042000117
05326835000150
08829676000102
01331602000194
88475017000146
69424083000142
07547759000138
07084192000100
07690108000100
12253354000127
01800104000143
03476811055568
07495169000109
14345610000131
16953339000142
03070336000119
04141778000503
06923355000139
16819391000100
25092015000158
08912625000131
11739502000155
12902377000115
33402892000106
15800326000170
02140847000105
10863930000122
63378343000104
00340923000192
17257815000153
04851288000169
00110096000140
28397956000198
11481093000130
01948587000128
12658140000130
10990609000109
19356776000177
03623054000282
02612850000176
08229835000120
08377455000213
17192972000128
09239034000108
69394195000106
15479441000195
23829416000112
01789773000161
22377133000114
22007280000607
06235820000149
01704056000190
07234453000555
08686675000148
35188143000153
07666662000144
88579701000500
14729093000102
02697796000109
02558157036949
00003228000216
24527917000107
13716282000170
09587016000117
21481861000109
12320270000169
12125791000599
21568365000197
20276027000119
01265747000134
20871527000107
32976747000176
12707962000164
11434259000167
01614208000163
01050245000196
35661743000197
03418121000146
24321979000168
00736437000350
04827926000106
05408318000120
12982670000130
22867644000114
00909262000173
09478262000130
26455558000155
11215273000170
21858612000190
08347637000160
08871722000123
02967761000142
02429466000132
04956118000149
10361662000655
08548752000101
63878896000126
18035602000140
16740872000207
11376223000174
04828090000245
09403994000161
21896257000143
28434694000194
03646477000137
11508540000105
27041748000199
02393002000113
22991939002141
04060236000174
02400082000197
10729207000155
19293025000159
03002544000180
09463222000204
17482549000162
35820448008544
11014094000174
08792450000176
03793161000178
01775639000101
08026250000102
16703746000100
03040772000145
51509016000165
48082549000107
13305697000150
09227962000152
60872124000946
09177385000131
10994821000144
04310842000109
01847854000251
17727156000171
37646445000587
24735465000159
15259104000192
03062748000107
01648029000813
08291637000196
19534901000191
11661184000157
15071854000136
75323667000124
20841771000542
08325245000109
04337463000102
33014556018214
30993455000116
04745858000136
76484831000148
36973501000100
08611754000270
10292590000127
08381059000189
83240333004960
07940707000470
09417067000109
00088648000161
32650110000195
16829817000107
03508374000100
33462151000110
03678146000189
09121610000118
11582414000192
12057957000153
06240462000162
07425856000158
13369981000190
08679528000140
39069299000338
04694259000211
21658517000304
14987678000114
27946177000212
08518879000170
22850876000160
07011118000164
04748235000117
10670773000724
33438250013226
86983418000181
12320518000191
02615143000133
10706353000165
27234668000150
10575191000173
07910845000163
41582735000158
08380894000102
11312775000119
11752069000198
33041260143356
04887419000591
20313847000133
83080382000138
37053030000176
35239755000128
59965038000222
70182860000179
84117159000180
64437890000267
83240333000204
19192939000123
08026683000168
24870373000181
77016350000170
04842592000140
08067082000101
10984120000124
01012856000140
06722227001441
02915626000153
09302469000150
10869630000150
83375550000112
16694072000116
35320217000163
73783649000108
03361676000107
10277247000103
08219692000175
30392419000105
06626253067140
07559082000158
09124679000103
08638822000104
07288161000171
24075367000132
96619903000124
02682528000113
10013509000122
06201314000139
02641098000191
21752724001214
23182283000135
19046218001004
02634191000250
43283811011356
11614940000197
21496407000121
00066526000174
03274466000254
09443397000160
08846326000146
09346659000179
02854716000181
24598120000109
34028316438524
03561548000107
06654891000186
03025826000101
02604792000139
05261910000141
94640182000109
39018494000177
12759576000116
07689480000199
02436845000150
04255801000159
21754672000162
13724254000102
79438776000148
18063189000127
09350631000105
13987745000138
05393596000150
18900335000121
04451401000119
01242953000129
05031663000197
04697443000134
04899316001432
04156260000101
59750141000174
33014556062540
13004510025688
33443748000118
08584471000104
05868475000118
79427159000147
90174103000160
45543915002800
37612793000100
15494823000198
07272825001771
03657112000108
10532047000150
10542392000255
19967332000178
06293707000110
13676836000152
14635010000108
19125188000122
15630614000124
91592337000190
73222994000245
01474312000108
04524416000240
90856857000109
05513290000190
07297360000146
46688602000184
06336545000150
08009687000138
03676015000162
81602278000130
08307870001000
11821699000177
12670866000199
65359689000190
10250960000163
04958988000157
06905724000160
03291274000337
06334067000149
04550115000100
19425471000170
03395221000102
17043520000184
13456488000108
49732175002398
12655020000180
07519371000204
00655831000100
01639688000117
10280765003282
05601314000163
00804918000193
14578231000515
23573553000139
18716439000180
09509676000180
07707698000129
05016196000126
09492978000192
07191747000113
11016736000174
04196733000102
09042330000114
34073544000286
19965192000107
54375647007130
22227890000101
45865920000291
44985638000102
16153504000181
11897380000125
27043769000143
23001287000170
24635880000130
08932655000100
20871541000100
13331104000120
24579188000132
13319624000118
16500352000146
15178328000170
27109473000188
14313870000125
48541510000100
58013434000106
41717836000199
07745113000165
18733330000151
29401783000601
05910841000150
06035702000197
02037069000115
13029535000137
65132847000175
24547549000169
02330994000130
23650878000178
19097132000101
18906763000161
32940439000190
47508411171988
16515054000120
28580702000100
19376605000100
06188294000103
74072513001469
20302735000187
19017229000167
26705433000136
05230009005686
03735242000200
23145287000143
10878632000106
79430682012562
04519713000389
93209765003566
03611836000110
02419365000180
03361045000180
03890312000106
16233389005033
08001063000174
34250662000131
09016454000125
04012396000229
28466504000110
63349641000176
06256879000628
08244218000101
24474020000162
02771665000124
13166385000103
02492440000139
04736728000137
03681747000140
19040531000136
14891098000129
05801651000102
03341345000440
02906304000148
01029422000152
06225625001614
05928319000103
04202296000184
03112637000168
09535016000173
02921749000105
19753336000153
13708118000110
22354556000119
05461408000184
39703863000160
01244735000395
09632244000161
96771472000117
96835236000117
05858432000151
64192727000109
12809050000101
94929668000161
26572982000180
10310039000240
04900369000292
18290106000132
00605899000176
03636942000159
25451330000124
61902722000126
22733814000178
11989797000118
02669643000158
13744087000153
11232539000192
01760966000190
02904850000140
37979523000131
05785817000136
77172161000197
07705530000699
07555950000474
14777831000189
79379491001660
04980664000115
15648486000146
07544373001225
08246436000177
07536703000188
88212113030947
05569460000159
18286757000159
05281113000126
16233389012757
44622389003874
09130476000111
19225255000180
33756255000138
07102844000192
94062288000172
60858107000105
09014780000101
00519411000198
04743883000180
87651345000193
11779004000136
05147841000140
30072292000139
13235186000100
13678485000119
01083416000183
10808850000174
22677264000117
08712250000166
11063105000106
00958548000220
22602437000138
11125256000141
33438318000108
04454303000135
05287866000149
75117101000146
01581445000175
19284302000167
14796503000120
33447301000117
10300016000173
18623448000127
06192844000168
00699364000101
04415928004851
15514906000100
27354902000182
77044618004841
15008923000167
37024478000161
14053625000126
18291282000199
10767562000119
26072609000160
01014045000188
42542043000149
07496427000171
16865007000106
10797351000129
01112696000100
01262195000100
75992875000116
76578426000199
83912253000169
07026076000720
03367223000180
37525771000102
42805804000108
02139661000128
08027208000106
06223191000137
03462989000143
19961747000649
02422068000194
00080465000108
01051223000140
83522243000117
77163566000169
32870347000262
24832534000142
03460068000141
13313436000182
52801362000185
14344463000185
31767528000114
28339311000107
22447267000164
01395632000164
68548262000129
10824568000180
00304243000113
11587235000148
07497535000169
09306530000137
09599537000194
03389599000195
17864806000120
19026114000139
10330210000100
16995565000196
00534418000189
14702827000151
71991293000164
78806916000120
27398541000338
05251366000157
01893604000177
05635151000130
04947250000194
18949337000105
70045992000230
21933352000170
11938326000180
21867481000107
24848668000151
74900630000159
14163331000157
15560509000166
18178685000126
05523571000124
25490137000526
04882257000175
15072059000162
00251951000133
22780380000167
01419973000122
04816457000120
00183648000140
11456722000171
74358326000121
10396605000105
28716066000100
59149997000199
25635905000169
13817317000167
21414958000956
00614852000179
05012582000140
52721909000132
18195970000155
16720731000141
05390089000163
18374558000100
02511548000121
12192925000160
02833027000190
03094889000101
89342497000806
31786429000180
12641066000140
95365680000153
27876960000176
23895305000104
04631467000190
03602562000101
13318546000137
81433039000102
03374522000141
04112118001304
04514950000195
03566847000126
85412468000146
11050058000166
01949785000106
07170943002317
76095942000162
97210595000141
16978513000101
08715366000230
80309453000133
67501429000303
10433846000179
04058764000199
21172619000153
07395076000102
57508426001301
18063812000141
74145806000104
09169684000124
01201419000174
01660928000165
91059113000118
72336522000170
23828584000193
09072520001156
67207605000129
09160226001104
84309129000176
05371858000186
65513970000136
42064493000173
12401798000162
12958604000124
77749968000140
11820665000168
08974465000155
13189714000131
09133367000158
10480061000157
74196676000139
12445875000186
11828725003376
04555634000161
13376803000197
05506806000170
09254674000197
31392664000177
77545242000195
27457621000155
05984707000101
10528691000154
01913105000102
16581226000163
63297287000264
93209765015491
12066361000110
00357282000189
12002549000366
73808131000173
13650902000115
15343845000157
14784071000137
73927857001520
13373166000103
00804017000100
07982530000121
19234491000325
32161952000183
16880789000152
00611783000140
04259757001208
04619903000106
23105995000150
01534593000139
17764646000148
12433501000140
12545265000154
16934100000125
18900626000110
33438250024503
07731909000169
07274167000190
06293860000147
11192084000129
07483654000243
49570724000160
37554235000135
11237874000183
05726481000130
13073747000200
08325938000193
19588456000142
08439079000163
13042042000137
26095986000114
03761107000221
00099283000847
31656309000168
18381560000107
12629048000142
02380363000206
14878674000106
11602415000151
01681695000187
94904307000160
15258924000160
11368158000135
04123256000147
22066686000156
03840986004860
11273363000117
03523307000165
02505963000172
80464571000116
13865363000131
08993204000182
41032178000100
02368209000138
05216255000100
19834207000190
08727231000103
42263756000173
78459997000130
13569064002608
87704151000109
23640884000144
26635722000106
26846738000168
70175732000106
21608584000152
19256956000187
10526783000103
27101873000147
15017574000140
11202343000155
06073358000120
12477053000187
06007688000118
12184450000160
65181075000161
07536447000129
07209053000166
22488948000170
03887991000164
00326806000336
17027064000189
19572635000191
12918992000110
33563959000194
60595386000153
43283811016404
01427127000154
04237265000169
43663160000123
25725813000170
03575262000172
23979156000161
10581028000113
05636406000189
19766016000138
01193810000255
27179753001568
23397628000178
03339738000176
22514823000178
05771641000163
17600625000430
07570097000117
00931510000425
08335615000261
03439316001063
07177148000145
07868210000145
06201304000101
05772773000100
03114650000156
24323262000155
13200527000101
08784322000180
34028316291400
35963081000100
13371123000180
21148190000169
02012862001050
12162895000140
12047392000123
32655679000143
05158615000164
11904244000115
20031119000139
17270904000210
04252211000172
66457508000121
12118778000189
07223751000116
03590055000197
75700799000128
14803978000104
14094525000148
60698206000169
08909966000158
17359233000501
10570864000100
01922553000164
02228550000198
10952010000180
07523914000186
03004930000292
12508787000429
10931636000100
31263577000110
22602644000192
07554300000161
34028316198973
07688699000173
01021162000179
06664585000201
17700335000115
26949781000159
07216107000110
12592892000146
82085143000108
21046360000102
05989518000113
28954979000156
13934150000114
27233418000103
25526515000150
11807653000101
10491602000142
03785936000163
01081120000123
63199475000179
72549066001118
40534307000197
41168253000156
05852837000182
15115563000100
47105127000139
94561644000100
13543208000875
10567834000137
00661132000245
13033616000100
37494804000102
03617597000106
12327593000184
03843557000182
06352784000101
03689331000179
15388000000188
18366235000167
11042227000116
11568489000119
03811578000116
02980579000121
86550464000197
93469179000101
07402321000161
20790716000147
03375691000104
09168364000150
08609345000159
04664226000148
19350180001565
94990645000162
14470047000123
29902633000177
11093294000160
24839912000110
65882953000176
15088792000175
94568607000116
01407209000137
08974203000190
44471498000146
14790377000104
19535582000139
12350950000125
07481397000120
07868912000633
11596442000401
04852679000106
06123549000150
29416328000175
64591175000101
07008481000120
89835672000988
05114857000156
13521039000104
10559592000130
85206167000166
84429810001120
34484741000107
03421189000184
39621479000208
37164860000170
07059784000172
90577818000164
06072994000138
10978915000120
20184036000180
04064979000112
02648013000105
69598522000133
01272434000537
07475163000170
10372959000101
08546857000202
21825557000131
02765977000125
14742064000172
10794809000196
17994402000151
01764015000199
06057223014717
08198536000175
20895529000128
12114724000145
39690987000159
02198812000119
00946962000138
76816842000269
04128897000194
22869149000144
03830288000381
03154536000150
18495255000138
25742040000130
03358821000192
17351263000148
00212124000130
06162876000110
07101288000130
02132032000176
11986447000106
19488774000484
05484499000173
73735680000165
21675106000165
11028405000154
08004790000195
10700504000178
06275305000192
02778883000190
04129517000136
20501990000159
04620176000288
17094837000140
09166764000126
08284678000155
08679338000123
11245104000182
08732199000154
73849952001553
11492214000149
21918188000121
16592249000173
02384011000148
08633331000170
23683469000178
11415345000122
10615785000160
16032898000110
01016989001409
03041558000103
80979107000162
10562938000159
07487212000194
31193907000148
01095336000148
45543915000696
14905859000154
25088626000122
01425294000328
12010618000111
13004510001070
04393618000110
14464366000126
09448115000118
03508294000155
01579710000342
00836408000106
13178333000157
10983785000113
07626467000190
61412110042907
14634907000117
14290606000113
13764818000122
03595059000168
55730410000180
07609728000164
03579368000144
05139237000171
18102991000189
18367021000105
01166789000118
63588354000119
11113247000130
04820866000108
07420317000126
02745513000157
05377592000189
10281658000172
04288525000125
18292266000110
07447662000153
01699754000144
12923924000149
15295182000142
11484823000156
03551607000158
11366698000180
12054335000171
00938301000160
05471307000194
12200824000194
03334457000120
89237911026107
01050924000165
01366472000125
08371036000193
07480641000130
02004027000854
06064787000131
05543170000136
02417059000105
03143492000910
05524958000103
41249467000157
18171363000155
24075861000105
28466351000101
06076656000174
02736636000121
09432467000185
07986035000190
13194180000131
26724793000428
07637769000164
59252544000193
07753094000119
60855160000225
09664019000107
33014556054288
02183379000148
10586209000132
02369243000208
12877031000104
30144588000118
16828355000103
33438250008575
04057273000123
12192149000107
03662708000104
63781835000146
12148529000136
17256512007633
03364004000147
72152630000192
09613445000111
23276058000168
04513451000183
87755799000104
47508411216167
15339846000128
22469673000128
10482672000134
11114284003340
17754770000122
10664903000120
09505589000154
09057567000179
19561133000165
84683481005721
26226460000126
07961229000131
03459313000109
02500640000196
60537263062943
04376130000184
19616580000174
02846696000105
02238901000141
03476811073973
87292918000130
03533726001583
09157551000138
07256500000138
05815453000190
09093357000136
07951067000150
05262741000164
07025507000149
29137788000164
19989712000103
43732908000950
37047172000120
07156142000191
07742770000159
83664037000141
16580748000736
03052250000163
05963638000141
17191347000161
08342998000114
02636302000186
18482906000155
11817083000122
21689389000102
01188925000170
31456643000178
92733559000572
07624321000378
13833447000193
22145668000160
10738544000109
12579795000113
03043393000109
02335200000120
84618909000106
02924630000188
17664663000103
25048504000102
04214925000196
05374735000107
05493033000134
20437137000115
06169381000113
73891939000167
71058184000199
73629933000116
86931730000121
16743237000100
07547768000129
43283811007405
33845413000126
10174634000114
09603120000158
04060798000118
78287604000158
01945972000383
07070052000183
19032577000103
37514783000212
04149637000790
11606512000112
11960405000198
03555139000190
11390538000176
77752293013419
10825736000152
13159465000131
08955137000101
04384676000187
14308999000145
22894232000173
07879434000152
13024364000153
92312958000136
24359416000169
77133767000113
05687757000119
04126443000184
21188657000102
09568076000192
05314325000162
84306083000212
07823472000193
04439558000129
04296724000185
89237911002780
08320334000154
04152403000107
03305157000113
18454846000167
04642100000172
59738088000196
41051608000122
07774731000133
72908353004354
07591968000189
04850001000186
05582611000109
29276010000136
00553218000173
23241057000188
13535838000121
04618582000125
18651148000151
01360167000126
03365955000130
13214501000112
01912358000153
18241929000178
21583809000163
20289629000100
37081924000170
76189406000983
14066099000139
01184625000202
05209261000300
18776976000116
40762023000158
16732686000145
02494070000179
06947638000110
01004788001491
02440106000212
18162294000113
78814522000114
02702126000133
03626305000100
05686978000172
05041263000162
07766482000720
61069373000880
22642719000169
10533550000120
10420969000175
78888534000193
42591651102493
67226530000123
77849685000170
33014556079949
06112218000114
04668730000116
01036032000100
19103597000551
12131029000191
02805646000171
02461188000281
10672781000114
04968709000136
02947844000170
02333080000122
08288628000146
15647647000187
67945071037210
42443408000188
88212113054706
08420733000197
14710947000109
39760251000100
00245341000127
08785982000186
06931075000172
09578153000195
07943549000401
64076037000186
03758496000155
02375199000168
29667230000190
97422620009379
04724553000148
28475552000175
07894849000103
66168014000127
08827664000130
00666452000107
30712178000126
02754737000125
14147379000171
12132234000171
11614443000199
04214448000169
09182947000135
13218216000170
17985042000121
14220135000177
11611443000135
43283811014967
07498749000150
03131522000110
08202116000115
23057657000190
21102746000186
54755558000106
30496038000168
07050349000187
07631175000146
02335193000167
95724910000123
07366696000113
01198159000125
24126897000162
75659839000135
09060964011800
18048230000196
02724775000135
10176228000190
14425298000196
88240494000122
05980738000348
01408518000121
04565326000117
10396328000122
03802779000157
12816747000100
26638338000167
00725637000145
18613092000140
02811759000180
19766179000110
03946208000196
25203774000140
71444269000105
49474398000430
08064511000502
05900468000156
20892555000100
06976571000142
02967530000210
00610350000331
03863700000106
09036483000159
04972262000179
16725619000101
10720229000154
17290799000109
17171612000735
20298043000102
12310721000187
01339514000724
10500011000194
27833615003090
83648477001004
16068983000138
23900170000128
02470927000110
01928075004863
26569554000106
09379203000105
12709522000146
05327241000678
10961081000140
32151633000197
10280765001662
03506365000180
23808705000135
01595146000190
02797218000144
00000802005594
14046746000140
00544473000311
14378801000280
69943686000150
10494076000174
16980229000170
06182250000176
22767283000134
37131570000120
82965955000148
81453359000116
83754234009299
08878917000103
13569064002101
08723106000800
07936796000138
01449028000173
19970222000165
84704683000824
13215043000136
42416131000102
17048880000179
04895271000103
29921786000161
00108578000409
02883642000101
15463734000184
00082544000140
12616198000111
00976050000109
03902182000184
84418987000582
02142973000190
03712052000189
07672623000150
09036926000292
01804353000107
89919799000128
00279531000912
29114782000171
01008713001306
75210773000100
14241310000102
15528719000177
12773011000193
01271421000110
01083202000107
08223714000170
07080273000132
39702741000150
08860262000138
08726612000178
04154789000196
23817376000199
14111971000202
31669971000152
41257130000191
08765126000169
05770186000262
03709213000185
01004788001300
46532529000157
82600651000187
03529262000136
18200066000190
00273832000181
91688119000154
09077224000176
93489243005347
02574595000114
02421625000152
04816663000130
08304634000140
03615169000144
21105457000130
34119792000210
05688719000180
03485835000177
20158421000152
22335587000122
13446611000100
10697697000155
01928075007021
07289448000116
89237911001970
04404496000110
17498697000175
06368551000199
40958233000116
10909753000178
20151508000106
93672079000188
27358632000188
09138931000125
08026062000184
09076786000103
20122924000178
24386708000190
15562612000145
23463961000138
09656546000170
00041327003801
01593726000148
00959052000351
08537926000122
03043017000114
15428471000172
61501540000143
01557947000160
03867154000173
07563975000177
08673214000130
08396963000168
01215849000145
12036208000140
18468079000145
77929362000196
10761095000110
04627886000159
08906451000102
32938714000131
26164580000146
26936252000110
33014556105370
05537429000136
14529945000100
07514088000109
11258998000145
04960932000137
05215423000142
15593743000190
20937903000100
02693749000197
03839537000138
02693091000113
13345728000105
03797680000104
12278920000155
06347409024188
08098260000153
88305412000180
84308980000699
17852876000169
76511625000180
00400291000105
18396850000116
19009800000100
15584261000173
05100360000189
10657384000173
40373243000190
32907479000211
08160707000177
12313596000169
30138192000168
22896336000117
01531031000131
55340921000861
01814984000107
04598079000155
19370831000183
06073693000129
40195182000118
03124797000127
47508411011000
45099165000109
31307580000198
68062827007095
02463588000145
72578438000324
86804416000188
13386502000144
17641775000149
03033301000100
10735052000160
03330023000152
01860106000390
04602806000100
07633889000193
18085070000155
19940840000162
09236114000100
24782479000123
06885686000121
40808388000176
04020111000110
13955471000103
77620599000190
17718316000116
05307074000199
09132175000127
91269530000276
18267342000138
25296138000100
04387271000100
93209765011828
15375991001640
01162531000143
44220721000182
23429903000198
34971267000148
03680510000145
22845950000150
07193795000140
00001511000128
03209301000118
03767597000192
04279111000130
27735562000130
02762590000115
07630727000100
03720882000662
15596482000161
01400302000110
24093463000103
86488434000106
73206864000219
08197731002043
90657289006492
12564003000137
13475081000128
01462215000278
12650259000167
87797452000124
18330467000165
05239796000153
07272825003200
32609943000102
05027012000123
16345282001928
24670167000128
47405980000176
08623759000132
06518211000105
18348320000100
02385525000118
07781007001370
40354078000129
18734127000108
06149390000223
45705696000190
07107918000183
04925454000124
75526079000198
15183534000178
05990227000145
72866460000108
27500454000188
04327442000289
11323517000138
19677417000111
07295224000117
26897252000159
54360623000102
04244712000107
35304898000176
57984437000124
05588594000117
14118890000145
92571280000106
04780748000105
13213874000179
21347129000140
42400986000137
15595376000163
66740804000135
00170924000136
00191498001431
16564142000111
00447821007779
10526486000150
46044053000296
38673182000134
05331198000100
10493051000156
09309085000169
01687620000103
07353091000198
89848543003001
00306597005328
10600845000171
08092207000145
37548740000177
90508086000150
03777341001138
00589140000147
15036858000183
30253673000114
00702973000172
03030492000156
19050906000149
03637913000101
07950962000150
91238816000103
16982879000154
02196160000183
73582678000101
23994023000164
14631967000186
01503113000172
24600830000118
72638109000160
10319375001225
02450799000143
10436594000131
16746290000157
07572667000108
55767461000186
05429885000162
61585865100709
30061635000160
12803025000102
00979544000147
15631000001643
26910190000178
07763315000130
69443067000105
93359040001349
06543417000187
22788960000109
07568096000138
28913260000509
08434699000100
04119970000161
23207544000124
08954259000264
06015470000105
14979185000132
00411917000189
75283176000105
03746565000100
25054414000124
11030504000170
00306597001330
04428880000152
41284225000102
01896574000152
20832101000136
18956329000196
13015896000124
11114284005203
07686742000161
20053276000145
02349761000189
07393741000129
37372786000188
17894277000108
05268286000104
24717588000167
12473465000149
79985479000465
03154404000128
08888299000174
17702495000101
03724716000120
07202892000152
09153955000153
33014556049870
18636080000131
06002233000100
89237911022462
08775979000262
05477645000133
22802371000120
34573485000124
05368833000123
22661482000406
35606888000195
04233081000120
80544885000129
18305095000117
85780898000110
08978825000197
10627826000210
10731605000106
08496089000130
00734722000170
02742593000197
02401262000274
02651424000141
33147828000126
91156471000572
23655621000109
07046881000120
