62794854000144
09624019000183
10918162000167
07073715000113
01353277000160
81611006000105
21189254000170
02950813000178
05969136000128
15941305000175
63019384000104
06349806000176
16581299000155
09967852011080
18336761000184
21463846000308
11500280000113
09662142000199
05998567000112
03235521000116
07451991000178
52440583000175
73266645000144
02589899000155
01778924000186
10729881000130
13854928000185
17580357000199
01582003000143
29977808000105
19972249003374
09215109000110
12053483000171
07827565000196
74548942000145
59721662000101
13503706000118
92665611033938
07898902000136
47508411246821
12330520000141
03570161000109
01723254000109
10247331000184
28386134000101
12201390000147
21385968000153
33014556028104
65280497000194
05967982000109
18455230000100
09375222000163
15000256000176
07581351000182
07288398000152
71381560000181
00125547000113
08990908000100
12889652000108
12737318000139
19644944000120
63473235002083
13123711000103
04975127000187
23806128000142
08015609000146
39346861026390
14425437000181
20271032000139
03661563000119
14821638000106
11131894000175
04854499000155
15161804000140
26060330000166
04807488000114
02000510000194
76371103000120
22132761000130
05473691000164
08084503000102
13436092001847
06626253019413
85376754000101
02088562000164
10948417000134
11017362000101
68813674000149
12049948000110
01504118000110
33654131000141
11672549000149
11665761000189
05161520000108
82858903000415
00279531000599
04776709000304
01016589000189
05137569000117
22015348000195
08341448000180
10622217000197
92227180000167
08831162000183
17476417000128
07547841000162
67619643000199
33438250007099
43708379003974
11680906000110
11280467000159
04784130000113
33220641000100
00240681000246
79119871000189
15043699000144
13498051000137
02793152000114
47260344000101
17573522000266
02076864000112
42591651126244
08070504000190
10776048000220
04330286000124
89848543032966
16778340000188
37063328001210
00773943000157
09050149000150
28596712000134
22185391000107
05046132000178
04557755000142
05795847000123
89200638000180
03236053000102
15681213000101
02962068000187
27320002000114
03207894000779
23202087000185
05340064000155
09335583000186
19972249002998
17938757000980
13630620000156
19684817000154
03168871000107
01592442000137
04352161000103
03619662000132
19089702000111
12133048000157
02858376000167
16882619000107
05635178000122
81192874000190
17328090000147
04746256000101
11867167000170
04940750002229
78035789000103
09478889000191
04445428000522
68109065000103
05079209000106
12326438000143
20360499000155
90005711000141
43057686000160
80245988000350
01157271000118
02078330000125
14205647000164
09517479000293
25321482000102
33462441000164
68106913000120
00585993000100
00740022000198
00461166000105
11676622000150
11513086000172
11517841005407
11908167000414
29664012000100
07473735001072
03261852000120
19970388000181
01164437000123
06925992000144
05168127000138
14018014000147
47508411182670
01624356000169
12531510000174
07283081000123
17468948000179
09528300000112
02760668000596
02303658000106
04718294000142
17080112000100
11471547000191
61365284015640
11474859000159
04154413000181
02275530000178
20818741000191
12150242000140
00848079000105
03422490000102
02367946000116
09049920000179
07116969001224
14865585000117
13147620000108
03248219000100
07762901000160
18845476000199
09226508000187
18833222000150
20855582000103
13130441000150
00413865000180
16624611009520
05054671003174
17261255000100
02914577000134
75624932000104
21003970000110
17763070000102
06205451000222
42009449000403
04191640000187
28467810000171
00800611000114
11623188001970
19042270000193
04952054000108
79778924000173
10311304000123
03098207000139
14092791000131
18824553000124
02748908000103
24073694001550
27899863000107
86764727000160
01917194000319
13703058000143
10688494000100
07813544000111
08814793000194
19954245000186
07434744000163
09623487000133
00750007004037
13067215000171
21408220000129
01928075010910
29200674000111
25702366000133
19864918000107
05093635000102
12486825000147
16713303000191
10774226000101
07913781000154
03998278000198
14642603000100
18611966000120
42591651074260
26388732000194
75086785000166
00749616000402
84519883000211
21171354000179
05994613000105
17633201000129
10899911000156
06968723000165
11421733000116
22612667000188
13146366000115
27179316000149
95375341000158
22730636000121
06123733000523
56331671000190
34014373000133
05599612000166
15261883000160
11591248000190
13370984000144
20099539000157
05296678000187
04090790000102
53696886000116
01855666000194
03326796000165
88094701003101
16991353000130
17888469000101
11778845000129
10735529000107
11876917000170
87120762000100
42151746000146
11372739000140
08758108000150
21109816000128
28904183000199
41367384000162
43283811022986
34039404000100
24616915000194
76236157000182
02346268000377
05542098000122
34241273000140
08148036000129
06057223029749
08690705000190
94296175023182
14772391000177
08689857000172
03866223000124
18759625000105
11165950000192
00516277000171
12005905000133
05907822002541
11962886000170
04862155000198
00370885000110
15326333000182
24031533000107
18660442000120
79653614000122
06879717000131
00984795000110
54421045000169
29012325000176
16625177000113
05146871000131
13004510039476
06885283000182
39130828000108
89427090000105
04436058000133
03390863000291
08893780000158
05777056000170
02300780000110
03262629000106
34770669000184
10852245000109
72638109000402
05852618000284
00814559000155
02185091000102
02144369000284
03599624000165
63520050000110
11210275000176
08784687000105
20378743000107
00905649000151
45543915002982
19489611000173
63484448000148
62014030000104
22448393000133
03429097000140
13066128000108
07689941000204
03670378000190
30031713000183
11781889000108
07436295000192
12981082000181
04543290000170
26362079000194
13653928000206
12627582000110
24403297000102
03888693000199
60426509000122
49554769000302
15358935000111
07619280000160
02736839000118
27175975017344
26335904000161
10385218000165
05592032000147
01765336000108
07938147000176
05093752000168
13779283000163
09622438000186
53078135000306
04764671000180
11790804000158
15371267000162
07868740000193
66815648000124
19805954000108
10470681000105
11376003000140
14150793000130
42533042000138
05476547000181
10622993000197
10844649000142
22390751000102
06114878000134
00301913000148
13810753000104
10866684000162
00306597009234
14602189000105
03532689000193
20685788000124
07819497000202
00658059000333
02268891000197
12909398000162
61961629000192
10852944000140
35196823000542
21498129000141
01495139000116
10506973000150
21623153000165
04429525000106
12922993000138
76193879000105
00870827000318
15448943000159
08220656000121
03020017000107
15577313000184
10291916000100
79217188000184
11865381000198
88010566000145
04948539000128
09532057000106
07127017000153
07800034000100
05726625000159
74783259000192
20487355000164
06168879000161
08604033000152
19811959000135
02345101000120
14731504000196
09427024000104
08199704000147
65481715000159
21315145000402
01535223000116
04257610000126
43283811007758
15076359000110
03870468000125
08794492000146
31020235000179
90121062000144
22194594000151
70487558000129
12639846000155
05316370000156
17243670000131
08737687000154
21582192000161
34028316349009
08352640000334
05741684000104
05458851000104
13044513000146
18414559000123
37980703000133
14267890000107
17846052000186
42491118000100
27920420000142
04833444000169
05215132001479
00347771000150
09360177000173
03986905000170
47596614000141
10434486000120
15050089000178
04887449000760
26412995000191
08056513000126
05808881000195
58118563001130
06199900000196
04590517000139
00483737000102
21060918000104
08870688000172
18485061000151
06171506000140
07819858000121
10537607000240
11327667000110
05394464000143
20144325000155
16371018000130
24057226000197
11015015000140
02502118000143
04827355000100
09941977000935
11416587000130
10932269000160
80380058000147
30508907000127
03823043000165
10860813000105
10444161000470
73908576000125
10205423000100
03296370000106
92598978000115
13332946000105
08329489000151
22806363000151
16280760000130
76612589000140
42873737000169
14456196000138
33014556031903
09072112000122
11179139000160
61585865086790
40776361000149
05244319000186
64159551000185
61585865085394
47066998000190
14127664000120
02116141000108
78253424000155
03246938000184
05443848000109
15103047006199
06188489000153
09506931000130
17634130000189
05642099000149
33457334000148
21670041000165
03440721000100
24690414000158
18459551000183
41372152000100
05737738000150
78651973000188
05388025000128
11924100000120
03611529000130
86945938000108
03306578000835
03478897000313
25006610000123
28083592000171
11876254000194
05923929000106
08092053000191
27326719001145
01242690000158
08910012000165
40501652000124
05814455000164
04620047000109
00958548000653
09646827001547
03939101000110
09089099000114
19905239000139
02991104000130
12449027000145
05215132001207
32951113000169
11272287000125
11087972000181
05543177000158
03036659000196
09175358000120
04473193000159
07715193000106
13714064000287
56809882000195
11618238000100
05633217000152
26418749000147
31904543000167
02856846000153
13373860000112
21467973000105
11169812000181
58703752000107
17168238000395
08733613000140
05526635000221
20316472000165
33014556028872
08445774000642
00236105000225
09504891000198
39249420000141
97005581000609
93320471000168
11542239000100
12458959000154
22623611000129
11419663000161
03785833000101
07259748000152
11087247000294
29272770000175
96407176000131
10552330000143
95776076000110
23961287000111
02344660000115
10503314000160
04965564000110
86576121000282
18640570000101
04940872000190
05613385000186
13608345000174
86721487000117
19097931000188
63004030002059
19765686000130
03622267000109
14697799000121
11161620000129
10208994000270
04125073000160
03537946000503
03073519000350
08273699000175
01432670000301
82637760000179
82601832000128
04235443000112
81731499000109
40902900000149
21997241000127
15043314000149
22654108000130
02072914000193
32938383000130
03162011000166
07792435000408
00567488000133
51427755000108
15151768000133
07451844000289
84586205000786
05323051000178
04070771000106
08843502000196
10786200000175
35820232000170
06863095000153
40605115000396
18220239000132
26473217000102
08965214000104
03581320000170
84704683000662
22323141000188
11644868000140
10016488000107
03509535000180
00205990000102
04576775000322
11420993000177
04031367000123
22616048000161
07473735011973
40305575000137
25047636000110
17109568000148
16624611011770
00674149000156
33986647000193
06615348000170
09637601000184
84683481026567
26982223000195
05881930000115
03140369000198
11298749000183
17258690000186
82942988000172
06828859000170
13743647000236
33446063000125
00230781000100
12661958000102
18004218000180
05059586000183
06059663000168
10907254000141
30094114005410
12977797000241
07375627000176
10332160000191
17489551000163
01520556000171
01980294000128
03895994000140
07542430000184
07307495000145
20622254000159
08194091000236
87902532000100
01740249000104
15032639000126
77593564000452
20271306000190
05521307000151
01780181000189
14329099000184
07595210000119
88474572000234
97217806000178
97533236000125
23416927000102
01618463000184
11661847000133
15456118000104
05870588000158
03104756000330
12685487000172
16204547000149
30204645000107
14830276000101
07007858000127
05681662000198
05541996000166
10445455000174
11202408000162
05397404000184
14443500000102
96134945000256
56496292000150
12916317000151
27757028000124
95191888000101
00242870000177
01614382000106
13292026000100
30094114008789
55848329000107
01871150000133
07198849000160
24566146000167
10853165000160
05747008000130
00206404000489
37832037000196
00191498000974
12788703000105
15713943000139
22661482000597
83101337000112
05999282000368
06070349000186
24095403000200
88212113029345
11519163000100
36344109000193
10384624000103
14062968000157
33014556098226
10593547000100
26854356000186
05340322000101
01156428000271
28377943000157
79379491007196
16537094000172
16401077000103
84648484000170
09346695000132
05408960000109
41210568000629
21116406000104
30467796000158
09634527000142
10417305000157
67960518000148
15071103000110
12613018000148
02794749000264
11508705000130
26996627000138
01598095000150
60201787000181
01692326000190
01820398000175
19073527000174
25243887000170
03358733000190
16869823000198
12273893000128
08543668000197
21012190003586
02553771000131
33992520000187
13267808000181
17164282000165
84329333000159
05214053000633
05429811000126
19693001000197
13923812000150
04124147000144
23995194000108
05731972000170
10213532000160
08418121000160
12099986000188
04225812000196
05871347000123
00287336000187
34538850000674
30110838000107
10487565000107
02137644000151
20834022000164
08952619000108
09542601000109
10562497000195
18134001000194
25374984000444
62410790000130
33014556109872
10282657000142
10306970000173
05274219000100
07300058000108
21372180000102
37358744000192
08106137000137
06939418000145
07812172000109
41163486000247
26180203000109
06147715000158
21303734000110
54172275000131
34028316390491
04740406000161
67535120000164
07833813000101
15493334000111
49341563000566
39528732000194
03170967000100
11019060000172
13633901000162
10427149000377
04008921000151
07010985000185
15459688000140
24585996000102
05642773000195
02983408000156
20277180000160
79340618000150
35987676000103
09639624000128
09365484000228
08067068000108
08467910000190
04632374000261
04709240000110
04182766000195
27190746000161
17077854000179
10801557000185
04690168000127
09308283000108
01568854000131
70939681000133
26747626000150
02928483000114
19053876000124
00553252000148
14728272000117
07549414000202
11992720000105
01589219000130
08993516000196
23174519000191
46357430000166
46262085000187
84525013000174
04004591000126
28586846000174
14270188000100
73471963007583
63503007003404
14166286000194
00932893000103
09594623000104
16665754000109
03437580000177
08307546000100
27547602000110
02614069000130
31077852000100
09150714000150
24211014000112
02429179000122
01154956001263
18822168000148
04947448000178
45236791004855
10946331000172
09237686000103
47427653010854
32493876000103
10142186000177
28217145000168
00651164000189
34216390000153
21228182000122
16920436000139
08961501000146
29970203000192
04122408000197
21002506000100
07821778000100
08981424000196
07557560000190
18511156000100
12538656000141
03890701000131
10172950000157
10329538000106
02486522000170
07328018000166
04987987000130
04735788000135
40339012000160
69600609000106
12077175000186
04765438000111
03935580000105
21553674000193
70024955000164
05674914000151
84028232000148
18949836000100
17281973000572
07569593000150
19972249002050
97416622000137
00397523000113
09214871000263
07586499000100
47059787000120
13445191000147
11753487000108
04487516000163
05156937000174
34028316640510
10645510000170
12660543000114
08587499000197
23887208000170
12420493000106
60317385000147
17141241000153
72627599000107
10991241000101
03915332000194
13062680000110
03492648000110
05731048000193
82740317000129
53047452000195
03247642000188
04016444000176
60309531000192
04813587000109
07649845000151
13578932000168
08693517000204
13268391000171
93209765031500
04549821000132
63210405000174
31191227000195
20495149000600
03378184000116
05215528000100
10871483000153
09093208000177
07202934000155
03076576000120
92192046000178
15435709000197
10595439000168
69354694000161
09033531000155
20885960000193
29379385000121
08771848000126
03879760001008
23524085000102
22584549000103
53840542000210
12324162000164
09149018000124
00001388000307
05008584000165
01958701000109
01126672000100
32565608000150
64308299002253
11405070000146
04865303000128
18977336000174
10538068000182
04205711000153
09019347000150
20651468000153
80965825000180
88195979000141
33041260018292
05213118000111
07064216000160
15103047016666
08112780000173
11373214000120
02395827000177
08951020000150
03207905000125
72251036000159
08202704000159
31852704000116
11357950000194
04593258000442
14128262000140
34028316234791
10616178000115
11064906000196
07563188000125
13594751001440
35439728000522
76477199000105
02913635000377
02242787000123
19558641000194
16457828000103
03542093000174
26951160000100
04691027000390
41624610000143
73711145000174
02135596000162
10882131000101
21547938000104
26365410000120
15499984000174
30144000000126
18767378000180
14979534000116
00884895000174
11395999000131
17423193000196
01584610000142
10271259000120
12264532000115
26645549000127
16945772000136
82508854000148
12104312000124
02644828000108
21637467000117
50410067000172
94104080000179
90339102000129
09067201000261
07918796000105
88213285000190
33489733000190
02610326000166
42193235000197
93800738000114
10958739000164
00436750000100
12380930000105
92371053000137
07503617000926
02323033000106
80598857000194
14723283000104
01281179000165
09384258000103
37055712000118
22008848000108
05285816000203
18189993000319
86781572000170
16630544000177
81006322000140
04557186000135
21827315000187
07448531000352
14088545000106
00403836000137
47046248000157
17281973000149
39187034000172
06107451000109
05696895000164
04322340000190
08927189000174
10638380000148
21268440000102
20730846000194
26482825000426
00819834000123
15596952000359
92821701002668
05959975000165
50046291000127
06329885000153
62148499000136
21267141000145
17337055000194
66529363000127
01210906000101
24277344000100
83894261000120
16781153000153
19454059000188
02280151000257
20036575000171
08603562000212
90940057000163
80643752000100
03190447000169
03914189000205
72092406000152
01050029001384
09491967000198
75918029000156
01735549000197
22982714000185
67196196000102
90238171000146
02446494000168
00520148000157
68533967000172
11650138000152
11411852000198
08526105000190
76823913000170
93209765015904
07709613000141
30069314007629
18537463000152
03479424000179
10473495000120
07892267000180
02722150000134
12586528000173
10383450000245
03358858001001
05251860000111
07419661000103
16749734000108
33014556019458
08836847000112
83850164000135
46884946000240
63421291000101
02209086000192
33014556090403
04918124000101
06000230000137
00957927000114
01168676000151
01368688000634
27680384000197
61265278000185
16499208000137
17022879000175
05158287000104
21097551000195
09197442000144
07534133000197
06749677000103
06960588000101
07544373000849
05486996000100
87712477000188
12131195000198
09399840000143
79065181000437
31306699000146
24073694003332
07733200000283
18937467000128
49640105000102
72093503000160
02575829003082
03949125000150
17888198000194
11114284003936
21866699000147
47960950081105
02241398000183
28429384000181
17968553000135
02593963000171
70307939000189
11019895000122
03480546000185
01477664000109
17750696000176
29602356000500
00944539000107
12455190000110
04067040000101
00315305000192
35737378000157
13441051000281
13083708000103
94921301000100
12240832000164
27234955000160
18377028000108
01535783000170
10540703000166
08946754000140
07276398000132
37435328002003
00786434000169
13626077000113
07395018000189
22657759000184
03442022000108
07832356000130
75706705000128
16835440000107
04269976000115
02449992040115
09525230000149
08509578000180
05677629000607
24765059000139
08518242000183
10326151000198
08206117000138
76361807000898
02314041002717
46021739000180
76189406003222
07280574000100
09223864000147
11077717000158
89242382000173
08783523000163
01190272000164
41210568000203
01857109000102
15347446000164
20512942000166
37435328000221
78839776000197
28079859000157
09334500000134
17420435000198
32008768000106
07814468000169
57334575000168
03884669000181
27024078000100
35788561000181
90022724000129
11410701000115
08515891000120
08518051000111
01832098000106
15006835000126
10544553000169
13549501000173
03275518000126
07848028000122
23674978000134
24148068000180
19917564000111
17847222000147
01865821000153
25667502000100
01711749000100
14003282000195
10269130000188
05573061000161
10809558000176
08576193000135
18263820000131
04769148000146
79732970000131
19325735000113
27939263000117
06957148000103
12326909000113
06108817000407
61069373004877
95425369001124
01505228000287
06105372000169
11069600000122
00951620000106
10696331000161
41651670000155
07145845000114
23199688000186
05500110000136
10378030000190
01050029000736
79046025000186
18562891000135
18160356000158
05868574000523
97543723000179
02991509000179
09477652003454
17422750000154
03915997000106
01104804000101
05383392000139
05064887000103
52072451000138
07681092001052
02096538000177
83817858006969
09409546000175
14342017000131
09505601000473
03044701000110
71110555000134
10648066000146
02282319000182
05814044000179
04070751000488
09098092000169
03691567000140
03220168000109
12290088000102
02737867000150
08839083000119
01133679000150
04063097000132
14660324000160
32727380000157
03009106000144
09435248000150
21457250000125
03499650000111
24978274000118
07860090000130
11395509000105
04303958000102
07732518000169
02367703000188
09089689000147
89470462001409
18499155000180
13416150000122
02786605000185
08489098000285
07693643000107
02718660000138
05677241000193
20647768000169
01073671000145
06975512000150
17285822000169
86480167000112
04944134000111
73780397000155
09077965000238
26081406000130
02358402000198
10645654000126
08450282000564
10861234000187
09665157000100
05544274000165
10911589000133
11429349000160
05826306000115
00334727000105
03229806000144
67156364000217
03016600000136
17403158000105
28008181000111
14820354000197
13004999000199
02808195000126
55299069000150
03674012000190
00451408000180
05379568000189
01426949000200
16587413000154
83262923001625
06013087000118
04996010000180
00721687000154
06368851000178
07707699000173
05855772000129
26962408000138
05926284000165
03349084000161
95592077000104
35313741000298
27982164000118
03102004000500
12284906000164
16920390000158
00574009000106
61568010000112
07552491000122
21729618000167
93051050000189
59126250000115
27418640000172
19875442000100
20522920000187
35589027000146
16657685000183
04312793000135
11596442005551
13479786000113
01358078000145
08263659000142
04094811000150
05322862000154
14980531000100
78250461000100
28147402000132
21957334000128
85134823000162
61482402000164
70986997000186
10612199000162
04686827000151
24033518000190
01772868000172
05003825000183
08624321000179
01351960000169
20560843000150
82864372000120
06255867000174
04064633001609
18138166000134
26103227000156
09674440000107
10267257000168
05894897000168
05768261000170
41810094000141
09251959000174
11626185000160
20388740000154
10748857000148
03445911000110
11473228000115
16740718000154
05313191000165
05255397000186
10490796000161
08743539000142
11739574000100
10458608000118
04825391000134
08610865000181
28541120000115
32878712000102
05930228000102
12233366000190
09557764000157
04157135000116
16432864000112
71039168000159
02913790000121
01981309000172
06288942000101
00866409000195
17911208000165
04950700000106
02532128000121
18965796000182
29510393000165
05338326000147
02174541000161
27473000000165
04326174000108
13257004000282
08381739000100
09242752000214
07459197000170
05323544000108
09688642000108
04737552000995
04427265000121
10830939000137
04923484000100
08456584000116
10909396000148
04731947000123
61084018004605
19732530000152
01334828000149
05322931000120
02320942000182
91768176000143
07790032000187
09373984000120
03924623000149
14605447000107
41005190000974
09067440000130
14151078000111
10968074000250
06698221000161
05069565000149
24463705000103
01974843000151
69071496000190
12613935000122
11802179000117
94332756000181
04524311000100
03838986000161
05165374000180
11087013000166
04201608000135
01987195000178
05122105000137
93209765000540
03522011000120
04147761000121
57207953000142
51580934000504
09519378000170
09423693000108
03306546000163
08814976000100
02914577000215
13041138000180
87258612000167
12929902000196
04238421000106
01319056000176
26445700000426
08258775000173
01047867000165
07193817000172
76803972000186
02218549000182
07740029000159
02671595001104
21175294000162
79379491004847
14179579000106
86699675000196
68099431000190
22506278000178
00080634000100
16986769000160
55602742000189
10901615000142
09327149000235
82314592000180
09478441000410
66376377000158
04114103000133
24521354000140
22243688000173
01452424000150
02572655000160
00003312000159
11660270000226
54307244000140
37064920000183
07540723000122
20739844000670
08695503000130
34705087000203
08486833000116
28200947000912
17741258000141
92665611019277
29111146000196
00483098000185
33078098000159
29597135000168
16624611004642
71501423000133
01790865000161
03635914000117
95831848000179
18642617000176
13040080000150
93904928000181
05440641000180
18786860000168
43283811011518
17499364000160
23672431000108
12260723000109
10850529000158
07454320000241
00084811000118
41452459000103
01599293000138
45099090000158
02579545000120
02798984000123
07182117000182
00306066000104
05515577000583
29405918000100
10695393000159
01508981000145
38875597000190
05312380000113
61585865001042
30012140000140
04917102000127
17703382000112
02953442000188
07533038000179
13004510037694
31487473004500
29179977000108
71749360000139
03217170000110
05857499000171
03931020000174
09308193000206
19055259000168
01960837000145
02281881000191
13592932000112
04506629000169
33277138000272
05562570000199
22483378000126
10711410000102
21410630000104
02660007000165
00980023000100
12385432000147
14251284000101
03548100000145
04521258001085
11562751000118
19427935000187
02434347000178
05750483000165
65286593000140
13059246000180
12493487000170
07600312000185
02661363000101
10462101000138
20222832000160
18882675000177
12348530000104
92013622000253
14012376000120
17767885000151
46014122002181
01945386000177
33608621000101
08303871000277
04684539000168
03217556000122
13337106000127
12086485000167
05146022000188
04424758000108
04458330000186
12692264000132
09438282000188
55285696000212
16233389013729
16789463000114
02314041003101
02998414000187
10948201000179
00804430000328
15737271000100
10738951000116
00509881000170
52645710000172
05455229000134
10515496000190
05276517000121
05693350000102
18897462000119
88212113033377
24909731000201
10546678000209
01556460000163
90958489000100
02259989000188
07029773000140
06128855000189
14073092001035
05400904000128
01657868000121
02527772000101
93209765029107
29710702000140
08008474000191
43462720000181
63497887000195
20414556000131
45605755000239
09533018000123
10908258000144
20260163000110
92660406000895
03229863000123
82008806000190
75792010000297
15565551000170
05577537000132
83650358000197
10773692000164
04807611000105
00135201000104
01887122001348
02908129000128
15041424000171
02234362000172
11768171000181
