12904361000141
05095435000180
25101085000125
16613373000178
00066716001406
05504450000135
10286424000118
12159819000185
09219921000114
01135714000170
15143095000170
03275570000182
10955569000164
03731620000199
12523699000153
45587003000101
09171712000148
10704447000103
09215353000264
04895762000154
05253400000122
05645828000110
37364429000178
88455746000130
25055542000192
10679515000113
04641738000199
08817182000108
14078870000198
65564635000167
67870683000109
02546583000267
19578655000170
02557178000163
03052885000322
04329104000103
14121468000149
00063960013189
05983421000284
02805019000130
93209765010775
35942127000104
13408464000183
06881828000182
00798858000143
08149397000190
11708630000131
08267113000160
00574407000122
10996305000159
10717014000184
04895751000255
10767914000136
14986730000118
05099495000171
04523811000209
04293240000182
09417051000198
03143492000405
05117836000194
03283593000139
12160970000133
05827372000452
24109167000153
06943666000160
12915615000127
54651716002806
26619128000121
03514174000160
45543915041880
08261586000150
03758014000167
64308299001362
97530728000167
20210963000127
28965298000193
18087563000124
83471292000178
00208440000139
10883343000103
10907225000180
08711799000136
53634960000170
41705211000107
36992071000165
06040082000184
08986176000257
13099291000169
41869496000111
19833693000121
13950222000117
83595462000126
09633096000108
29010579000155
05122863000155
01100712000145
04021140000105
41125394000191
37195724000148
05501924000276
17764296000110
08113453000136
72601511000170
05767653000114
25161722000159
07434479000113
02433576000178
26353274000158
12060039000183
16742803000151
00740704000109
83357392000178
90459033000197
30613012000152
66137993000156
12997226000198
16943706000127
23975732000100
08721659000149
41625062000761
95833422000154
15588545000138
50442680000171
01344951000140
19154236000100
08888419000133
75792010000106
09627328000107
57130742000159
68244953000139
04963836000142
04048412000152
07072148000180
03470626000150
04420127000110
21039859000184
47508411034301
19915098000135
37417896000119
32067449000163
17267624000172
16777671000101
11506558000160
08701751000147
31119399000158
10764631000130
11440791000197
02616057000145
03941821000463
04139010000163
02011624000130
06374944000105
07370255000195
08738770000148
22194883000150
06152702000177
08197731000423
08236678000180
02107803001147
05809583000110
60433091000423
06100786000103
01442512000170
02737867000311
04225242000134
06155813000218
04216129000192
93285054000121
20874277000665
23799521000156
08339569000600
91238741001485
08306308000171
36953495000110
07137895000150
08232983000101
01543124000186
32887093000104
15871045000109
11717183000187
19508778000134
83268268000136
37162377000157
01399501000155
88651518000136
04427527000158
03992477000199
06243732000199
93481018000133
61585865050094
12927169000170
25102146007343
02947036000102
61585865076808
15777529000193
11843522000171
63748677000122
14922890000101
53343729000127
41414822000368
94004843000100
33675125000170
04199926000109
00106531000163
04222443000269
33014556003888
00062780000102
12939528000100
68216860000109
06301579000109
05030306000295
18107045000206
03456937000164
01819140000159
77883320001648
31805856000168
17666164000155
92165232000118
64323629000589
07868103000117
16529239000193
19488723000100
13318811000187
75953562000159
04053714000119
01857439000106
19770536000114
05473396000108
84148261000143
15544889000145
09613823000167
04994734001085
79499166000154
12143403000179
41435108000194
07746992000140
04683787000194
45277209000135
01692593000167
02556584000101
43283811004732
92198456000126
04631949000140
01444043000129
08009725000152
09109567001902
01853214000173
03790887000238
18162422000129
40374852000163
13382906000160
13929833000183
88847983000147
13850574000109
20073605000110
07761747000101
04045309000159
05448703000109
12382772000114
10788629000100
00295992000121
03879760000370
11863937000107
04610502000195
08793763000149
26028943000116
23186083000150
01492450000101
08681939000170
05983192004961
01740627000575
06211458000176
05413146000182
00016857001090
04253112000105
06035358000136
18712719000110
26616029000196
14198926000148
33014556021193
47508411247631
00191323000100
23002456000196
24568653000130
10229918000160
12143605000110
27209980000193
24668915000138
74519695000159
12876174000100
14237312000128
19090040000108
23161901000160
04049596000175
92756402000139
09604285000144
10193608000214
19187935000157
42502492000163
15542319000116
97385801000154
04804499000140
03924421000105
07014198000969
33014556108396
95803037000164
10988014000976
11620708000161
01298382000306
93049203000234
04187151000151
06347409028418
08351293000678
32403834000134
15501857000162
14825257000197
17114366000194
79379491008915
03001296000587
00851692000181
05339264000198
20757282000183
12452801000177
10852685000158
13442186000180
11983402000170
19257637000196
01740627000494
04253945000176
01438784001179
87104378000113
00791673000530
14209009000111
03553543000124
05850518000138
08236156000188
06286993000196
21731152000134
84641331000281
18752613000140
15151772000100
05127953000139
08745157000158
18679743000103
07571267000188
38659082000153
10945116000157
05766870000190
19388198000150
21268509000190
07663485000142
03678526001195
32336224000165
97259006000110
03408358000146
32762817000193
06339953000165
01619514000192
00964346000100
06001327000164
23597846000156
13398226000134
04696157000154
02776011000193
08011122000195
00659295000102
15418205005551
15567612000138
11114284000910
02555562000127
49033632000140
18633995000193
00132777000100
05491199000111
06214410000111
10485403000121
03689530000187
01797063000183
13790240000189
13835213000185
07098720000180
02803390000244
27485374000443
04681751000171
24404883000163
17247850000191
04809470000313
22991939002303
84683481022146
03318875000124
04490410000119
61234985010762
01404373000190
23076206000109
43283811001121
89079354000691
22576280000113
09275539000209
33972324000140
11096961000168
11227045000110
25111386000130
92557115000108
01400590000102
02884937000100
47960950031191
10916735000113
11125016000147
83912493000244
00313221000110
15179632000131
10934348000100
24069583000175
01293509000728
06132190000187
26384682000177
04780565000190
07084161000150
05415298000114
27939613000145
18160622000142
02753101000169
04687055000172
76300763000110
11787490000134
06151584000182
19415988000188
10745414000101
20412651000287
03306578000320
06323344000118
14543558000128
35649219000796
04030184000193
36993566000109
07592349000109
26953213000121
08715061000147
79697314000145
07163376000166
22418829000141
26715904000197
54101829000100
21156681000151
10878929000171
03506635000153
89237911001031
01045464000187
07808787000161
11143418000174
04522160000151
05045045000104
59657478000131
20918737000103
10247824000114
05753469000115
04818827000320
07672110000149
04511013000186
14459229000101
04112924000130
01871596000168
09398900000103
27499630000109
01514752000133
16670085007591
02623537000133
22952984000143
00524999000178
10299182000105
08356846000170
11142732000132
25349770000175
34028316467540
47508411103125
02849623000169
09414894000211
01536754000123
29537209000170
44033785000174
10603464000146
06275766000165
10365643000192
11278156000155
15448996000412
05002599000116
05504249000239
00252168000194
04451528000138
83060376000119
88115415000232
04683341000836
28161484000170
04816795000161
12247627000120
11401186000107
04627170000151
03961709000141
83240333000972
29254445000180
07315982000150
19312229000190
36837334000242
17830337000129
78653946002007
24201816000141
12340184000118
40475451000108
15696692000121
14975493000190
12119665000289
07879634000105
08471511000446
09311335000103
06353103000111
33014556038592
23641822000408
03868310000110
17584699000187
01618139000166
17994981000132
07380373001156
11992531000124
65439382000108
11406574000180
70493804000155
05159973002488
37608916000139
13056180000175
03942320000159
06926588000195
94943594000380
94525185000100
77051985000109
12536985000153
14781737000101
01596386000109
10614174000106
04620518000189
07449808000108
07928932000148
15591222000101
00844454000149
18860611000175
03294358000162
01390172000181
02806199000680
10375782000105
39396080000181
02548357000134
28213262000234
07906288000107
08859781000186
76917624000130
03358858000200
19893249000100
73531030000106
02313091000574
35741024000429
51409670000105
03541088000813
17693770000160
10234468000102
10013870000159
19330522000180
13049601000130
08203154000192
05739265000120
73445538000183
16650873000180
01107321000152
33063587000137
73413601000361
02976274000146
18991455000181
09118041000151
12357156000103
03542070000160
07885198000187
04130716000164
18328118007545
00112943000106
20421203000169
29285701000104
76189406001874
23824782000340
28103968000162
81896250000153
73789984000105
12451738000154
12054587000109
21429260000157
10866379000170
23705802000100
15120903000183
03848086000103
02173382000180
33714361000159
18450753000164
12781233000581
28105856000140
12587712000138
12299525000159
10231551000110
10360680000108
24321106000155
11582052000130
16851613000172
06199778000158
07810122000192
37162112000159
69344950000130
14781138000180
02569525000178
28590840000170
02584924004286
10459423000128
02910767000183
31488331000146
08804889000171
24208480000149
00079728000150
00285753000433
11439096000105
21804377000173
01094725000159
12310515000177
11322672000130
02648064000129
10894893000110
15648788000114
42018952000506
04835798000142
06656324000169
09479143000100
28931787000124
54632799000168
09097727000103
10361662000493
00174125000138
03196270000108
45543915067090
20438538000190
05074746000163
03805618000117
03288552000135
33340191000190
20649295000139
09343774000190
27191972000167
10470528000188
76189406001106
06015912000113
08091492000180
04809818000100
23797053000180
31125586000144
10783481000102
42482976000198
07036766000175
04018563000168
74179151000195
26351703000158
02533824000152
17080924000148
18924823000179
21561286000154
02642986000129
09495135000140
11574686000140
07664213000167
00914416000115
03729436000104
21653747000119
84648534000119
39346861038568
25147133000116
00299697000143
69582757000137
19402154000138
02767006000114
09267012000151
10273500000150
16963851000170
08671559000155
03736255000105
02043475000190
04660162000107
09542372000114
23318466000135
13093316000117
15666392000108
03604660000170
01471389000116
14817253000167
02381384000165
03666755000118
04425092000102
92528058000201
05347914000147
53558342004851
01152978000131
03986136000100
77374411000171
16753187000134
14177876000112
08672342000160
20848918000100
03073519000279
15718470000162
12480720000180
61163986000105
37629995000598
05194936000114
24375252000163
95205456000102
86576725000148
20286933000102
42588400000100
07652454000196
61365284015136
01842879000181
10859308000140
29313149000102
07288540000161
13560234000135
00017291000120
07000526000110
04936729000125
07823746000144
02048968000113
61721320000982
00310962000228
93209765013600
13850712000222
19650350000121
02420087000181
02481506000195
14048862000107
22166058000142
22860272000102
03200781000156
04082624002280
11837886000149
05865363000103
04499089000133
31866190000158
33873043000130
07847739000182
26726624000184
07062177000161
17531128000184
07009443000192
20411651000181
09010027000130
10870297000108
26027963000172
03338793000141
07272825003049
24273591000139
03316694000169
06011026000111
06140182000182
04641376006681
26556076000191
10642707000155
14958236000140
04837491000180
03282238000145
11574315000169
09142288000103
28188349000118
34322839000168
79430682006830
18659099000101
00985210000186
02345890000107
12638689000244
17322652000145
02692282000160
17079405000160
03559794000116
11697390000117
54511514000130
03160149000126
10687307000166
13411802000136
04934104000124
11750101000104
86708039000183
06334832000120
12384056000176
00899130000108
16977776000104
10916286000103
20734790000146
04200607000176
82332735000349
76341460000145
05652247000106
13441026000117
06249677000144
93473825000104
17003291000174
61843256001046
28971505000112
10634725000195
37445707000111
16798688000137
85315414000162
08397343000658
13336962000168
09453680000173
30551485000172
04063125000111
12352005000162
10831843000193
00796330000135
03390702000117
91060509000185
12321518000106
05798486000179
07995950000142
04071017000190
16649673000107
08520149000103
01639527000123
00206283000122
22726579000107
32984479000134
11600491008021
02978285000327
21232566000119
03076972000158
00386393000113
14609330000193
02305386000175
03704024000110
75488700000176
09279922000154
16981131000137
30434793000118
07408256000181
07324954000107
09112940000147
06862627001290
07240547000103
07729168000262
05728716000123
08033526000180
22772156000123
04842361000306
03446690000103
76089960000131
16887064000196
05353543000106
05497257000114
00465156000148
20841771002162
21667183000173
33801911000177
92117530000132
94961828000230
23463268000670
03284928000133
04539985000189
05206429000153
13510020000154
69555175000161
00864021000155
10428137000103
18052363000136
09456720000130
62488937002582
15142851000146
05452114000196
09351504000120
03152598000122
17120954000130
22683680000128
37433703000113
02584924001775
11905404000140
94924438000100
14737258000180
01242387000155
11331130000123
13772792000164
17580578000167
09567542000115
30971044000120
02235079000165
94256708000151
05593539000115
21038716000158
05674354000135
10822747000189
05534555000137
06971925000166
91575688000193
06784964000154
09085082000199
18836779000145
12903378000184
11968895000179
77941490020504
09202204000180
04488255000104
28579506000116
21416717000199
06970318000181
05217419000466
01703762000117
08595012000118
47807722000116
02986930000191
18629682000161
04676124000142
14142948000196
02961420000240
01025116000148
20374040000100
14668236000105
07842269000164
27548636000129
67945071003900
14951288000194
71320915000122
09574590000130
06025242000116
02829414000153
10778132000445
23320144000120
14726765000118
01707872000157
04660615000103
04993776000100
18747551000189
17630293000193
00099283000251
28945384000134
01308637000102
13611894000106
11285438000180
12323550000120
02656264000123
00944255000102
04757459002210
04777476000194
69990646000160
16958543000156
88212113026834
60494416000488
14547967000100
19964376000144
15740646000182
21589965000131
52083326000638
13479157000193
40866840000156
32254484000191
43283811005119
10883228000120
02449992018292
04688904000102
37353653000164
00058445000122
10682855000527
10518669000123
13700624000163
04926174000130
05931411000467
13021558000103
07272825000708
11701524000126
08408907000104
13738861000113
03403497000187
20276034000110
09525107000128
77986321000131
11664743000182
18416783000154
13037412000148
01542240001152
14206532000194
16833499000158
16832824000168
21302545000122
25476839000121
92841659000199
08529960000155
13040847000141
04566717000156
03228149000110
94906989000221
06351674000117
60821048000192
23338135000167
31798544000174
01630115000122
03381826000136
61718425000125
03842578000183
00680755000184
08323712000153
04572498000118
01863398000152
29464971000174
01932131000170
54603089000100
71819338000118
09205811000101
54975446000160
01319494000134
04981480000170
11404058000460
76472869000109
10908365000172
08182615000198
82061102000181
93497527000154
06211013000196
93283182000136
62597059000166
04889324000183
68713221000140
03604844000130
02485653000133
56945348000106
02871340000113
08695858000200
03860867000105
00652375000136
09040589000126
23637795000149
01720637000115
13757909000130
83534966000136
75393736000176
04205638000110
06188584000238
12634491000101
01740627000656
06288349000157
14255128000100
02214289000177
08326941000121
20189688000107
39258181000196
24948297000180
14705614000183
43538255000115
12795340000135
12041546000170
82331646000116
35685064000158
18834004000130
15418205002889
31306830000175
15009116000169
06990011000142
36367902000108
00587611000188
07406696000108
12939807000173
12085923000172
17907935000159
04663833000193
24450230000110
02431974000155
14395513000587
06703805000420
21613972000121
63208219000109
95838504000191
02981340000176
88241617000140
08953475000104
13094455000165
08749547000104
05194521000140
27313966000135
22327010000179
91982033000130
32919508000184
16713424000133
05289044000105
17432893000147
19152198000238
07256199000162
32730525000179
19444162000147
88287727000142
05043234000130
04946858000102
24286298000106
26607066000138
18825710000116
12288258000114
21258495000123
18332251000139
29853702000108
00369925000104
13872006000109
06037442000199
01727349000192
07255686000100
17790108000128
02472014000133
06259045000161
11301885000185
92755024000179
05767404000129
00173353001246
17406890000139
12145035000106
37259231000124
10321542000110
10673311000175
01264367000185
20917923000110
09187647000149
13667690000189
26078493000176
13569064001806
13847225000120
04764491000106
01068965000189
04696308000174
07288424000142
03890094000100
27208265000136
08792503000159
21658721000163
21504305000100
58187139000176
01891002000180
00063960004783
04540756000184
04052354000211
05841912000100
10674287000199
26674475000157
78170453000153
73887663000143
02279956000108
05949261000176
04227777000144
17121584000156
94573169000184
15340853000140
94665791000112
02702210000157
03667142000103
12875211000157
83327890000178
30747307000111
11817299000198
09470462000147
54820774001089
05821254000194
14072460000130
05261380000131
01836266000131
03129417000147
06626253042237
04436139000133
13819382000121
06249677000497
22985329000353
04384239000163
03075935000206
05863348000126
19155193000420
04286079000110
22638014000178
00498021000260
01928075008265
00905653000110
16086365000110
14671232000186
06278108000127
18792798000117
15484009000192
68108380000116
16776094000125
23238663000144
01771887000265
31157404000117
01378620000121
20653810000154
11177639000163
67223461000102
07864302000157
12568684000101
11174756004837
21081978000103
05713847000560
17099248000235
04908259000196
71502116000177
31608863000170
00595428000205
04020781000137
10357498000106
03012168000105
01687626000180
05399925000170
13166204000149
10463471000190
10484617000183
02185091000455
00694928000113
10842316000184
26947100000113
03211517000118
08974147000194
22728823000170
84683481012779
10511567000186
70001748000275
14124983000182
02504898000160
04986367000187
21752724000919
94195203000124
09610891000172
03921082000103
02425840000121
12031745000105
07801764000125
03225056000132
76627025000181
25160847000164
94948478000191
10255058000130
60782513000123
11245468000162
00783945000127
01643291000107
02371723000122
22005453000143
29021206000180
95624219000178
33393893000131
03576155000169
03776135000131
12867941000106
15390445000100
13074634000130
24878700000141
20476623000142
18787452000120
04101562000182
09231916000127
02731610000271
03236812000129
08635059000168
04913247000150
07006245000175
10815852000190
04881347000141
09549624000137
84025303000159
05717939000438
02176962000555
03375396000140
09360376000181
03405491000149
08861396000335
12332898000184
01369396000705
05812854000196
14328150000133
71649909000113
18129395000192
05460026000217
17891619000136
10812701000189
60537263020515
22742679000127
32951535003907
04468925000112
13174472000102
05086636000383
24756064000185
86864311000114
75912253000130
14942631000134
18229890000173
00359217000192
20750878000151
27296638000178
01272338000165
02324695000192
39346861004078
12517942000120
08248756000166
02839914000176
96626445000150
00066508000192
11487026000122
15803174000160
20908191000100
24742520000138
00353934000107
12928815000114
19219319000130
95024238000163
28904977000152
83754234013482
18631408000127
09341138000129
08393586000103
21420366000190
65124307000220
08855021000109
11507244000181
03840986006137
22331917000101
59195032000132
17200722000192
14529732000188
05896768000109
18564270000190
10983785000202
85224780000106
13262048000110
13258149000117
03598443000114
17671743000196
31210180000402
14273039000197
86836038000203
15122636000183
69934123000104
16977957000122
22920542000115
09572123000171
70229349000185
12504653000197
17737718000168
03446023000112
04561277000306
00273931000163
72428980000139
19858425000164
10807729000128
35169374000110
08473732000100
03922625000107
20389887000169
83414110000127
70177837000196
03739280000142
41291485000105
12294810000187
97532665000188
65344467000102
03410310000172
03507744000195
08518426000143
00832034000142
92665611013406
52929890000114
05146019000245
10203913000169
70496294000170
02234943001348
14238883000187
04813049000114
08193929000196
57508426002707
21975137000131
03762158000197
02786188000170
12338890000125
05082731000147
04095423000193
03187611000189
08211214000119
08194293000369
20187793000107
00285835000135
05967912000231
83648477000296
92916840000117
04326938000157
14989654000102
77488005000130
06957694000489
05290855000118
06172930000109
02834073000104
09393808000150
10950274000103
51663706000174
68062827000678
13556448000138
00079126000101
00306597007371
01286898000179
97541870000100
18425298000147
03724541000150
17558484000191
12074139000169
08978070000120
07904933000152
03247747000137
67629253000108
15499726000198
73323412000136
05380691000110
14277451000185
13817801000196
04853592000145
05760619000118
40841603000130
01450662000126
60184751001028
04661385000199
18018791000142
01228924000102
28667499000104
02424656000167
26695416000165
25595117000196
20506633000183
07086308000140
17281668000157
08928853000108
07322816000180
02391079000154
15364689000100
17621466000107
43283811014614
10947660000138
15873424000138
71185334000125
07826994000149
06997743000407
13569064001636
12769972000124
05913187000138
02902072000150
06867470000133
04402725000167
07491021000104
08674645000111
00881530000196
88627773000143
14788120000100
05724273000100
22705098000115
02992611000270
10559383000196
04899316003052
03630986000171
08822696000143
47508411147254
22213999000190
19401850000120
69613776000264
09308193000117
17210424000183
03941821000706
13519231000158
09088153000107
02515576000117
17265183000170
07193501000180
10713191000192
11140291000130
83646984007201
02763475000165
03757227000174
10381737000155
14689405000193
26893853000193
27732460000160
92665611037763
10298651000244
06057223005300
17413766000443
83374678000161
72625429000185
72051113000127
08928023000172
03719173000152
04359270000144
25033773000103
28239159000182
13954408000144
11047649000184
35345321000293
04633927000110
09468025000199
01174188000157
12332124000153
07682947000179
07106281000100
13253136000155
16233389007168
17687044000134
11110952000184
12652892000194
03645197000104
08827206000100
13337125000234
03198836000130
74075045000161
10414033000131
08487928000154
24563063000114
06854574000103
17535506000106
10619420000104
15350914000150
76430438003278
00342744000194
22421630000172
16956290000181
04190866000163
13345451000102
10562894000167
93209765001199
18612086000179
10439481000190
18979708000606
02983563000172
83541599000106
10280765003525
09160226000981
17565383000148
05746344000168
55395735000153
04216284000109
18328010000116
47508411152681
22265797000191
67094003000102
09111996000187
10808245000101
01507522000147
21877027000137
10659132000183
12933871000147
11038535000178
89770044000104
22308115000180
61585865179020
17165203000130
08156377000146
22818385000131
00296112000131
02937451000185
05278602000129
23393267000191
42869438000150
11334268000186
89988463000117
11713501000131
14937960000197
13980395000188
05518960000161
37359999000170
02643084000107
13626742000179
03139942000143
38567954001397
02653247000132
13694646000168
14667256000161
04348653000117
04761397000195
05780670000191
01672176000152
21002419000152
11614195000186
10672784000158
07826679000111
63411623000924
15127988000121
93286078000103
45543915003873
20635693000104
63755664000180
12505062000134
07738759000115
92660406003487
07650718000172
16088825000140
04206121000145
03392919000166
13225821000178
16844259000159
16576738000131
21192303000123
05542807000170
06946804000164
97552996000180
04272677000130
03231564000123
74522665000100
14078059000107
60812716000115
10756729000146
11501877000182
88305412000423
10587100000110
03232355000102
06891105000326
08803137000196
02886756000105
08624987000127
09301217000106
13065604000168
13901790000551
36878171000165
16470999000172
04453714000106
18133456000195
13007373000136
16944749000127
11343604000157
61565586000126
10508210000149
17419611000171
04484177000161
03309804000165
17605913000134
13168214000113
00294351000152
03362199000196
02226408000101
08227864000152
83912030000100
10817692000119
09079942000181
06136230000673
15612816000305
63851430000137
07458432000190
81385593000153
05215660000103
33090721000512
01339721000789
00168248000166
04853164000465
05614486000171
14925012000131
08000173000111
03110650000188
01524819000110
15654812000128
97136816000189
18109520000100
05909743000100
87553624000114
02817987000167
61354841000191
00785010000180
08996355000194
12975730000197
18918719000171
07434688000167
08571491000213
00285753000271
76068311000901
06988509000170
05881634000114
22070064001173
07964570000140
17280814000120
83148759000143
22929605000102
59965038002438
16496705000696
00850888000151
05025949000160
05467900000167
42205609000147
21393497000125
03002423000139
11119137000186
11154583000121
02128561000104
02539839000128
04648149000132
39346861038720
09411479000123
20049188000170
27396238000134
08626207000188
05706726000168
23325558000142
02987110000114
12991945000100
47508411022559
04684111000115
68465160000140
00997644000104
34140715000161
09626488000131
03845717001951
61788477000178
13008903000160
71322150002880
02114774000179
11240343000140
04666416000102
17289475000142
16554945000195
15775284000165
12554487000133
00558113000107
12941736000143
20114858000194
02146940000119
12878328000194
07354938000159
22134988000114
02181970000166
11693756000180
09497569000189
10586267000166
82225699000152
16690160000140
04594994000172
04399129000175
11114284003421
03529503000147
10917502000135
01836515000199
18735818000118
05652368000158
02019512000125
15896509000131
10799908000160
07018671000390
48551931000104
06015755000146
06643570000186
13799363000180
16624611002941
78208857000199
25322126000103
03686856000150
71284244000191
04714991000125
36554236000117
19025622000100
83571430000190
80156326000141
14928757000154
33014556091302
10704958000117
03592430000138
12741707000138
10694400000106
00324910000120
01498154000118
10834899000100
10567226000122
21524996000104
