15412252000103
01474831000168
07051560000114
19856142000183
12219613000101
01231540000149
87277638000152
00999180000167
05389597000121
07504152000170
10720572000107
11983602000122
08070253000143
67379743000276
14650641000104
01550726000160
09115286000125
25534179000279
01587806000190
07387918000184
10142779000214
12879577000102
29852067000136
00131770000173
10542860000100
91778449000130
01662853000151
02772355000124
07431152000198
05654888000108
15874228000188
18096070000150
14805317000100
11372084001182
10473492000196
26756250000140
01071846000185
15155791000104
00123322000128
02944769000193
15312215000115
11609564000142
21001602000133
07349149000200
12841423000113
08613900000116
03621740000133
88701693000271
10015693000140
24843867000177
00591651000446
04582075000189
23861063000138
10397056000185
05658451000134
82745886000167
39346861017137
88671110000126
79115358000110
76855832000151
13056270000166
72361876000174
09505601000392
06789984000118
01139339000136
10988478000125
70315106003347
77941490006358
80189319000146
08160427000169
02914149000101
02031205000160
07291198000159
00672715000352
05430448000169
42407841000168
00722942000183
13536381000170
02746274000230
05164650000196
08463188000116
03417164000107
11104180000178
00981057000119
01290822000117
83262923000491
11998686000178
10462126000131
14048183000120
26325619000160
02842194000106
01759854000119
00265933000100
10426138000100
02818075000100
05264854000107
11356187000187
01390799000132
08568388000133
14339739000137
11534991000109
04358816000223
19115027000158
08030363003873
80109028000109
24427886000112
09645650000169
25044112000175
05201063000120
08587065000197
04765260000109
14567379000120
03705724000129
04655972000175
41334079000506
01304695000168
90761248000168
02011901000104
10820087000105
13574594047583
91186536000107
15397450000137
24451007000198
11369713000143
45992468000571
36188506000113
33183179000119
00589066000240
09127069001127
20091831000123
72090939000286
02839464000111
70093505000123
07376215000231
00197812000179
19669213000139
04200779000140
33136987000125
40548232000101
08043170000165
24523276000112
05745319000160
32188187000195
10440289000113
48308993000190
24073694003170
02802366000100
10708655000172
48659874000181
19946287000175
01791764000105
17494667000190
26017705000105
02917536000100
17517006000133
02611982000183
18073579000188
32298341000181
12920627000140
77577336000146
33066580000179
15028129000509
53917837000166
17611690000118
10817590000101
03553884000108
11114284012331
77488005000300
15081434000130
11706589000164
17670776000111
02146174000192
17497097000192
61412110039019
38009825000140
02283591000268
04868412000107
34738278000182
21752724001567
68838440000156
06184811000176
02532385000163
73313157000140
07081984000121
09151400000172
76734987000130
02867466000114
18490206000102
01171707000123
86823648000183
22591256000153
24615015000122
09482010000185
12910996000151
06072072000120
04152482000156
17696345000124
76027978000109
09595636000106
43283811006352
04818827000249
08139615000105
04260692000168
01865032000112
55928881000105
27958007000177
11394649000150
02239410000115
04823792000236
01255291000121
07813187000191
09373760000119
00504624000146
13546685000118
17358104000175
03906632000107
09266120000100
20068414000160
87758348000120
10310257000101
21416177000143
17462517000103
24550168000139
00052274000124
04022977000160
10854195000190
04239120000105
61365284016450
05900625000123
08298745000190
26718311000184
93488542000136
00521814000333
07903804000140
17539171000196
17325765000102
07123824000106
47508411167280
90726506013900
11871868000183
17127452000131
04714855000135
82699588000854
02044305000120
64679624000160
13733333000171
97553335000179
10762364000162
03857424000165
05875599000120
46401451000131
93804599000105
78337896000196
05169294000101
23034785000119
37539285000143
18510264000150
94014156000175
01353159000152
11466683000193
10256916000160
02727006000190
36312999000151
04143008002969
17312338000262
09399877000171
27366780000144
04433761000198
95425369001043
03446970000103
17473515000101
15156020000123
15553720000151
03307127000146
09238257000150
14232127000140
07557624000153
08733228000100
09007389000171
10333454000138
67860734000111
33756461000148
22190209000106
09585989000117
10982324000126
11746213000183
42443531000107
60872124001837
13746949000187
12103208000115
91845735000503
07483654000324
18895096000169
15048963000132
23088054000156
05297520000202
18137854000180
07013648000656
03981434000108
05376562000158
08993300000201
40303927000115
09329182000113
10406955000105
17429507000168
00877761000126
18853802000100
15433215000173
01438784001764
03244699000204
10909186000150
07286425000158
04636951000102
01107244000130
01435566000109
28239067000100
33787730000133
01717954000263
11084098000129
11151270000110
24176353000105
01043199000106
15402864000107
07077510000106
05531042000172
03943329000184
14703431000129
25240205000175
02850586000109
19541819000194
01788792000173
07998951000140
02758851000123
27408623000154
08639069000171
23503774000211
21858390000105
91238741001051
19391121000130
04858785000199
07629956000104
87246179000654
09516960000183
11300766000108
29357013000102
43283811003841
14744743000180
85391720000188
02223966006316
10960784000153
03482370000109
22377982000178
09546472000119
08641830000100
07503876000108
03893163000139
10774691000134
15773871000115
56596976000123
06248950000116
11073532000175
30234782000194
00419712000140
11327326000144
24497172000180
19733591000134
03021063000112
03015639000139
18257981000112
02550672000449
08816675000115
22251072000144
02643266000188
01897623000171
24206617001360
37869930000196
05849121000126
12304277000197
06073909000156
10222019000136
11485899000368
10421985000182
37079951000108
06626253034056
77369510000165
14980182000119
08793930000151
11255044000189
09246474000192
26383695000121
61412110028670
39346861022998
37626777000176
08876486000138
71307946000143
23838178000101
18914021000188
10608640000132
12932759000191
13601802000107
10451419000113
41401431000147
10802852000156
83324921000137
10865780000439
12539110000377
05256618000130
11340242000140
09532100000133
06376168000182
10820693000112
11903464000124
16700863000101
21072919000160
72332794000282
06878527000280
23400194000118
19051754000107
05940256000100
27376102000162
74462367000163
82539636000170
50706050000167
01420806000100
13394365000190
73575367000107
05613385000429
26649225000167
66427865000147
02982329000201
18324052000189
66209362001177
11835234000175
06922190000261
02260973000195
20209908000117
08117383000194
23699403000176
02612262000213
10805033000162
11281006000109
37487063000124
13011068000118
16989531000199
05431093000122
00463731000173
01632455000192
20512515000188
69934230000124
19402012000170
13516879000170
12908543000190
20129164000120
07123446000152
17568725000183
08988100000180
18314482000110
00173199000150
18108594000114
11816642000180
15637416000192
00620137000149
01794087000189
04819267000166
07426359000174
00230060000109
73391187000175
02066040000161
12012552000107
31759699000363
00083430000114
12056943000115
05518834000107
11070440000131
10758963000102
92336031000136
15186865000161
05741406000149
35131887000131
10174475000158
02849661000111
02996816000142
02593546000129
16673982000112
34028316500181
17979103000148
11670854000100
08080013000120
13095395000103
33438250018708
01863445000249
13353059000105
04434068000130
12887219000214
08795980000178
52140043000176
09365576000127
03777852000188
19726111000108
96617261000124
05591715000180
04481780000190
04808303000196
23903361000143
16515252000193
00746278000102
06325465000107
01113855000191
09481222000148
00910517000118
07206858000156
08580877000100
08708745000200
07160826000167
01283653000350
23207545000179
13641733000238
04917595000103
10992188000155
08784218000196
00666175000132
16796746000193
07490653000145
07144790000128
12474287000170
07675099000170
12965200000168
04513951000115
15314665000147
04243793000120
10330593000108
85789782000223
02107031000171
21950231000136
88065420000105
03884746000101
13768573000101
19051881000106
03425227000177
05157950000148
37505393000103
04392766000110
03494160000122
10316626000165
15831190000166
33014556082656
66464371000132
31474778000166
05392380000251
02387113000117
04556068000102
08969869000150
05736036000151
13739921000112
12207943000179
05142929001302
16670085003766
20219097000135
06626253073620
03204565000189
03655753000123
11246531000185
18075066000106
21010963000146
00641224000263
05442713000129
18079600000152
13745542000135
15515494000114
20302099000193
34875757000221
06198619000139
24169193000177
18910831000166
97163091000118
02123160000153
31134885000145
21911839000828
06339083000124
04768158000167
26864579000124
23422512000141
12510720000186
73840829000338
57582793000111
67544353000123
01710016000150
11064160000110
04292064000164
14278698000116
22791938000100
06349494000109
92016757003883
17971031000192
07204049000105
11325194000111
18088237000131
03535312000198
17439847000170
91295691000153
23433840000143
81034993003300
20303181000132
63782577000112
09480081000149
13144391000160
03265847000196
24916462000111
15844086000106
08011394000195
04778630000142
00956523000106
61585865042318
11254684000174
07792571000155
10337768000370
12338510000152
16792329000172
05942932000177
21002828000159
08244710000179
09459248000190
91912386000163
02425268000109
34028316311966
18783740000107
11907660000177
02005147000108
01029030000193
14599920000182
00756885000153
47960950087227
00768793000193
08191830000155
79586129000183
05808085000152
72249790000154
15111708000197
12396525000177
16709524000196
83488882003200
82528092000141
36549434000192
06931414000110
23013732000111
05018326000160
17391138000161
28056888000101
11452372000175
05555631000190
07965567000141
24793029000136
02817102000120
07311651000141
11104128000111
11800561000191
07249194000102
16835437000185
04601496000100
63535942000194
21128147000131
02310655000191
15531966000122
09025257000172
01464837000154
10563928000138
07999283000176
39346861004582
12278802000147
23370944000156
08698712000138
42132795000131
00256893000211
04261337000294
08186513000140
06989336000105
12976759000193
23507349000110
09165956000118
09431825000135
14760445000184
28189512000248
68122589000134
03439316007002
13427893000106
02510131000144
00291582000102
11966022000127
00821527000187
05451326000906
18077493000123
06196416000103
02318014000183
54801535000190
02921823000185
37507274000181
02767771000134
00133219000169
20783958000103
53896981000163
08534042000114
10643965000156
12559573000139
07903385000146
12459711000108
08593208000173
03212309000133
00512777000135
06250761000188
15032172000114
13682805000104
00662115000141
16684590000159
05357494000180
17331955000124
09112405000196
07192452000161
05001590000271
61780615000334
03111106000150
05890699000126
15814186000190
15418182000192
08750816000144
10973611000170
02512414000559
12959145000101
19069494000199
77806081000146
78939238000174
05356326000170
10591450000150
87684320000196
34028316211589
01387686000269
06703805001230
17338339000103
20403576000107
10523714000138
02106579000105
13988030000108
07473735001668
15229902000171
11244819000110
05641561000193
28145043000184
04359985000105
37112505000158
10197856000152
39194238000130
12165032000126
06134374000186
08534656000104
08848727000135
09142152000284
31197148000191
04918217000136
28629360000176
08240845000166
61585865125442
72601511000250
07242275000180
09497291000140
13004510000502
04829005000182
11074905000122
19065543000115
25368580000103
07845091000105
10216069000100
73457186000186
04439035000182
03318727000100
27256429000109
07313444000126
02346581000143
11360891000103
81566150000169
19596469000163
06325843000144
65311128000111
14619921000141
03676331000134
39408125000190
15379803000176
20507313000148
81049827000191
26372572000195
87093290000224
01840807000103
05365036000192
02326120000109
18152817000140
01678771000103
15555013000102
13405794000115
09075277000158
22448351000100
02931551000102
01887122001186
19122634000145
04847228000172
45987005005319
22389930000111
06538764000111
13228524000186
15604175000185
10308682000158
04971783000101
08576825000160
12534507000104
93810919000202
87979027000156
06993428000320
03687888000170
07944065000134
12471735000182
38684007000142
12599612000121
22300760000157
11822672000107
87270690000934
18760391000108
12801054000135
04446247000197
03433188000150
04258002000136
68507144000172
08619750000158
02297263000130
12125646000184
17510226000135
02812228000101
06219103000123
27124480000159
22868306000105
18850973000185
08042557000288
08785605000147
07278657000164
98518566000104
03925364000170
01979513000159
10326917000134
27881827000108
01911605000105
93489243005266
07195525000250
12441863000183
03298532000145
14061222000200
05651002000164
12853917000118
02960429000156
07462378000156
03592513000127
35645613000160
05520607001600
22015147000198
07320197000195
07260860000103
15690325000110
87438768000120
19139482000193
01899419000190
29341353000137
01597990000150
12201134000150
15222786000169
04884715000105
32293683000109
21779354000156
14434640000114
13569064003922
47004130000166
05078210000116
02388013000105
07585412000180
26970262000172
00411533000166
07287826000122
15047455000130
07601254000104
12821926000208
05497036000146
10272684000134
19460016000105
02998710000188
12845236000612
33390782000171
38928172000100
84481530000199
81252207000155
07439244000114
26638684000145
04448715000162
05771693000210
20384948000103
07847807000103
10276129000180
05817053000113
70164710000132
08516343000115
64304199000124
13754225000185
19257337000107
09398731000101
03739994000150
05506533000163
02282936000188
02616491000125
07795971000114
40584369000103
25102146002201
23036698000109
23015008000127
02719657000139
00149796000149
65652539000170
19373633000173
24968886000120
05745394000120
07320999000103
17222258000135
05882239000156
10194065000179
13141881000102
02368949000174
45489226000136
14441556000128
10341441000100
07779919000174
09367946000165
01174530000119
10158040000110
03956452000130
16858579000168
20601878000190
18101004000121
07975126000201
15533428000177
16670085014458
13443278000185
07019715000135
04895751004242
07961213000129
08064809000270
13586018000169
03100081000190
07272825002409
70361910000185
00786830000196
16918917000100
00626528000170
07908272000133
13451606000195
08626757000105
03983300000630
07479162000284
04274041000127
19568846000150
33014556014901
09550649000150
11241934000131
06198619000643
02353384000151
18292261000198
11226932000173
05045611000170
02233622001329
05778487000151
06297966000119
84598648000100
07520981000147
90748971000107
21784715000152
12467614000167
39040597000133
02050991000142
00570777000191
37504255000100
07302715000148
03538460000166
20649203000110
10243691000108
03273066000143
06813151000145
06057223033690
39216809000271
57034696000194
09241387000142
22763648000152
07032419000174
05261361000105
01473946000138
14178235000182
10291053000162
14090034000129
92665611011292
25150293000114
00066716000949
77577849000157
09488368000115
07788050000124
33041260128632
05601741000141
02373768000136
26299525000163
17186494000143
83754234015779
05335550000185
10369301000140
31101342000121
08836141000150
14248382000181
04994796000104
42915389000226
03274466000173
33447236000120
27229411000100
14805817000141
28932247000165
33572793000172
47385539000170
07713463000140
06267438000117
03896526000190
12535572000154
06333920000108
26381722000127
12280375000131
36098598000140
07488432000132
40481921000138
20841771003304
18504818000107
34264432000121
73729972000195
62002886000160
05147748000135
20301907000106
12900490000161
04483469000180
24733163000141
18961137000178
08393672000116
44765741000139
14177767000103
06193489000141
12283851000178
02928132000294
03974476000111
08165401000103
14636362000188
02970195000128
77968980000145
79863478000103
33014556058518
33014556127188
32058729000105
02080456000134
01748790000150
09335375000187
11591603000121
22972822000177
11714932000112
10472869000192
26812067000114
04707212000164
17586977000135
05923169000137
05869533000128
08153965000126
07781618000185
11881858000129
06326895000135
02999657000130
25198875000170
07162614000119
15693910000174
81035529000142
14626050000193
05433907000168
13714395000136
31912291000118
01436429000199
08749203000197
91171108000100
08089755000116
01067827000185
07374494000113
05257455000291
00783971000155
10473687000136
11066772000142
93209765014096
30233852000190
02266596000363
03104861000108
04507295000148
84520352000168
07129133000101
47508411156083
06975500000125
08846718000105
14393902000140
30938575000110
71680193000206
76625425000158
18342605000126
00447821000413
00881428000190
01991461001108
13630886000107
05092391000135
34895292000190
15063353000108
97521669000160
17783964000156
07473735008085
07905783000100
08881721000160
84026848000180
34538850000321
15307203000100
46025946000103
81034993003806
06355095000657
30821410000164
45543915028434
14008058000196
08893129000188
24209830000191
01641253000107
12271106000109
26852044000133
08750116000150
90865072000194
00674671000138
16745530000107
90550401000108
26443852000147
03894915000186
06232905000173
00832991000179
01659085000187
07401194000186
24021888000107
02805403000133
07472088000193
05879107000175
10875062000109
10863879000159
14672627000101
93311561000192
51655074000288
03733927000129
14031512000120
01474000000196
79964177000834
06847764000101
05448494000195
79930681000147
20879821000408
23254834000129
27728005000191
16347981000188
05140826000170
11421968000108
20421246000144
05675814000140
09443210000129
02140322000161
09266655000180
27248426000620
02313321000171
33014556007956
01819360000182
02563736000101
73856155000106
15285622000180
29723475000198
81521056000193
02896671000450
06080392000122
13594751002330
00272169000605
04580623000131
14935314000190
07305114000199
22305713000104
10643202000105
03318460000150
43093327000168
15413365000115
26553469000141
12542851000145
00389329000196
19419545000165
04523116000166
26267675000195
09593412000157
08288175000158
05809328000177
19622101000122
19234936000105
13073848000192
00447821005210
07097360000100
21459523000170
03783621000268
14504018000135
04034135000129
06555355000123
11617464000168
28200947001641
13513086000106
02330569000221
01631504000172
05510947000166
40432544032855
76430438008660
13309400000125
26583518000199
14070813000162
15311137000134
10952017000100
01508096000166
93015006002833
06990809000194
19712916000100
14033159000117
08141101000194
03951501000141
05762790000247
08468096000129
17725188000138
38469706000170
03608674000161
89359392000193
13210937000133
09077390000172
04495767000190
20198990000121
04295001000161
39641808000193
37525771000617
04975478000198
23613230000121
19052152000166
23681303000112
20494394000199
24545541000163
39346861029577
13288577000192
49166572000134
04563997000220
00063557000171
92375773000170
01468972000178
02657643000138
04929194000165
18647155000180
36858066000164
01731832000140
05952001000230
04802618000126
20944804000156
09153923000158
83479279000165
27340074001529
12362938000211
05514849000105
02926154000134
15288355000103
15478251000153
63763767000192
02264868000124
04369473000111
03673971000190
02550885000128
18379538000114
85224459000121
01332818000174
06207221000111
19804947000183
87838108000136
08675142000241
08967784000133
04780984000121
01904660000160
02518394000108
00988416000160
12367802000113
18549628000106
11263358000204
73062572000179
10378506000192
79245593000106
16872615000148
13795536000273
00359971000122
13184848005390
23320149000153
03116952000163
05413871000150
34829796000101
01858477000175
49095599000183
03845717002680
01100220000150
03425486000106
09322639000168
09420410000166
72616998000164
18928595000105
08766052000185
18277434000107
03774259000188
10741328000112
05073321000130
08685894000102
73750903000163
29622198000127
26637322000130
10696032000127
05825144000362
03105883000192
11780302000146
14455868000190
11173834000115
73489999000158
19257183000153
05278540000155
06312899000245
34692657000189
14808210000115
06988564000160
09544536000142
93673044000163
06973686000183
70117619000247
00331920000192
11680828000154
02913603000100
29767678000186
05405388000124
05983920000190
15457894000110
12457668002942
18525942000159
80443120000100
94853090000107
08072308001207
19986041000127
13589794000112
70011671000133
10268681000127
20422291000113
21681184000172
12969040000125
01008713009463
09157805000118
04952365000177
14089774000145
17559656000141
23484470000173
43533546000110
07263459000127
13123327000100
23746517000120
05956054000149
40779142000113
37543501000205
55324917000133
23087424000130
21820947000119
06251430000162
07075386000220
11327493000195
08450939000160
01994951000862
02310462000130
08258531000190
42966200000143
08034538000129
03295467000102
70056510000166
03582708000277
07975372000182
08824171000228
17127169000100
94846755000155
04340334000165
92665611024513
07274651000119
24987690000182
24921078000107
17029714000125
21930084000132
02952049000170
43158302000871
07273538000119
17339808000109
47508411116456
09493191000145
17866133000148
15224247000169
14483066000194
19350180004904
14543428000195
04121359000178
02487846000123
27133801000181
03719173000233
09148368000176
19574243000161
15598374000128
11800904000118
13754402000123
07450382000102
03980102000370
11955390000170
87790648000782
11093651000190
32654428000144
07407127000179
09374250000166
39300280000199
14089918000163
14767463000198
05100779000130
29918588000149
07781007001451
00254876000164
11703374000190
02212642000260
00550683000150
02502448000139
12598349000156
05962606000121
29323902000140
14073447000103
19166811000195
36942902000194
05085629000103
26459966000185
06287728000394
03551251000152
88212113003460
72080658000161
21237272000180
24198884000107
07571746000366
19300126000100
07601049000149
07360520000154
21834376000171
04416973000167
06249830000133
18069681000100
58861238000191
17398006000161
24409806000104
15759542000110
03630483000104
29831930000179
29699223000170
09624482000125
11588575000193
01513151000106
09005837000106
70210562000145
06056572000179
04363625000179
10645360000102
55624498000902
04356697000199
03103861000193
04454901000104
52715919000165
00048496000173
01277182000105
15676257000135
08659222000122
17743618000144
70175161000100
24483653000137
61412110078502
43283811018520
47508411155940
31173768000190
07731057000100
09497421000144
08389228000127
17716744000100
09393225000120
86862208020241
05938701000190
07390845000180
04100823000140
07695576000160
10409797000139
04214790000240
08978641000127
11564603000132
03327193000188
26074505000194
10900936000122
09370538000162
26743901000167
13707146000113
10535696000104
46367280000171
55555684000180
08570707000145
05454679000102
16820468000162
11029889000156
03117281000155
79220778000166
12098334000129
00509575000134
47573779000106
02152353000132
17149374000176
17650061000105
13501187000906
06922432000136
12743947000171
10526507000137
00977098000131
08528406000153
04307600000158
03958760000102
04284282000319
01184650000105
02557383000129
07788238000172
86886496000168
05725744000197
13416914000180
26678340000160
11451170000109
00737084000140
47950761000178
03777341001804
14356004000111
01863664000147
19798582000121
08702840000108
01178827000152
61234985007540
06966537000197
33041260091020
05044559000137
82028416000182
07457822000145
03681049000145
03865742000178
11699586000140
12302158000103
83333344000140
05320761000144
20866543000101
28235265000198
31487473003619
31898437000118
04254990000145
02309465000154
12143892000169
10483635000140
21195654000198
08601340000180
09118518000107
08286271000167
02270850000135
02458373000136
13450200000279
09597025000199
14517581000148
27396167000170
05875485000180
11190555000160
07792435000327
00314550000185
07512253000193
21619418000151
78807419000147
07651242000194
04046508000181
06539543000168
02873067000166
16613260000172
06000551000131
07751593000258
06626253003762
84011881000136
08433491000176
95755948000163
06347409006015
16823762000128
38543898000117
02342668000142
18468199000142
12019959000158
11789422000104
05453109000106
06967436000130
05836676000133
04026904000147
14382399000127
07326785000217
08290160000396
33648577000163
01032294000104
35238716000106
08334365000164
02767530000195
39400494000137
05490159000155
86446895000108
11836383000159
06002432000118
07311667000154
16986769000756
04905520000102
07088210000122
22592625000122
23923447000138
14279145000692
07939516000145
05198716000169
01008713001489
17987522000121
10175558000161
17377953000176
11980001000166
90501487000189
05051807000177
11310737000127
08945139000110
03015120000150
17278300000210
09165140000194
21147379000137
13158208000185
11857433000184
07320695000138
02548595000140
28737821000124
09598836000104
13206652000129
07639814000110
02034890000188
09424964000131
00245454000475
00041327001930
86594041000179
13829350000107
22915128000118
12212829000137
03651929000179
00402695000138
00448750000120
35820448002503
12073028000138
06257146000101
02931088000271
08840123000142
02415741000169
01239007000123
07289893000186
10424656000195
78835857000119
04331320000185
09305985000138
19662419000137
12772829000191
05846029000102
14435359000104
15217162000153
04581439000106
07608132000140
09508324000100
34459834000181
02041271000110
20534134000108
17082193000170
13566574000173
91711705000172
07751257000124
10321022000107
14072798000787
04214790000169
12127358000169
09641038000118
11964173000146
05048466000180
14497774000184
73618647000155
18608715000197
05847341000110
13192098000178
43368141000174
14804258000155
15106591000153
07768952000107
27673383000700
34400580000126
24890838000166
11450489000110
07319440000155
00486423001135
89438824000151
05371247000138
01894137000108
47508411134357
09532089000101
43411008000153
11626474000160
77161081000217
11168690000109
08529025000270
30358691000160
23916643000185
06225400000181
03998680000172
02268257000154
12871998000189
43585405000141
11208735000121
64624679000172
20908221000170
19850532000146
14318897000100
67742288000302
80154974000169
02382930000182
81253452000187
29558194000127
01172040000183
02230569000179
06254034000199
18456084000138
00582649000168
20083366001231
01954772000125
61585865214623
55973366000805
10684737000124
10939971000155
63812135000171
19551307000109
61740510000190
03524050000166
14963238000127
08081650000110
04309995000128
18389747000149
04635192000163
11432043000162
06970082000183
08571850000151
00499396000163
20353747000130
13597351000173
