14821638000289
17405265000172
15345806000199
10900097000142
09060857000171
14270478000146
24707572000173
06626253015507
13975973000198
12753213000335
30785992000170
08150737000100
03831072000179
11457029000113
05646628000182
21339159000105
68282888000136
09141302000154
09626239000146
04344809000191
64441868000100
08861343000152
07763178000133
14728844000168
05790721000166
12585000000180
17538700000137
01878267000149
12826000000124
04059208000137
13054097000167
26610287000165
11791850000171
03400361000113
97533965000181
15841633000108
05657258000189
00711004000188
10482740000165
16106105000160
15280856000135
04846967000140
08939379000101
05358118000100
01523804000138
29073442000140
04493736000108
39341326000118
05077817000181
11470808000159
08107403000146
00580846000148
20892675000108
11520067000173
07686940000125
07362683000176
10217236000138
04638723000171
49732175004846
02261002000160
00697754000142
90230327000142
22822986000118
59597047000127
09592986000100
34028316253230
00171814000350
10371690000149
07024031000121
00310004000257
31344419000194
20367069000165
00135130000131
11044850000108
08074463000100
55330344000150
03840986003200
07439603000133
02639388000109
05511929000107
03061624000107
82842691000135
65440000000158
20913702000173
47960950012480
04779685001734
03770109000104
77319895000156
07243106000165
10887086000170
02312899000103
09632463000140
04023922000175
05271748000142
09251751000155
82185117000151
33616004000158
39300728000174
04158376000180
07008691000895
05585981000108
30038878000187
86822186000180
03517975000180
08707981000113
13004510028601
06135617000109
03833018000162
13035053000190
00406026000134
09437698000181
01937887000101
07486803000147
14921011000119
17407251000198
11022368000177
02053663000108
08854980000100
03042782000110
04037107000165
06894356000100
27536937000132
18577728000146
84598929000154
04562619000140
14992942000108
06813685000414
15156053000173
14805998000297
03072421000116
03509973000653
08073905000101
05239388000100
01928075011053
24073694002360
04099645000184
20838553000125
86670353000114
14802149000107
48071377000168
09069475000109
02568846000158
01077010000198
07611402000171
04015121000168
10580005000194
15694881000165
42985218000516
03835188000186
02314184000190
07406018000137
14733393000157
23218239000138
00945509000107
00968304000147
03967184000151
00938501000113
05671985000109
12462649000103
03054266000105
95591608000144
05330718000160
00587931000138
07812617000150
13569064003507
40810491000231
02060847000197
01563691000102
13246370000155
13349745000102
18666318000171
83488882002904
03244823000150
00960139000187
08090709000218
36909273000109
12452630000186
86564408000101
08717992000184
97298590000112
11114284012927
11555464000180
07689648000166
00743990000158
02550680000142
21268555000199
19580367000150
97252407000148
05418619000800
32932550000135
01964099000104
07278545000103
22633134000182
33148586000195
34973503000912
25425117000148
10548331000114
10973101000100
07868912001281
20783679000140
07477122000112
13244310000101
11458721000166
11136737000152
57886301000181
06895240000188
53794996000110
26163591000101
14931920000138
10475062000103
29468259000143
05132604000105
13868968000186
71415863000178
02773665000163
69600567000103
01139388000179
08532646000121
19231678000103
18101113000149
09118926000150
11092435000120
08495649000132
29038257000114
12567438000135
10774777000167
05569328000147
28230837000146
03932800000481
05230009000960
13531372000196
07614625000192
09196053000102
05008810000108
14941537000160
04638020000143
07347443000100
35365345000204
83754234005030
37510203000138
21938131000194
33105537000175
62707054000149
12287774000124
19597950000173
12030609000192
36527158000161
31458516000299
13313585000141
03550965000227
19686558000109
00995533000150
09059710000161
33015967000104
02085828000115
70037122000138
28113539000176
21030283000194
27833615000821
09143329000186
28670958000885
10587499000139
17106880000188
03951364000145
01189580000170
05144111000195
12957770000106
76699362000184
02636729000184
07514425000320
28930907000179
10608426000186
09226381000104
17739714000119
27827900000163
15872787000159
10404725000107
01520667000773
61393419000145
18142954000102
23348232000130
05946663000206
14186893000116
28879286000499
73226839000116
05442544000127
18720359000107
08744180000128
06963874000120
01689148000148
08930891000197
47508411105179
88212113012965
84418235000198
19694214000133
22580152000143
25279509000146
72543978000100
04626248000202
07170943010174
18269846000278
07727017000194
07919497000195
33014556099893
03773474000164
04061439000185
70109475000104
03493062000170
04243394000160
08859824000123
05870780000144
17467003000132
25236939000180
05327788000169
08562804000196
04822047000191
59339424000128
21426438000106
08296722000147
89848543013236
14260019000181
13850516000177
08729969000290
12373449000184
10763112000158
13738417000106
27238815000402
09432278000102
09406235000152
23484994000164
35841881000158
10878757000136
03690113000588
81898116000191
18999891000105
08947557000146
02694193000153
07396407000129
08027269000173
12804501000100
04739529000182
11212251000156
17321137000140
17172083000107
08693811000127
14331656000100
08385081000288
16030736000142
03467369000105
05917219000173
05006001000167
21204254000100
08553216000196
56870884000190
02705744000218
05697368000174
24491078000114
33050246001018
05812269000196
02675085000133
07188669000106
18311248000139
03298488000173
00248893000199
26369935000133
90942772000135
11917477000152
17475124000126
03587773000104
18407387000160
03707937000190
09237031000135
80046618000121
21925040000114
00507910000165
01154956002316
13369817000183
57158057000726
07528283000198
16819741000139
09225508000162
21496689000167
10484451000103
41565185000169
07922410000139
11978564000110
17782843000190
02751586000151
02480532000107
17523094000186
25178588000107
02895194000166
06239196000158
25139205000183
52110673000106
09224451000187
50329267000103
27274505000109
31013456000381
08881378000153
17087498000174
14381817000161
96035829000107
01990681000145
00690686000190
15642399000181
76813534000107
00489846000137
43669753000105
08985894000128
12118977000197
03649067000140
06052693000142
10446226000174
07595916000180
02668510000167
10647866000142
04994734000356
07919616000371
01896535000155
02997984000233
06260994000161
77801975000143
00427675000111
71504534000101
27543238000110
05931411000629
03299118000150
01572066000119
07688840000138
10798207000107
00537007000147
03853012000157
03156154000165
16986238000178
92660497000192
04356309000250
06322633000100
09313277000149
19951992000160
45128907000179
07200125000104
05322920000140
02089945000157
19398230000189
04446066000160
13159517000170
00173353000193
04480284000111
00200072000182
07473735006708
63333827000137
06983154000127
27315258000133
01304891000132
00527736000112
15578569000106
33239153000145
14027918000139
05841841000145
00285753006636
31227366000121
14458674000149
07908577000145
11032546000140
19460731000148
06340098000102
22498910000189
37483039000117
08839890000131
07545964000164
01034081000103
17214027000180
05633051000174
05896902000171
14702861000126
04754555000180
16604124000116
03590418000518
07912772000149
30941991000178
09064843000126
05918619001175
03598050000100
02700766000104
10199390000124
08223697000171
11368683000150
84709963000159
03522446000174
37422391000304
12367941000147
33014556080602
11341575000194
12305269000165
09912763000183
87417994000124
01106213000165
20815736000125
01544340000146
07139828000174
49336928000130
17621040000153
97384093000137
31712474000270
12573049000201
06016106000160
06057223033509
14515150000142
11726521000309
18640880000126
01325884000117
10757176000146
00291068000177
02862567000100
19932642000157
93042497000272
36476125000130
23108379000153
02394473000146
01923578000182
33014556078624
10198982000121
49226749000140
04934227000165
19875777000128
07581592000636
06262655000114
03390722000198
18841288000192
13433214000101
09911379000166
06626253022473
03380534000189
08227963000134
40445314000112
90062258000105
04680300000110
02709842000142
08370114000135
00102744000206
03965940000103
05339903000115
12184759000231
18809277000397
04849767000140
43336882001064
09223185000178
10528783000134
20283416000171
10935884000200
04070751000216
11376511000129
03538683000123
16846429000134
26820753000137
89237911010537
03375344000173
11828725001322
10524204000185
25084484000125
18430597000170
05593306000112
17711886000184
10287278000145
06936083000101
01117264000273
33014556080521
01357043000191
63580666000186
08736520000179
14002531000128
10745021000190
07002081000108
18741345000161
19576591000178
14140074000138
09270261000104
09630207000114
07718633003102
04948988000176
00196816000132
07770800000130
13108995000150
06131496000119
08480626000154
15328857000102
06002089000101
13888948000177
66741224000162
35722180000108
30598569000161
17352742000189
08573885000120
04584079000104
24636727000128
35497429000110
83229666000143
02551024000164
08702610000149
64778137000154
13836792000180
90551565000150
05818004000103
09162500000102
77317741000125
08980889000394
84518364000158
21212553000188
14242782000180
03510189000150
10807353000151
01819470000144
71856447000105
06169721000297
31268410000141
12519476000112
24000041000146
01190493000132
14056107000166
04085260000168
61412110054085
84875194000169
08959758000163
83404947000195
07351198000105
13219571000244
08809648000115
16365368000193
00511498000157
11973638000125
11189144000154
05297480000460
12393355000177
09676623000153
41184961000342
06082252000193
03656804001022
17406286000102
94616059000152
04584239000107
57343253000185
04444714000140
18806331000189
27982667000193
27079485000107
07473735007194
49125693000138
08197534000161
90589698000549
00173445000173
02688550000170
12612564000164
75588384000104
38574372000102
15158823000117
08814707000143
26200896000146
13481309010740
24469694000179
29776721000170
91332395000185
27311430000180
11389220001490
09447934000140
37895182000205
39346861031636
04206129000101
17142944000104
45600400000176
01014729000180
21213470000103
03016967000150
92293703000505
13260607000152
56217060000115
05573849000178
08295551000131
04316690000143
01052983000172
09132661000145
31218431000152
20087544000140
05585369000127
15516026000164
90748401000117
08117767000107
05079340000173
21090862000122
14767197000101
76002179000188
04625115000122
23735060000158
11268163000176
06224122000148
05696809000113
21666185000148
21172083000176
01338470000122
07291758000175
07769106000101
03719145000135
32404469000182
09191243000200
00301484000109
02567178000144
08705555000140
39827175000102
08885874000266
06020300000119
03879760000451
03930349000110
00434116000643
06100163000122
35368331000163
37864295000154
10723181000138
11094152000206
16496705000777
10560345000153
22659940000120
03626094001179
08348830000116
94934783000124
02488201000105
25145737000123
01227430000103
11982113000903
02688216000117
16233389001470
29869831000186
03785499000269
77765840000412
17783092000398
78919867000132
12586642000101
65666018000172
41712282000137
18297549000155
04887863000183
17288245000169
28773770000196
10728297000160
04836350000143
61843256000660
02869615000184
30265862000107
04024470000146
22022155000161
00220439000200
49554769000493
36293991000195
16785663000107
81418899000169
14341500000100
00996281000184
06015600000100
16042442000130
63583512000148
70318951000199
01438784001845
04864066000180
06057223027029
23370078000101
04395476000120
06962082000131
07085880000195
08609908000109
34793844000159
08141008000180
04962234000170
46266771000126
17474484000103
00091189000175
07650144000132
04821163000196
13004635000109
03642843000180
02100430000100
08828361000132
04116617000390
04181180000106
23946035000113
09575116000204
80226301000177
03219617000190
08923554000172
20044265000107
34805903000161
02623325000156
43187418000162
23518686000102
69427219000178
11001586000125
02476189000119
03341024000445
81690893000146
63004030003616
27051588000169
00123479000153
80756893000139
17495456000172
15631993000177
83866707000102
67754002000147
91872788000181
10328422000144
04634597000268
31671298000195
12480944000192
22889642000126
14519177000294
00021279000190
02418022000100
09664935000147
17080053000162
60957784001578
33381286903089
18332251000210
26750380000337
07399912000208
17852920000130
10678172000172
14477470000155
13995459000114
00857071000105
42545293000132
10414823000117
33362997000189
28366565000106
11273304000149
40432544010100
22896059000142
11410701000387
13035153000116
79065181002057
11452375000109
07316402000149
13518049000182
01186555000132
08700326000133
21615950000109
83748772000133
13936238000175
07156215000145
07048352000166
34196147000110
37400454000160
42173856000109
05385719000101
30617918000145
05088218000163
01519405000101
20354746000100
13337536000149
28309668000134
01420327000509
00506826000470
15986565000167
33577974000191
21651653000100
12276593000100
10473964000100
02198905000143
10208010000170
01414129000109
11971347000289
01983571000156
02742440000140
31423015000196
01721235000135
25235951000170
11236770000154
04214667000148
03136242000103
57480006000805
13232544000120
63883250000137
94402476000100
47508411008300
01703468000105
82202847000113
87233797000155
03942203000195
55473250000130
03279924000167
13052484000164
56932239000154
10991900000100
03181242001270
26592147000101
13271265000176
04342137000185
05907311000152
07085038000153
89070726000104
27521753000107
14301272000136
07796254000107
14128522000188
13004510023391
03500479000113
13005132000239
15661185000152
03466141000192
01869728000389
07615434000145
17832777000115
08898750000134
16919976000100
28410080000172
27884064000159
43963933000600
15361488000230
09462366000157
40387771000106
00118598000622
13052804000186
24001437000108
10567190000187
19233089000164
12748414000182
18357507000162
01602247000140
10999751000117
00206861000554
13972719000136
08740696000102
02284866000105
82214537000119
11652611000130
03526315000165
34748137001899
14169763000337
02268356000306
05684518000105
07573903000100
33102344000160
10585490000199
10469410000130
11002544000109
61549259003600
27370400000145
05002932000197
08375034000172
18736993000120
77824738000106
25859430000194
24597039000104
12512803000104
18864545000101
18510982000712
30079370000127
02400589000140
05434069000147
10629857000129
04254371000150
07636637000118
10173005000170
04147770000112
04323055000193
15217026000163
26641886000146
37534187000113
02337524001099
03605837000152
15047747000172
36766178000195
02832240000188
00850201000188
81062952000131
00533018000310
22019263000185
63592448000242
15150681000141
18431519000190
21402963000191
00885398000190
14096585000108
13385953000167
06044659000126
12398911000106
27679463000340
08699277000166
96766340000105
13497266000133
14175397000167
24385106000119
43223890000103
17209781000121
12394338000154
04125758000107
33014556137060
19205069000180
03081157000187
05316040000241
45987005009063
07417738000106
39118153000173
09085717000581
75058149000120
29191467000148
08410122000168
79430682012724
07705871000150
07311918000109
10923162000155
10948040000113
87479937000170
04965401000137
11614444000133
12414268000159
07229023000111
18985567000120
03063074000165
05701130000175
26108449000161
39729538000177
10774640000102
18210369000194
19732753000110
37365509000148
32981540000190
17142572000370
02558157030584
05489368000189
04754987000190
06780432000149
97533802000107
07022393000183
06626253048510
29933069000150
19969621000106
11480369000165
09159554000100
40597155000171
08399522000110
03304828000121
08940481000127
02331814000134
01941535000120
42536573000184
12447479000198
04017383000161
22479738000116
73194607000123
10801772000186
05889213000210
02739573000167
05276603000134
02095806000136
04789709000179
02550000000190
02885825000166
08151225000150
18093943000171
39214952000224
10310176000101
08883532000126
04447192000130
02717783000154
02871363000128
08940428000126
27354408000118
08358549000245
03628106000122
27650859000100
03574327000165
04480508000195
05230136000101
10623208000110
04342873000133
01602430000146
05632976000109
72641194000115
03006726000120
09647935000309
04033493000117
13703935000186
06276991000116
01583573000158
17062209000182
08413902000323
09589370000180
14654474000161
05336081000119
44622389001073
05229924000188
33014556061659
16010431010646
11059575000104
02121629000115
13080862000113
18449504001554
08309597000162
10370592000197
21760426000113
03313948000195
87101119000139
35427376000161
11952927000148
03790595000114
02646059000187
14202175000196
07306644000151
52625373000151
14676140000199
05083031000177
07625519000104
15988421000140
03018151000165
02396614000160
05362460000183
12048139000194
12855451000190
06587446000140
05339816000168
52083326001448
01707594000138
02434190000180
01978708000184
06885356000136
10375782000288
08409438000130
11593961000173
70015607000120
33014556062116
12476421000172
18009679000145
33014556031660
35237015000152
10158144000124
00976633000130
05789561000135
04379402000108
01359435000190
02347121000130
01222169000159
31952567000191
12268652000190
02751395000190
09100548000188
06058724000172
09396401000691
04489573000181
17801642000192
06941615000107
25493552000100
38708343000188
11419640000157
09675689000129
79824777000120
88124375000708
07032091000196
19109464000169
37533866000259
10788677000785
05879671000198
02586978000102
06027501000148
55854566000172
07852728000190
01432203000110
07006410000199
67576322000154
17328794000110
85035327000313
07032969000193
10878099000182
17859109000181
16403521000120
26780750000117
03329163000100
14095645000160
21491806000108
09123606000199
11800965000185
20939127000340
05347683000171
06197069000133
13969323000130
07840479000113
29834093000131
14545613000119
04351497000143
19979972000106
00112384000134
21637129000185
02323021000173
00663310000196
39751433000114
02414798000143
03744137000149
03410949000158
20540779000145
24093908000155
07845715000194
31819139000195
09481111000131
18011865000119
02524863000517
97525858000101
04775651000104
23829105000153
07170943003712
09451434000182
19745326000176
03682737000120
18947284000193
11081657000147
20987954000309
07075412000130
33200056011850
82076308000185
07240450000109
14269534000122
04919734000120
13652340000149
41413543000118
12264085000102
08342767000100
74613712000112
08518829000273
01937258000262
06153839000146
24206617001289
02374419000139
06367897000172
03165031000190
03375396000301
14142089000135
11323056000101
20893865000131
09440426000130
07353947000125
17853000000137
09618519000102
96171541000151
04427275000167
63864771000651
14279145000269
15226786000137
15668553000194
10251063000174
45543915042771
06626253006001
12651553000193
10887035000148
40605115000124
49126527000156
11429568000149
03830161000109
35763598000155
20030448000165
03925402000195
11983380000148
03202636000295
03091398000107
02475293000199
11294946000124
22218949000103
12110738000190
02227058000106
04310166000165
03388128000162
20256228000154
15025423000133
14153299000129
16186041000316
11517841000510
08257589000110
23118904000111
05161733000121
23776137000138
14272073000147
15068943000123
04645518000133
10711362000144
48801823000142
08092231000184
02053709000180
11314460000100
00314210000154
23324671000103
12044435000117
21008144000164
03893961000160
71151302000109
11490652000178
13354725000120
35692946000140
05357865000123
10572553000172
04912543000136
28234228000165
08949460000172
88320908000204
06368470000199
00245728000183
84987999000102
13964458000102
14071729000163
02737859000103
27716567000115
80838485000126
08269453000120
13074440000135
86924123000134
13288921000143
06194816000180
02411689000172
09019829000100
42058685000177
02781081000482
24387875000156
19993145000169
04910522000181
19409408000140
04920664000120
12532886000101
82767831000239
03285009000265
06209584000196
05530499000162
06626253036180
33478306000107
17371874000158
10836688000106
04574360000158
02337456000177
08254754000180
02012862000836
10587065000139
08011484000186
04368639000185
21957440000101
08441339000135
41024183000162
58351636000168
08857014000561
11188321000188
93489243007552
10714559000218
00138409000179
09381508000151
04779685002382
01379616000188
09454087000141
65343618000108
01102322000104
10781375000351
93209765030881
17880814000160
05267687000140
07344832000174
05247910000197
36961175000102
84308980001156
12985027000160
36972586000101
00058873000155
05113846000909
05546194000491
13494016000140
06156364000141
01928734000106
34028316024800
06928860000176
10244788000135
22352456000153
22216720000121
07800891000100
07983636000140
12064469000173
01465472000182
07125936000198
28397461000169
10923690000104
21713988000106
15531405000123
09523900000198
72680671000151
02947955000186
04037610000110
12292513000100
04154653000186
10886289000141
06832476000175
79533717000159
36340826000147
18604353000166
04401685000139
06887668000340
21614446000186
13921061000133
03476811046496
03967509000104
06887290000113
16831606000109
16939524000182
71189278000520
03001271000150
05197465000106
08806596000204
02590569000180
04639091000160
02296949000106
17432547000169
32199770000100
02712494000162
07473735010225
33111022000188
07336753000111
34043125000110
42088070000193
26287273000152
47427653000549
84050152000199
07139098000101
04076672000131
11438101000165
84028547000195
08297710000994
43158302000103
33014556077733
07291880000141
14427582000100
24762544000159
61412110025301
10783259000100
80840317000175
51462471000152
23743770000120
00240776000260
01810651000100
47508411243210
13358056000164
03806018000173
00560183000108
08995429000330
07674272000116
05161216000152
13546750000105
21928510000101
18595030000153
03170214000102
28797559000103
95425369000667
24921025000196
01532013000174
78857141000112
12504797000143
73462368000145
02703363000119
33438250017485
82485137000148
04969182000245
04406758000185
04009674000108
11102426000172
07099334000103
22557473000127
76430438006706
27634782000177
11230089000107
00147109000156
17606515000132
28074540000139
10804006000175
61710943000100
06109624000128
23235443000167
09313959000151
23621840000177
16031247000105
00672226000309
05161561000196
13513061000102
11566956000171
12068372000139
21517346000131
16606196000100
45987005007524
00780558000137
10206598000123
01017973000104
08723781000154
09179135000130
22306447000126
15829228000166
04894608000168
08272550000171
57158057000130
00659193000197
05520682000187
05757808000131
08846694000194
43283811003337
16560338000138
93209765002594
75516146000193
10758937000508
06996844000110
00579881000147
82392887000175
11984794000191
03233893000103
04235265000120
58084732000197
05925499000323
74913278000196
03862602000146
04899316013791
36405306000175
23489040000144
01846273000114
23523464000188
77044618005147
07213544000180
07478815000120
05058443000157
11130544000194
84866847000143
05291862000134
25271628000152
17158627000178
10289669000107
07034749000107
40545063000148
00306597007533
83430926000144
00426741000139
04878008000106
07638928000145
61412110101857
12344472000140
03145782000145
15870992000185
10758937000699
08945807000109
10957486000104
34028316075030
15266171000134
41136771000198
33109505000148
08281433000174
08814461000100
08208910000176
39323118000196
41003278000795
15411186000149
17999173000168
09675090000195
78373727000101
13281566000180
20298325000290
33130543000697
00240282000102
11783602000189
10247149000123
03890890000142
38071320000105
13525647000189
20022958000190
16058018000184
30571425000111
49643208000118
36844587000162
00159233000484
04484567000131
05214059000104
92660406000976
04538865000167
04843552000112
01639502000120
01138381000132
53345252000119
02181278000219
11298472000199
15242468000160
01650799000124
21346829000110
33213356000162
07801078000405
01036777000179
03128565000147
23485691000166
13622637000161
32868424000169
13002556000169
17658682000127
07329689000141
16624611002356
26060595000164
15061451000106
33277187000124
07184906000152
07135430000160
87140141000198
96448717000170
01937635000344
08777917000109
05381110000164
09148583000177
72549736000124
03549178000184
10706260000130
04666602000133
05812376000114
01873044000199
14144751000277
69553881000174
16970920000172
41261793000180
04071063000190
23405160000205
09303661000160
07287827000177
82593302000185
03439316006880
03056304000169
13200825000100
01377648000144
29318950000140
08959628000120
01788375000120
23119737000123
21639464000112
11576009000161
00861547000181
15164331000134
17021455000196
09230075000133
01271845000265
16743891000106
04910486000156
05686507000164
23790360000130
06664585000716
07618660000180
18405313000195
83110726000104
12177325000123
16951193000104
04080700000275
13448434000109
15743036000132
12382219000181
06090067000140
17907522000174
15774183000170
59335653000174
17718156000377
14536866000126
06157054000141
24914849000139
02897801000208
08843686000194
30994783000137
27144294000181
05205915000157
06745732000197
33381286000585
02463459000157
60437647002312
08529492000119
09531319000118
06078835000140
19864023000172
08043097000121
95596920000635
10308532000144
63245658000183
01882682000176
11848655000130
10227348000170
08904397000158
16992436000144
07841859000172
05658350000163
97542480000154
04492323000109
01555521000178
18987543000100
10203873000406
82647165001862
72448400000175
02715816000127
01343555000107
13665193000141
71892244000174
08783975000145
12017935000160
00091363000180
05232714000149
10367079000147
08780963000167
70493606000191
04861899000198
23530787000107
77804599000302
08739375000180
23014826000458
47508411000741
03345661000147
10799163000130
07074554000182
14819285000100
63286876000166
17540282000112
00013888000105
77752293011475
18147374000108
05141109000162
87001582000109
11908151000401
23973457000188
04530901000146
54843248000143
07671244000145
00565583000106
63758700000160
11873057000111
94425436000176
00471715000122
63353346000193
02692763000176
74192808000154
13121792000102
14169937000108
03774942000115
79794921000395
12931946000150
13470274000196
13004510014058
03476811025065
37987591000142
02622414000188
21965351000107
38042552000135
24104861000188
03437043000127
93738664000133
86375565000179
09301145000105
21097712000140
13772790000175
02864261000428
08986176000176
68565290000154
30145462000168
07153650000388
10669806000120
01528658000133
16937668000108
08842813000130
17878995000190
73421851000181
01435289000134
11794366000104
09432731000180
18212390000129
01112293000161
04259757001127
00459924000231
52771516004988
43732908000100
