08361188000105
07815547000194
33654436000153
23911175000156
03723547000456
10567043000107
07929230000189
12584254000183
00981268000151
30260893000175
09600308000142
05532994000100
09650115000104
21407684000110
14047235000143
08277717001169
06137366000193
09822370000189
45341559000113
04347251000106
01113855000434
03463825000130
56927163002112
03989217000164
13665751000179
56916802000109
27957361000187
11077122000100
05119449000197
17140988000197
12377154000186
10784716000180
17190745000163
27771331000181
01894632000109
19046218000881
21309258000144
06871378000147
00210911000143
15566841000138
15748729000118
74189945000130
28913260000339
04778820000160
01424111000198
02547282000177
22069520000274
30564108000178
12960542000195
07262063000165
07840985000102
07722158000386
03119449000161
18540352000103
22923933000193
97522017000140
13329621000165
20223327000130
01820806000865
05955512000125
27066273000276
02483378000119
00307362000200
10690853000156
18189993000157
14218449000135
09556052000113
08089580000147
17970009000128
10659476000192
07706668000106
11648676000102
90068719000157
07512087000125
14313900000101
06069874000181
11857233000121
05215132000405
23038675000125
13331084000198
13535839000176
17280803000140
11484034000115
11266159000179
72032212000161
03009406000123
24361924000181
05810125000281
72136526000104
19404310000108
96790431000178
08589160000553
04576853000127
16642626000131
04240833000180
04769219000100
80361579000157
61585865106499
05491836000150
07771786000190
06223502000168
11028251000109
06789341000174
03478595000183
01633014000105
17301852000111
04848199000163
41210568000386
04135774000180
30677412000121
34700500000158
24988735000133
95849279000199
35286004000162
14596293000126
63490676000120
01511010000154
07028887000175
24982796000193
09121219000113
08814416000155
06877199000117
14717451000159
03995515006440
02050639000298
04778895000140
09598694000185
01176504000120
00671700000108
63596654000140
02528879000174
84646934000276
02593826000137
06896943000120
88944061000158
10215697000171
19760084000190
09632306000135
05234812000115
14089630000199
11070200000137
05617497000105
15585617000193
30546535000123
27903224000160
05330582000198
07043539000177
04559730000188
12944829000121
24527855000133
10674804000120
06664585000120
09008632000176
07990629000175
21791705000144
05934308000128
26788273000136
39553144000291
13366013000120
04830803000124
00748963000178
33438250018104
28686871000120
26834259000202
34104240000158
08786731000116
12183605000144
07766482000215
23603217000191
04848142000164
12330511000150
12158749000140
02094690000110
18199187000160
13877210000104
23871834000178
10955660000180
17832275000194
92036292000211
09543430000124
33014556013255
13004510022310
03385268000187
03866664000398
07546154000122
55330229001310
14248444000155
02092653000173
11345797000185
16888925000150
01107241000288
15331160000190
06181866000203
15431182000122
15580231000199
05754991000111
54052204000103
08951725000177
85216422000313
12466623000133
58323098000106
08878921000163
05264565000108
83240333004617
12552244000166
04907656000143
09222321000105
10757105000143
06929553000100
03552842000578
08117730000189
09160226002500
19283221000142
10702697000104
27403385000194
10389875000180
27877398000103
05981444000179
33069352000152
06315948000112
06039254000108
04757459001914
14751401000198
07553862000190
06248361000138
47508411159775
07397470000180
07015696000179
10909768000136
05568752000177
08864265000140
19096270000176
21144087000140
14067884000106
00291784000316
07888473000116
12243973000130
03786955000104
15239798000104
02803735000189
04714589000140
27959610000173
08846589000236
25115017000115
40868986000130
13258642000480
02994871000101
01236521000105
17155342000930
14043526000163
33041260048108
07228583000313
04675339000149
07994228000193
30046734000172
18865031000170
95425369000586
07120474000116
00863716000112
17766129000108
00641761000122
19407772000170
08038545000107
37478591000117
05943710000179
17993505000105
14281331000151
04232105000127
17676707000115
33641408000100
78782752000149
06278821000170
37980059000365
04613809000140
08667423000333
08713513000151
04446397000109
05755694000190
20599221000216
05019515000157
05831434000157
13331667000119
08350555000256
26842559000152
39346861017307
07048261000120
20746222000165
13374777000168
70014873000139
00063960035077
04104719000123
37093150000105
07600582000196
19049563000100
15237666000135
03725614000129
18419422000161
12564403000142
23869486000102
00152417000170
15010214000116
12320764000143
11516547000160
42554485000105
14673214000133
07100229000147
52771516009190
26282558000109
03945955000100
21905452000192
06941097000113
09064090000159
66542002002245
10918447000106
04467958000148
07416559000146
29772357000250
00477394000173
05266936000182
12072309000761
02050515000121
17095852000102
06538740000162
01912250000322
22777296000356
08789877000115
00367286000148
07493390000128
04296047000103
23645989000196
61585865141723
01325356000168
10306627000129
05154510000137
86679578000131
00279667000175
09571951000195
09675468000150
73544371000108
02065406000188
21921553000157
03995515009113
17426314000153
08258197000175
81584278001046
64622699000104
84938430000300
19493557000130
03042513000234
05145851000146
06304023000176
13716795000180
00437096000230
25717562000181
17153534000150
74163668000196
03792664000129
18801662000126
04560295000101
32907479000130
00357674000148
18509834000192
10871433000176
12695540000116
06268996000105
11836784000109
21555057000127
17828846000117
41385550000153
01602389000299
04976602000130
28461287000176
03325858000114
23604913000112
17081510000133
03444532000106
07114244000144
79069753000103
13640459000100
04642602000365
04864586000193
45543915003601
06052904000147
01713999000189
23651284000181
05948415000105
09234210000119
84148378000127
18556376000142
33088220000178
08670396000196
02845338000170
08467215000129
10213569000199
13477066002596
05483327000185
84084219000106
04807595000304
07711434000149
02421867000308
19803470000111
00445006000253
08664123000139
01493960000101
02804127000199
01344808000159
04056752000125
68513779000182
09326024000290
02823937000192
00023910000190
04759899000181
34012823000159
79851697000164
09352648000100
12941952000199
02850632000170
07109510000140
02655684000195
05563868000466
15378096000101
01799929000195
03158244000276
12223678000384
12852627000150
20379049000104
27200476000122
11306053000151
00417623000164
08399054000183
17503414000136
02638004000125
08955479000202
50052000000880
07950436000190
08222215000169
00004178000100
04761307000166
07405245000148
03512081000105
02458590000126
12883423000186
04698784000396
11674470000157
08348668000136
13631828000270
04118794000143
07749645000170
05556876000132
10734089000173
32930000000187
12224503000120
04376476000182
09353152000142
05822747000149
01670294000121
76875277000120
64234685000113
16670085052627
05107359000186
08143292000123
18444984000165
17644267000114
25074295000171
92472026000150
03825727000104
17258906000103
14318950000254
10363680000161
04761642000164
06268050000130
23643494000128
00351227000262
35114792000100
25368327000141
02337524002656
93996304000131
17971123000172
15649811000195
31255202000108
08845527000129
36974012000164
23698212000190
73031791000190
04641376005367
46219465000139
04950182000112
10741893000180
22309627000161
13007646000142
01394248000147
42973479000192
10910757000176
01816044000157
01286050000140
02013145000152
21066786000110
24818061000129
05057547000147
10978518000239
11212448000195
02421644000189
30424742000105
30634328000120
19155743000169
02938886000144
08002065000188
07408513000266
02488565000195
04201754000160
06010128000112
02695414000108
88827555000152
08659763000150
08608434000180
09159426000167
32121469000175
06196202000137
02320050000181
14370839000126
19815051000108
93101343000123
34778498000130
59148239000156
41384975000148
12740996000150
12023966003491
72593288000166
10360949000156
23315444000111
14012177000112
35254135000168
26747188000120
86763208000188
08454759000156
00194405000108
04683974000330
16008922000185
07222185001604
71157929000177
03177772000191
33661737000104
02145842000167
31057847000136
37083474000820
17447798000117
13417114000183
12647857000187
03044099000111
32275663000105
11815310000180
17005569000142
41478694000154
08863707000133
11461437000149
37438538000192
06016196000199
06956268000188
22388977000241
06986564000121
10171309000106
46014122001452
08748749000123
10392399000157
05431825000184
00977228000136
16800993000116
06318393000162
02700115000203
03798361000113
06349867000133
49092398000122
03079186000104
15027886000134
29371085000104
02647122000523
12912932000190
07367563000161
81097503000129
26190800000106
89323893000110
10139627000181
00584389000160
88681671000106
10983518000146
07957159000148
15785081000150
07542146000108
09072648000148
07420945000101
05294177000161
15809199000170
01824852000328
07212380000177
01545828010312
14627091000102
01383376000195
13906645000130
02568878000234
02707125000181
01607879000105
60896248001267
17400708000132
32360034000183
72410244000153
93453058000171
05698123000161
04633164000107
09101794000154
07034260000127
05399515000120
17274471000190
06937413000183
83382937000104
43720218000123
03447762000129
14890954000121
00441610000120
22763502000107
09521842000163
32296378001495
05457615000165
02763978000130
22614838000108
08338699000106
19338449000192
11299912000122
82272964000153
62728993000170
12203425000187
49559354000160
70975099000122
37647559000118
23393267000272
42288423000107
22763502001693
16549503000150
18842710000124
13459373000177
04528732000100
05345914000108
09443327000102
07250578000145
08998980000175
15724339000299
03281825000110
14183144000135
10905273000139
02065288000108
92665611011705
28103901000551
08366061000189
22884314000137
23829122000190
41144940000131
19909955000194
14337278000163
32522252000177
08924353000190
83307926000666
93209765029360
42120998000108
07902692000102
01413083000103
07193299000197
12404897000106
29339991000202
18785576000177
06626253029052
97422620011357
24267684000150
10761173000267
04737552002181
79430682003229
32039539000140
14189324000124
02514007000157
11802722000186
23069198000165
33014556081250
07310069000160
02967776000100
05895058000245
10789610000170
25759283000423
02596358000154
04350091000146
15610433000136
86850997000194
05539568000107
17348478000100
08108006000350
08061346000101
05690944000151
07470466000108
00860535000132
33288762000194
01352313000171
77396810001296
08952669000195
03198515000136
05889074000144
04216376000199
07780521000158
84683481034233
15666182000101
48634638000291
05814385000144
00346281000139
07011868000136
27323283000169
40569394000118
07920623000121
22091627000138
07385185000149
07332798000118
11401410000160
56637648000209
06347409005558
04493861000100
05900307000162
11427828000147
02397168000108
07097964000149
05423899000179
01280937000120
73266413000196
02419519000134
03907871000181
22920064000143
13111294000170
14546171000125
27909332000140
23495351000116
28390342000184
89347330000161
04873444000192
13166315000155
07272825001267
31584030000116
12187694000105
10783313000117
05590862000135
20034267000107
66126319000176
84259365000125
12615799000100
04537372000102
07295775000180
28998557000182
61658654000100
05480677000198
14178111000105
89237911012157
05954313000100
04935183000198
79109088000215
07785159000108
05213789000182
10834683000136
40959553000190
09442708000177
09625868000151
12985513000188
05348267000198
07332934000170
19280000000110
07650319001779
05030697000167
14923224000180
03530749000139
03879760000109
08913573000118
37163698000176
04798677000259
80861446000140
20692875000109
18854896000131
11370647000121
06626253048278
72381957000136
14823559000126
37474392000130
36408854000159
95425542000465
74437575000102
16605464000161
25132773000152
09036926000101
12003140000100
05992073000120
01279328000151
32419145000118
00212745000114
03440604000147
03965099000154
93791143000140
41185455000882
69061034000273
28583917000185
93264232000138
00102162000130
00489297000109
43283811014703
43963933000278
01816329000198
07217234000134
01338470000556
08859370000190
00645137000101
03439316006375
09756925000131
29690179000138
04637379000104
26680587000110
10825008000302
02283746000185
10954548000124
34748137001970
12507247000188
12100803000105
04080700000194
63850622000129
84538156000110
36548097000119
02817655000182
01283583000178
05263779000151
81741985000108
28598795000877
02180202000198
10911743000177
06171584000144
07629065000140
07851862003192
11259002000116
13785970000191
70079850000102
33768854000171
09002532000132
11993914000117
14133730001309
77859437000290
07738069000247
00398601000102
10247975000172
09441460000120
05053961000188
33299306000140
03078365000127
18183059000128
02452966000276
44864205000190
80933658000195
68420843000180
71069876000132
02725362000175
07239368000156
16811629000151
08423818000129
79578068000102
04080646000853
13101536000145
25023748000130
09647558000138
07119882000158
03673452000122
03334379000164
08037082000150
14017705000126
68994334000161
36186716000172
60432838000186
30769012000146
83791343000149
07664724000189
10911311000166
17818396000181
87676185000480
33438250007331
12929519000138
23860028000285
02367026000106
77941490012404
03012886000181
11842693000186
85348803000194
14311040000169
14222151000107
09296295001212
33229030000204
03080685000111
55155139000104
47508411093499
08607926000151
10840289000100
09296893000139
09412949000173
55970412000146
86323474000190
02197154000140
05459514000123
18326642000140
21195442000100
05581269000122
28928715000128
01176195000198
13765816000158
00447821006535
07292117000135
05424392000130
08863622000155
11124920000138
75548750000100
13004510028270
13598814000111
11080067000108
04912892000158
03341024000607
13663813000103
09105667000123
13605115000151
49914641001112
05941510000187
10494339000145
01563692000149
27633922000192
08922501000137
10658050000114
01891205000177
07164696000130
20482871000104
06105496000578
67863134000107
24848088000164
06111337000152
03770600000127
00753854000149
53222188000189
01520829000188
04771955000101
01416554000137
04529411000120
61486650000183
05625971000140
82804642000108
41794819000155
11260825000161
46994141000178
32907388000103
13466026000171
96589304000105
11594905000153
20278105000203
21061838000165
10863510000146
05019613000194
01857246000147
06088233000174
04902149000117
07841458000112
17341045000122
04783523000102
03496325000103
17792780000152
02266623000136
42973230000268
09036204000157
10671749000114
17344733000146
01436926000197
18866553000197
06194145000157
06057223035552
13413178000106
16971113000174
00837804000140
33445941000198
83488882002823
05055328000129
72094139000152
19350180000402
15299101000182
08073914000194
61194536000180
27796323000190
32498115000144
03707537000184
06236017000129
42799940000132
17466625000146
11077160000155
88072202000190
11162954000389
08081980000106
62410352001497
13062172000131
03601807000178
06626253061371
16233389006781
08602835000123
04708113000105
05082661000127
07889690000120
05525987000181
34678540000221
13956245000139
10348437000174
32887705000169
07593524000182
12784437000142
04733461000124
09165024000175
09348217000676
19121298000116
21628724000154
12348714000174
79059945000139
25362955000110
20643593000111
37567013000157
09563696000139
01858989000131
09623102000138
23748593000174
05114280000182
04614660000113
32779449000196
79703633000116
15004997000206
09313045000190
88632815000134
92844109000123
04976091000156
03778352000160
90910399000211
05534324000123
64232523000146
01933687000180
44984912000110
07540940000112
48495089000130
18933611000158
74072513002198
03675268000111
04392963000139
46991113000105
05834613000148
05215527000157
55340921000357
07178533000450
01271845000508
03488156000151
04501136000136
13699491000152
05258627000160
15307437000140
83814434000152
15095082000172
11795950000176
16668076000120
28768778000164
02521111000179
87558037001785
00022488000158
04779685000924
92916360000237
01202491000116
07617529000106
72703242000152
11801891000100
11049370000130
50461359000134
03067833000168
09322532000110
09533686000150
07505476000123
68062827006013
45503497000107
11537017000107
92571595000153
08647938000100
06317393000733
08030363001234
49203631000105
00987726000160
03978576000116
03178780000152
41955139000176
00666319000150
12745123000130
03572332000139
11015243000110
85113850000159
11164248000104
04861297000130
11858725000131
04842563000340
07711665000152
06270721000106
15299677000140
30540587000192
03818450000184
61823068000165
19428443000106
10452634000139
38950903000106
27067821000100
10255029000178
05303006000151
03840986002220
08262810000128
81729725000117
03516276000115
10682855001418
10668863000195
03273705000170
11821449000137
21144546000196
09094260000148
04547053000188
17590271000147
08108006000270
55819288000112
16794533000122
03523402000169
10608331000162
24215902000103
76080738001573
12001618000155
71193023000108
13981675000100
05868574001171
05352631000193
18845298000104
28536521000187
80252893000100
12138276000110
13662140000177
15284459000131
09628137000160
08446013000281
03472739000194
01687593000179
20884471000117
01923183000180
94583812000150
18538309000103
02300780000200
09076048000158
03028149000177
21603066000146
08528519000159
02342128000169
28439008000259
05610372000153
82097080000100
11315055000107
22542397000186
33025495000162
14412076000139
02541934001480
17431354000193
04684377000168
01949949000103
17851985000161
03508291000111
05830842000194
09585759000158
24052782000170
03266473000123
09215698000137
07844185000240
04105267000102
17154205000124
09382839000106
14131911000162
70185350000155
03476811063749
78653946002430
04127398000263
17318438000115
16989002000195
19943167000114
53681862000193
24879573000103
12196965000180
29408746000110
42225938004066
04578325000107
85778215000190
00285753000603
27344326000192
01030685000939
18449566000160
00306597001683
04612510000170
67881664000188
12570663000120
34973750000161
14042917000163
88212113025358
82763061000175
07445426000106
07650408000158
18474554000196
40549628000165
02314049000144
09336957000188
13596426000100
24398433000377
07760885000680
08817343000236
33958489000168
05169796000124
69970655000199
22581497000111
08799089000290
09033633000170
40426272000172
10443248000180
04003864000118
97126171000101
04740760000196
84621465000150
83626887000155
10338998000192
08940015000222
11387978000174
05063174000117
73849952000310
95849741000158
06211587000164
17512294000133
81863391000170
09075008000191
10973623000285
18930933000143
76879295000180
08186237000110
06892179000115
03910357000103
15482434000142
07663275000154
07550698000168
68422419000175
08855665000199
33321928000127
05155928000169
05194957000130
14483462000111
85270510000131
17199279000187
84450212000160
07955302000162
37461894000127
07730797000121
11354566000138
07469037000102
03807405000124
10907775000107
05297036000100
84975515000105
75493916000120
20652270000194
10250232000151
94296175021724
19569848000164
07542463000124
14992545000136
08337146000139
05973928000176
83670323000110
01827801000198
04547825000181
10368796000193
01110399000126
03597275000142
01891997000180
01751702000250
17870973000184
80953052000111
83774182000185
11242008000180
17661836000130
16859422000157
15686527000199
03647089000170
17745613000231
20055770000149
47427653004455
04582645000483
04029676000169
10921150000191
13120297000170
24103533000167
83934497000142
04055101000110
07094406000120
79430682003733
18532912000170
20146320000161
00740527000152
05618772000105
04874058000115
07406137000190
88634639000170
04954537000141
05518915001260
13306636000108
04062483000100
00193374000170
02288266000107
05047080000154
10348986000149
04082624001802
01616434000183
16826645000118
30778205000163
09046393000149
00993960000108
70097282000172
09677019000141
00388619000115
08482559000107
16658634000176
52811734000154
08945942000154
23184914000155
05281749000178
33040567000140
14722938000120
47696711001501
07022608000166
02247147000106
08810267000156
61095857000127
05411274000197
01173697000165
10644519000166
00126237000113
07423275000187
45543915005302
01259335000191
82618919000612
00604708000151
01793378000152
93429173000372
03455338002765
23167978000148
11252320000155
31314589000126
25259287000108
00069692000124
20348556000180
01741872000173
54375647016635
88585518000185
07077551000100
00869175000130
37432150000346
35298801000160
10282977000100
03417949000180
02645680000126
05351271000105
03675893000163
09247343000120
03861102000190
10959130000100
07490618000207
23620966000127
09573771000142
72078637000292
28881687000130
05407179000110
07690659000166
14309061000140
01089802000182
07991129000158
10957223000103
03141110000161
10781599000363
77044618004094
13103680000110
11336234000120
25102146005561
05401018000119
16697927000162
89237911021903
01728603000177
08868183000173
07317322000108
09305666000122
07221659000117
09225665000178
02664042000152
02366895000108
03073454000180
18661965000190
12673491000110
00750781000131
07340336000142
15588383000138
35008051000144
10669898000149
08192674000147
00852643000597
13695346000101
07996426000196
04971876000136
22281817000118
13779911000100
17755664000163
26859370000172
13111537000170
07265210000401
08584322000137
07956335000127
05680614000185
08140538000103
02618563000688
04164496000190
61234985010410
03394895000184
13005166000142
35244532000159
27978162000155
85014108000196
61069373002823
03800293000180
37878139000142
21695754000183
05203467000233
33551912000100
16672594000117
01372858000140
03830231000110
05678869000103
09114688000105
21899821000181
12161288000165
08907622000100
27082392000131
13967553000160
01501276000116
02789617000163
10476892000155
04822331000168
14298373000103
16575922000167
05497336000125
84444637000167
33632266000106
34028316091583
08891703000169
03757280000175
27801646000124
01378837000131
00063960002659
18474680000140
05735974000137
09601946000188
13901790000209
11060883000141
10634056000151
07526400000184
03593075000111
62191804000172
13052513000198
02316250000160
04899316011233
05022133000182
41892340000151
16920316000131
23036423000167
11665824000105
30530307000165
13551843000128
12117188000131
05874566000166
19950386000120
04032163000107
06057223034319
33531468000161
08545004000167
03147401000167
12861999000142
03175539000170
06046690000287
04649872000136
07324265000194
07432307000100
81193336000381
19971802000177
34028316079109
47508411164930
10250660000184
18112725000137
01230149000120
20442345000102
05782735000138
17196348000107
01005461000110
13716624000151
11805363000110
01054018000139
07820175000275
04661385000270
08116338000115
06997743000164
16803469000280
01928075001848
04464068000182
14011712000110
15513190000118
01603301001063
03506541000184
04962325000106
81704181000139
15864401000167
04146185000106
06305497000132
05009828000124
07710384000185
59778423000180
23306699000118
04437607000194
05584664000169
02672091000137
07004398000183
07436349000110
74126533000150
12546153000118
12613273000190
14769631000184
07553708000119
03562365000874
16561371000182
33657677002795
12044080000166
09042082000101
10914630000125
07561216000175
18469610000102
02201138000184
12542545000109
04955652000130
06626253075755
63237051000151
23793477000177
83164301000188
33014556128826
12857133000168
42114611000100
19233179000236
13745004000140
26179803000149
04613011000106
15275540000155
17769596000191
04612510000413
90376831000155
48392476000141
05419331000184
04038740000178
11482261000101
07476781000134
29795499000152
34028316369298
26320119000135
02576290000141
11909156000106
22780112000145
07482679000141
07923487000123
03613860000199
01208961000159
33014556001400
09365938000180
10992392000176
12750252000117
10458998000126
09004513000145
15715389000129
03733595001235
10217379000140
49948250000147
00288790000152
07263523000170
09419044000125
12428146000111
18894215000169
05639087000165
02922030000180
12316160000123
01620981000132
17706501000190
20816885000451
20415295003009
11045882000128
17197934000168
02883100000139
05914654000144
09576685000274
05977006000137
91320028000161
36411940000110
03658823000105
08184583000160
06038381000184
02308702000162
17063363000179
02534522000107
05267222000199
21943009000106
39705231000136
23057997000111
03715471000174
50362235000100
22121945000102
50336098000120
04956134000131
10988014001433
02439336000180
08109981000111
81584278005114
03424897000250
11763226000160
10720285000199
20165766000133
01970340000108
33014556061810
15381390000164
02012862002618
10425876000214
01994800000138
01879710000104
03861644000162
00169570000100
16437084000165
09027620000199
05040868000139
18199229000162
15178668000109
11297896000139
00652150000180
11097847000152
89470462003010
25407197000109
10704020000105
18447007000111
02776024000162
11867931000108
25942186000129
08759034000176
33318692000170
82193244000283
19440567000107
15630648000119
04845035000182
23626156000188
08027554000194
10386791000193
12187499000177
15263630000126
19157920000146
24357985000175
10245917000100
14772912000196
05863783000150
02387708000253
10524532000181
03604591000102
25643347000183
08655947000223
04932236000540
24595350000106
12960546000173
07820821000113
09454922000143
08799557000146
05815905000133
84540905000144
05947693000148
15329241000156
07677932000112
11407756000176
07409300000178
04690693000142
53907788000180
06963451000100
24904170000169
02842663000189
14677542000108
42827063000166
21477114000105
47508411168251
17639635000136
14566100000194
28299246000125
20837504000178
63004030003373
10560253000173
32437881000441
20207405000102
10344403000101
10263307000139
00587568000150
09385479000104
10476369000129
86706926000112
16712715000107
02918169000150
61585865094466
37063328002615
03546549000174
07298740000103
30612030000110
74007543000177
70245865000101
24796413000192
64387996000112
23929979000263
05649227000186
04783176000118
01740627001547
00016857003891
07754145000127
03081196000184
03469182000132
07367619000188
83754234000666
00992097000409
18579819000110
09367876000226
04398510000209
48076228002054
11600541000410
03008733000160
20062290000105
28757303000253
04488800000154
07473735006031
60554524000156
06144821000188
94111838000104
33014556095200
25831991000185
01128968000160
04819363000104
07337212000108
00067750000180
03404245000172
07473735005574
72954308000268
24140204000196
00010381000190
12940112000101
02037581000161
32916959000168
08293790000152
32027682000112
07216872001374
11172516000130
90958216000157
79146742000180
