18050545000178
10420188000180
03667183000191
11700069000144
02693180000160
37232824000105
41849290000120
06893161000138
00045617000123
21588414000153
04508969000129
04100336000187
12872379000109
36754000000124
08678746000160
07427449000180
11869078000678
04861512000101
37093416000101
10996824000117
23410357000143
12495453000115
31021904000127
05389267000136
02496823000185
12232900000143
93209765013286
07395493000155
11341656000194
13004684000141
11033259000155
03811564000100
12843001000187
94279932000169
07743808000108
25240709000195
01632293000192
09152170000166
02990920000120
03938414000154
08991548000152
21947931000171
84313923000193
15108276000165
19350180000917
07357875000194
13356449000139
00602367000185
17671849000190
06027751000188
46049961000272
60537263010129
02139652000218
62438387000110
24603942000122
37986056000177
09581824000177
17630633000186
19023343000108
02040344000150
83349829000121
11165090000197
09258413000145
39703657000150
28811974000174
10213381000140
42844555000160
71061345000101
20174314000118
20667485000189
16553796000140
43283811013995
33108838000152
03273611000100
14690558000150
04153435000127
07233619000195
06129983000147
22547343000103
11703765000104
14251424000133
20747444000100
01649873000192
10262492000147
20173531000193
03651060000162
07929610000113
14899339000186
03274481000111
34028316722320
91330589000141
04643655000139
34748137001465
04672913000105
14973819000140
06889069000102
29277923000177
10765043000111
01840594000101
10391670000130
56497993000103
09465081000170
78116670000327
08699569000107
11759808000173
04647449000288
12229615000173
33727207000111
03295712000173
10978933000101
08755193000100
01483366000121
08384349000267
25036417000135
15372384000140
04180505000136
14448816000197
18255882000100
17048320000114
18026871000140
32698945000115
18820337000100
78586674000107
18193407000148
09055261000183
10413264000120
28882025000185
10685603000128
97282164000190
00683748001965
09664689000123
05624310000109
46509774000143
09393231000187
32437881000794
10325097000166
07907103000189
02905423000186
13162772000171
73767493000163
12276047000161
94645298000130
08413902000242
08217740000196
05535137000164
10668543000135
21001514000131
00000802000606
03106578000115
91746123000121
05770330000180
04108691000100
04256734000197
10277210000185
05963821000147
01479747000307
10328159000517
40796146000533
23871573000196
07125109000102
04400137000194
01049149000128
20755737000121
07635860000140
03230297000170
16674510000184
05980539000259
13004510014481
35594571000186
08608842000132
33465964000164
10731012000140
02117717000143
66191677000162
14071211000120
03768991000145
80398282000166
28958122000104
05634190000112
04931129000174
33014556009576
11260583000106
04569913000184
10497615000129
13004999000350
03010885000440
07025532000122
10734298000117
07973574000195
39346861045181
33850165000101
89187306000102
39224506000110
02284720000151
88320957000166
09206754000177
09196470000147
04763548000144
04207857000138
05142318000120
02558546000198
10278226000102
22600886000147
00387599000168
03682606000142
12312822000278
20357108000143
10213872000191
33042219000102
07740199000133
12835762000197
00140330000182
04626002000141
03979857000193
01778971000120
07001554000152
09426449000190
00085966000179
04840772000192
34258475000102
13903708000102
15242025000179
20219796000185
13143803000147
02722800000141
20047381000171
83649269000120
13496807000109
05300568000141
22001721000159
58657479000113
05865187000100
07679246000180
03697702000164
09438997000130
07554446000107
04284367000135
07254499000102
20599775000132
10949477000171
28009122000168
52569712000120
04806169000194
09203836000168
84429810000662
02757171000195
32175044000149
05548229000189
08242825000205
81430126000289
25174033000189
11603587000140
61549259005573
24702763000142
41910977000123
25046929000182
15750072000123
19092215000108
15760620000104
07126286000103
14205233000135
15379265000110
04517857000134
08745465000345
33380965000106
13166777000172
11956988000183
07845071000134
74144056000156
07040753000170
35196823000208
19842352000112
25209037000155
09548373000176
93489243000469
10813480000163
08949100000413
08588215000187
43470608000192
03701462000124
00375386000116
05630340000110
07891077000148
04519358000186
10821662000186
00839444000115
04384015000151
55330229000933
05563868001861
18046758000126
20080454000127
03305974000171
30638878000118
16977238000101
17217069000174
14543813000132
22581928000140
08418219000117
04274317000177
28866614000170
93209765045056
24908634000105
15651520000131
17280170000170
92959170000116
18778413000167
01905016000106
00730480000146
60723806000130
07026076000992
13339513000173
06894663000183
02612082000150
06951582000178
01438784005166
13004510035721
06626253018107
10413111000183
19789998000183
84858307000207
05054671000230
10943861000167
06338512000149
11886766000131
09178561000150
13132310000101
05789313000780
25806191000104
12460148000198
36801769000156
10642955000104
00667902000186
00922630000113
05912287000140
07296905000108
17688807000161
02555203000170
01621809000101
18501831000102
08957326000113
13247980000173
48093892000149
08989921000130
17071344000194
90598400000133
09007884000180
28138113000177
22354265000120
07493867000175
06018971000145
00914792000100
11978357000165
21242999000155
84490150000110
89897201000813
01272434000375
05913613000133
13315954000135
07099368000106
22591443000137
02282231000160
33897083000112
33403338000143
24554214000330
18252623000117
97432199000169
38767802000102
13351277000100
07036375000150
37527264000108
09457225000146
01749315000107
03394157000218
07349626000157
33200056002192
18930524000147
06626253003681
74072513000900
10778132000100
17937474000167
35117977000178
16917882000194
00737313000127
17670095000153
10098192000174
02331341000175
04996504000164
14888303000105
02812463000183
18777244000140
91981027000168
07919460000167
07730698000140
16019721000183
23612523000194
01675474000104
19941491000101
05282079000104
10619557000169
11049286000116
00187038000115
11084823000169
00730715000108
11501166000108
10627815000159
37981719000160
83904573000177
04103530000205
69999340000174
07000346000139
01113855000604
82273939000194
26688925000160
00974433000148
10408986000197
01268307000130
87070785000157
02437510000156
14442229000190
32309601000177
76430438005050
87572541000172
03403007000142
02008284000198
57508426002200
00391977000187
13403078000107
10861088000190
01327410000104
21964185000124
03898258000145
00077429000187
09153616000177
21059832000153
01813565000150
53578795000186
05221164000162
11446315000183
04562591000141
11536016000130
19316417000196
03864497000184
13456993000152
15606922000114
75862961000295
05936726000154
11004046000103
20828430000103
37519949000102
04707795000123
82511114000160
14310204000133
15482595000136
04067169000209
08808456000194
07772266000100
17794432000114
87995312000160
21612113000118
11228770000102
02226145000726
04861360000139
76904085000102
10938144000147
02460753000105
05880313000367
00096036000110
14247151000153
92572767000294
08197262000108
81807075000180
02125269000120
08917832000189
10829179000148
39388996000190
25525650000181
12357528000100
15459431001402
15447951000180
00721048000199
15026432000149
07638214000137
01065749000180
04223160000150
01016279000164
18499214000110
03800551000128
14175359000104
03043211000108
02103641000105
83227421000772
03027881000122
05950930000120
16643124000125
02675181000181
04570855000109
33344151000116
14928859000170
92665611025323
18465811000123
63718555000193
16605544000117
09083015000135
73129421000190
07051232000118
04333167000125
57158057000645
01155757000117
05929289000141
08844129000198
11924615000120
05013856000115
02229293000109
01530461000139
07681254000161
03970462000120
01002536000109
24006329000128
10831249000100
89821649000187
04185877001470
03851538000106
05794555000176
68723667000156
01838220000151
83646984007465
10762787000182
00059927000105
28513034000107
09440056000131
00306597008858
07336650000151
26535670000104
00876317000196
07332186000125
28069822000148
01045674000175
08969637000100
07749842000190
07475284000111
07180668000107
05024942000123
12048876000197
05324172000134
05235919000188
80447295000188
07429966000198
01204502000105
15560468000108
00110124000120
14836763000181
27799568000170
79111779005808
02221236000183
07965809000601
76361807000707
00125223000185
16045015000106
03617479000106
09370202000108
09321748000160
11276173000153
00445853000137
08476873000187
30899852000123
07427411000107
04078545000171
96799812000118
00088438000173
13006037000179
45987005000945
05396671000137
04940750001095
05353032000194
07635955000164
17256512000116
05003219000168
34919225000168
27833615000236
08521627000108
14902329000152
05661295000160
12919652000103
95827291000100
24820417000169
62615364000133
10648295000160
13058397000114
06249047000170
17330903000133
32226508000107
16873474000188
19115178000106
12586878000130
07611056000121
05876008000130
01731876000170
20982385000147
02871816000116
00411876000120
47427653005001
04155747000170
14282430000158
08100116000104
05276832000159
03923717000101
94300472000103
34028316525761
08794501000107
05512402000270
02794670000152
21375605000137
00175519000100
41896952000112
09358606000259
17667019000199
32063182000136
22249361000109
13087181000187
04850242000125
08320118000109
05049139000143
07836758000103
26656595000121
94207115000103
08782261000112
02383415000117
15186148000130
29189247000180
55961809000171
14699255000107
15308564000163
10839499000189
07452257000123
12532381000139
23923697000178
14366221000192
18714000000119
54977996000119
04653611000190
09560927000150
00695742000189
68351972000245
61585865154035
04845498000144
42887950000120
05804540000141
09456550000194
03825244000100
12799127000100
22749300000100
12980009000195
89598635000146
14834989000143
02821625000140
11918338000143
10421639000102
22015338000230
45236791009490
10604276000132
16519143000144
10532251000170
22583881000153
05242808000107
05572323000173
09208902000192
59891770000114
41895590000145
17889649000108
00515967000106
09314845000126
19351468000159
29689027000115
05018140000100
08714927000103
90499179000166
03713621000100
71674527000140
22881858000498
04947063000100
27612712000118
04659416000177
20553014000140
70160445000114
27022508000147
21595314000154
05891555000194
09245569000949
02603276000190
04313597000185
83079459000150
76530047000129
10266648000168
15267956000121
21165839000150
05695157000100
03742340000186
24519276000149
08967874000124
12620867000129
00871342000187
10694365000117
26076078000183
67047852000105
02233622001248
02787053000120
00370267000170
18553962000133
15680821000193
03618471000156
20776203000181
24348650000190
33086695002764
05030134000179
12793499000110
13008610000183
94663929000144
15448294000196
22968726000155
07484641000108
03315182000269
02827605000186
10330675000152
00509504000131
28331794000195
03633310000484
15259709000183
17129984000108
85521565000177
08585141000125
01890113000172
07216148000107
02497512000130
25969947000136
10970642000177
06129064000173
12042710000163
03724537000192
29720534000174
02496402000154
16983748000191
03610664000160
03604432000108
11121960000126
93331544000117
07513511000156
02723919000139
11763966000105
12935344000171
30107734000135
63276596000177
24465573000159
10514029000145
01273995000127
13744291000174
04393937000125
03565465000188
02069543000190
05004442000120
02979504000120
56991664000114
08431148000192
82211707000101
17559752000270
07834290000118
12040396000180
02458288000178
02656150000183
74072513000659
00109712000143
71661581000150
07322330000142
55330229001239
18484613000107
00252517000178
33158494000196
05805504000100
05276815000111
16073082000134
13387642000137
72607625000127
10307756000131
13990419000180
03756362000103
01754239000110
05009967000158
16755249000147
47508411104016
13119405000195
07225958000120
09432501000111
05488738000163
14241453000114
69899011000151
26669857000192
00429770000154
30847050000170
09563079000133
02733620000165
02677924000152
07299937000159
11002332000121
03754976000148
13706262000118
07920891000143
19158474000194
21831448000127
04232970000173
22429655000112
00000802002730
05047221000139
10757578000140
35123447000809
06331856000126
03156454000144
14533486000138
22688303001820
94927670000100
81264194000134
11436838000149
04224629000176
85502193000131
00493683000166
05937058000180
79019691000125
07029234000100
55624498000236
09450115000152
02444033000156
07389326000100
21114063000149
03267956000142
19364829000100
00753899000113
08022117000269
55543508000128
26263692000154
13755218000106
73882136000146
64309115000145
16742378000109
10781928000104
07245339000105
38715298000199
06242503000150
20842000000146
07867406000387
27473669001390
98042120007916
02369306000145
11137483000197
01550961000132
09471052000110
01169819000140
01580289000209
71102032000146
20790934000181
05095191000136
06005924000167
05688724000193
05798164000120
12253916000132
00843281000144
93369718000130
65319782000171
41263179000157
01402637000177
13870374000100
34647818000112
01649802000190
14809233000144
62334867000130
01546490000199
10874950000107
07327451000187
03461430000107
01008019000147
82369034000112
08305923000163
09004701000173
22813163000126
09070924000139
04279321000128
03590418001166
09517479000102
02841461000112
13201191000100
16163057000222
20920513000128
04715324000167
08853812000191
04889819000102
06926801000169
06130096000199
07851862000339
22395425000180
06333205000175
28850840000162
07318693000104
61365284014407
14425633000156
41127689001330
03020269000128
18577135000180
06626253009701
10406282000185
17340048000141
06921404000102
32411099000100
71806251000106
05947224000129
63448716000176
07860732000109
36793891000128
26554923000189
41757279000130
18018793000131
96163100000108
41739244000178
81326258000346
31325658000105
00654237000196
07302916000145
08931032000112
44829620000960
10813872000122
02355151000198
15335809000141
30443652000161
33014556017242
38565560000166
23015551000124
68194547000109
14548327000298
10805190000178
28670958000370
82332735000420
03569924000100
25763814000109
16541820000120
73877672000153
77895266000174
04028876000105
05955514000114
00243111000129
21519581000142
18821021000133
40359580000122
18231609000137
02558157041438
04586826000135
11410631000529
05929178000135
01745386000123
04804121000147
00639867000191
00097417000114
12122994000106
36500122000194
89994529000181
07235566000141
01869998000128
11759066000186
70967260000116
08589031000131
09296295001808
06188493000111
97422620006949
05471081000121
08030651000136
27959303000192
11078028000168
10985143000153
43283811011003
12706513000100
04360634000106
12001726000128
06699329000179
14254016000135
02814573001741
10376703000253
10541689000115
11718293000244
14089158000194
33702275000126
02405377000156
69157535000177
11720092000109
17318789000126
54395397000197
09461437000105
32419830000144
08075389000146
01553076000107
01081574000102
05347749000123
14282219000135
21793906000180
14238511000150
03230874000123
18129972000146
01858818000102
01501125000168
23951167000133
14248957000166
05093025000109
97531489000160
02961236000110
62413877003268
43001569000265
05165495000122
37458833000100
07054173000131
21147984000108
02062999000129
01568714000163
00718860000165
85079093000144
19801725000107
10700095000100
16872103000181
89237911006858
91746131000178
17635737000183
10781414000159
91632802000170
07280691000173
11804935000147
87397865000898
69418101000183
02665681000132
43447044001300
02883217000112
69557924000190
24599003000151
05249954000156
11757515000157
32139605000154
04163766000490
14856780000180
00447821011610
13007828001004
02921800000170
12932177000105
95425369000403
41130873000104
18088474000100
04860303000135
01581420000171
07661744000104
04855862000157
23588795000104
19757373000130
21687012000106
26062017000167
12026291000176
37420973000190
61016937000140
00935652000118
07985991000158
20553579000127
02254977000160
03373349000167
85391324000401
29726551000119
08314456000138
57014706000120
05249878000189
45438850000104
49997240000100
07246494000138
81050528000177
43283811019764
27104876000134
00237003000496
03240614000139
03150453000192
37555323000151
32696585000112
12599757000475
32190142000155
02807863000109
06126707000125
30338719000106
00909170000193
11509896000155
07165927000120
09102778000186
02727191000113
09555814000167
08696442000126
08062996000171
75690503000305
58754755000161
00815518000183
65442030000101
53485116000124
02949665000171
92067073000119
10989158000190
96704853000183
41036435000173
08724696000100
05525707000216
03345760000129
32763013000290
01663145000135
10398315000273
01820705000622
05096127000170
02556862000120
22168218000192
66006925000158
08995429000259
34856377000169
03516662000107
06276736000173
09658712000177
16501066000103
10893008000188
07427557000152
07155160000159
19139482000274
22535117000102
07771979000140
11292294000199
10390262000163
02023131000110
17213437000106
09360662000147
18042443000100
09017873000181
17660075000100
39686993000132
10668905000198
19441070000103
97519262000107
18863009000191
06339607000187
83401174000193
73714156000108
28538871000182
14183530000127
09212113000206
92981752001090
01503536000192
30066344000164
83573030000114
05477680000152
41930199000568
05825144000109
31267230000145
05112936000128
03753172000124
04953446000191
00484725000100
13345477000150
11618123000107
14247745000164
04909369000172
15743416000177
75101063000133
13493530000160
35148683000103
11076325000174
23443509000104
22708587000120
14966733000190
02978181000150
02494707000208
20768257000103
07976147017306
04445089000150
00950645000195
05462396000102
04120105000135
27352414000306
11225111000112
00143995000140
20971275000180
01328473000185
02004123000126
07653564000172
01740627001709
26119610000100
05106284000119
28717020000105
03995515006793
13850516004164
09389495000167
19225332000100
12294500000162
16973020000189
10217269000188
13244442000206
36004034000100
15290718000137
11529315000147
30800890000187
02059827000287
03580868000104
17785352000100
26517281000148
09140299000154
07823412000170
41002320000168
16561253000174
11387608000137
08751941000179
19013650000108
06221976000170
07882694000187
06200997000100
05843828000125
13459381000113
25396433000139
12650757000290
15691492000186
59663039000131
89031769000180
11194111000100
76987080000182
23750084000186
11412312000129
05134419000150
05043425000100
23792409000193
17185538000110
36834729000100
03721011000159
10253804000156
18508607000142
01678462000125
08280289000151
10498572000104
07895305000158
01036477000190
08405013000152
10871091000194
11600491005359
08723106000710
00924845000416
11680039000113
04340316000264
12939809000162
05429736000101
27274515000136
38643144000139
17261733000182
17667348000130
59849430000125
45987005021519
00896073000103
11028492000220
09624543000154
16918124000190
07870601000102
36125136000175
12002639000195
07214648000100
10765288000149
08793663000112
45694437000704
07269201000308
05546698000169
77044618004760
05788025000115
16864325000152
11675039000125
01969550000186
20021812000120
14929091000159
04975567000134
00443322000105
15140153000101
72908353001924
03925745000150
03804674000137
05162079000847
43259548002026
16637224000149
41706664000158
38131298000141
07681250000183
09413269000174
08837070000100
08970868000126
02234070000130
81184897000233
03827721000168
00173353000940
07079883000116
03551848000105
02955273000468
83761833000100
14138816000190
02338743000282
23401061000166
45994951000161
01275750000139
10733874000101
87201109000256
06999246000103
12268876000100
04010668000170
08895672000114
00630234000112
05027327000413
70080627000185
09380919000122
17791348000147
04601629000148
15813630000152
17104153000181
01862934000103
19192663000183
10648252000185
94011087000146
05613976000153
10786330000108
15505704000517
04345776000102
05252307000101
33061078000175
04116827000116
35877075000130
07395411000172
47508411019337
05118175000111
58682881000310
09122965000121
04787941000178
00696321000172
05758530000117
22432239000173
18233371000189
33086695000710
07026076000640
00966598000178
13683404000250
19443475000180
94125267000159
00113059000196
12746495000181
83801217000128
61412110053780
03300716000100
18780040000169
02907438000264
10880221000155
09359478000187
06224995000150
19002258000155
42422717000171
13316786000100
08909381000138
61585865143505
69043503000140
06300100000110
10389021000285
05612165000138
03073519000198
89873103000170
10514340000194
06308626000146
06320320000105
05773995000147
09293567000178
47508411018012
05776248000162
01815371000194
11109705000168
17829463000163
07324090000115
02138293000101
08720461000140
08240725000169
10744184000158
12042030000140
83331678000184
13707331000108
19471760000105
07087201000117
13246117000100
02485763000103
03007281000100
20656741000132
02280450000100
18865660000109
54769096000186
04909103000391
17418344000118
33712902000100
73588915000214
42591651136630
00464497000107
13586062000179
04840130000193
01493748000136
15312887000120
09498341000103
05412579000113
15196694000151
06206738000196
13620495000101
04867112000103
15240461000109
32403834000215
10492871000123
25821380000156
06243815000188
16899479000180
27644287000149
08172651000170
00185365000138
13302356000121
09331464000155
22944382000144
85317048000180
03204793000159
11851034000106
33014556020111
88218987000166
03447200000185
87910014000120
07834023000140
23761079000179
09296295001484
91597518000100
24891594000136
97549136000197
05070897000143
02325156000178
11242378000118
10542392000174
21147434000199
03065617000183
34977561000167
87829727000164
17443248000120
92012467017730
26373396000106
01087997000121
37637394000101
19972249000197
09231306000123
08538567000128
23652829000174
17230884000173
01008713000679
03986613000138
01179914000124
24221089000265
33014556026667
28626172000194
17771611000136
04401257000106
11046899000108
29801419000124
09688124000186
89703078000348
04117383000133
33014556064836
21387460000275
00595058000125
36434736000115
88178355000116
01584169000107
20165136000169
14589307000184
07850057000129
00155662000130
05475689000124
20280170000184
82147901000175
06294585000186
36900926000695
88688106000170
01707562000132
50437078000146
17225989000134
25760877008196
12313018000122
01676233000171
01701211000114
04783145000167
79996740000180
49002652000154
05938540000215
04390476000137
41324674000129
08073108000116
79850822000111
08692336000174
66341751000180
02863474000192
12971177000114
04757459000861
07603073002241
48197032000155
47508411090805
87209235000338
29804519000104
03649972000108
90885476000140
72215551000183
06185371000171
08926231000132
05630086000150
03023665000613
73383192000136
05192381000171
02472245000147
18465451000160
14205226000133
01443257000261
11886166000173
00839867000135
02013384000102
07918323000108
07440388000190
61077905020180
13044079000102
02544194000111
05215132003412
19076762000108
13292849000128
08032391000138
12062132000127
15250313000175
17161864000198
07264417000100
04112118010559
03365177000260
34114181000107
26107037000107
07452833000485
14452495000102
22884260000100
33851735000188
01549540000191
04097715000165
00189555000123
16639014000190
05103655000109
07727163000110
02630651000190
18196388000103
42923573000137
15801072000105
10896390000183
07487009000118
02093147000107
02198670000190
89859656000178
61585865015183
07345028000290
12825473000107
61961330000138
05210349000171
13293879000230
40348468000196
14595523000132
00257582000196
18643611000113
45467115000129
07361027000159
04549335000114
11196556000111
07393011000470
13980492000170
12688192000150
05364902000120
00769103000110
03922388000176
20002445000118
81033441000868
08920120000208
03966240000133
10596843000156
03304265000171
21247908000174
83646984001424
01339168000199
26580193000190
04551384000191
63552152000117
24881542000189
02762027000147
13990941000161
07171211000136
05973000000191
21834551000120
72722309000104
34028316023316
00071869000127
10758912000180
04342148000670
11944126000130
20789772000161
79666707000191
04007865000130
06148345000173
10429897000127
11878711000180
02753751000104
03802249000109
16452922000170
92016757004006
10250203000190
04265871000198
05608148000127
07816261000476
12036964000179
04978092000130
20745183000181
08901682000115
03056756000302
03684636000198
15479343000158
02743218006950
18316551000124
07351912000157
13974951000103
12697013000140
03638954000112
05236056000163
58972605000124
08042230000125
06980628000187
00907517000169
06108367000100
15505704000789
23199320000118
97422620003508
05356167000103
71149355000276
02804864000191
29196250000120
06226317000127
18159970000108
01111832000148
14189454000167
15768762000100
12243178000142
11624091000152
09537949000108
02360248000199
05700005000140
03840986002654
08785465000107
01138446000140
09721521000102
04694449000158
07473735002982
69909919000107
15307611000154
17314696000123
22563195000110
03799082000174
09372933000265
22882427000101
02448248000145
10478175000162
05514674000128
14178761000142
33014556076419
22574382000108
00715651000168
79379491004502
01677067000128
51207900000145
04591836000169
78901915000165
04810979000114
88473699000158
05501128000152
21301357000180
09440728000109
13431475000184
15619911000179
12978825000164
13452326000100
02309093000166
86757754000106
02165762000173
16952637000118
08639075000129
03247249000194
33569146000101
07939258000105
09276130000126
02869763004510
04619171000154
91289082000191
00708228000130
39187299000170
28329639000134
29510617000139
12145475000589
04119970000919
30710820000138
19259915000144
04768477000253
04612361000220
97296891000107
92810308000110
80749732000118
23511611000108
07865419000155
71320915001447
04810060000120
21323178000143
06589261000175
03888413000142
04942049000114
93738854000150
25409822000151
02604962000185
23493126000140
08958674000105
07367791000131
01889024000106
37461381000116
03185744000116
02584982000131
03577561000146
94151263000145
68535558000105
08864696000106
09328660000170
02456883000174
08946480000190
12831655000190
23401411000194
07871614000198
10250528000172
09080300000100
12024894000139
22975097000190
07170943003801
03037453000180
20099491000187
06156030000178
04240673000170
45543915004250
20318612000134
04934818000132
01016489000152
02712547000145
33060302000104
10385864000122
07549807000127
07860290000273
09271656000113
17801587000726
17054260000142
05613385000267
00492127000175
17575022000182
15475079000265
03351584000138
03405904000195
17718429000111
06192511000139
00877761001289
63023055000137
