76870948000402
61041679000151
89407118000142
77177764000181
89470462003797
04383908000182
01337127000163
18258324000190
12402398000333
11064126000146
11830897000105
11360004000105
73842817000180
08741844000103
13417300000112
09547383000197
20015612000165
27134718000127
23646318000140
05745353000134
88639695000105
29637477000164
01059315000177
14168981000195
19223054000144
31627086000100
10640945000121
97184733000165
03816088000102
01536083000109
01342354000187
66134909000140
09153856000171
80221047000114
47508411251230
75541334000171
05374832000191
42266932001879
01276256000512
10458848000112
11710761000153
08836078000152
04383891000163
05244863000128
90044520000199
25534839000130
09131620000134
19005201000100
84646934000608
02898395000117
10751843000183
07085916000130
72399413000100
23558813000105
04779519000170
54676994000190
14525867000175
06057223012420
14379375000119
72216187000176
19278597000169
15700697000180
10458824000163
12319817000106
76377894000103
15212415000104
33556424000196
03263767000100
03380787000233
07100570000100
03716302000159
03353849000137
09212826000199
87248100000110
04197264000138
11355280000177
04411430000157
00752901000130
06773063000167
73282816000129
49560972000120
10402950000104
09612513000128
10788677001919
07320728000140
02334284000188
46615837000146
07327954000152
13139164000146
94348539000180
04978192000166
05332290000194
19763193000160
83778555000196
02868533000115
17635853000100
15176491000101
08342554000189
01570002000421
76189406004202
95257580000103
10736847000192
38506820000122
03528813000147
15689077000198
07076283000102
18768803000156
10364814000169
02214261000130
04686381000165
19136968000178
04272633000100
09236720000125
00789655000190
29911559000155
08417501000180
04146631000174
05764809000103
01365460000186
03716800000100
97005581000196
63873384000177
00906996000107
04394274000163
18474962000148
31169707000150
10348752000100
21004230000107
01440712000194
05788175000129
02994474000121
04538894000129
04270492000277
07975384000107
24327850000167
03031857000167
08917026000100
05848964000108
01359301000179
13001808000135
08791224000170
17694989000183
50301746000103
03734274000100
10157073000145
12558114000130
87030821000159
52623238000177
18139602000190
10016255000104
14253862000130
13998257000126
05563868000113
32051948000162
08296875000194
08692080000448
13338732000138
02741042000109
04043808000107
62120282000118
11552244000101
19340319000194
11065432000369
13556759000369
07621958000149
76193242000100
22674508000108
91180489000186
05229954000194
19962879000180
00440439000135
22341271000143
79697090000171
04467047000110
16806051000145
15783249000198
10513998000262
14466921000159
05038315000141
13073882000167
19674019000656
10988466000109
11348527000128
01143743000183
15673240000124
31250954000186
07655240000173
21000646000149
08865876000102
32931594000140
09580913000107
03740265000114
09416403000190
33130543001820
19492895000157
11755504000138
07920023000163
11501067000126
05252748000103
11716120000106
07986916000101
17412284000126
27462514000115
12045099000127
05515773000124
01888046000151
12818483000115
61786455000179
07694462000103
18245738000184
32860231000161
05325074000111
08514991000132
15374473000126
11151503000184
02738746000122
00664743000166
78934783000178
05779896000172
04849863000199
18120871000104
07526413000153
50000637000156
01782117000137
04871143000472
19652145000103
15447279000123
06993809000148
04488970000139
07602772000142
04040897000138
11109110000102
12966419000181
14356812000189
34842674000155
04228067000139
76395714000108
17019739000148
08380894000285
10855839000165
07261242000188
02506158000163
11941520000115
11601349000286
01468123000114
08736676000400
65361503000138
10625707000147
02045540000117
84629849000119
22852005000185
85396638000146
06323249000114
05035799000175
06216252000139
60163953000100
21044029000145
12184811000179
28076237000175
10608829000125
54657895000160
01967499000173
35725449000100
11568355000106
33014556007441
00092535000130
01391921000276
08253758000143
00762741000100
01572819000196
89774160004512
04752709000285
02157447000102
08698239000199
16732891000100
41710070000110
10622580000102
03582377000194
07461662000108
89829048000110
88212113016600
18595695000167
10243287000134
14201186000151
03789137000165
03086069000259
11967852000179
15430898000296
13556757000108
54976196000183
04037481000160
10422255000104
20327690000103
00773847000109
90589698000620
13891705000198
09388647000107
59339283000143
12601317000162
76486885000142
06134573000194
12309509000108
03751698000175
23043174000137
61585865120300
18441956000194
18605176000132
15013219000100
33155466000115
81556581000144
33014556004264
19374052000156
02046580000183
87156352000119
23231839000136
08182770000457
85402881000120
88030887000101
05991479000350
17785583000106
10307762000199
05802658000211
54450630000510
18210353000181
01612733000140
82770116000174
02338263000130
77736270000190
45202439000135
93254555000140
47993050000180
06893937000110
06223517000126
63709182000194
12241406000145
22524403000172
04787124000110
24119281000164
08436865000107
08250241000443
03596345000148
25002999000139
08205247000156
04369988000383
14809048000150
12701194000131
11005996000144
22356710000191
03152420000181
02799490000163
07020834000108
72332505000245
21000468001047
04429478006557
63503007000227
20825927000178
00527703000172
00500668000106
30790303000116
19799195000100
78889607000161
33602718000107
07849047000173
00996295000106
02376526000104
25433520000119
02436829000167
01368970000107
12956989000190
15732854000130
01119352000123
15448440000183
03952525000115
01463085000107
02349376000131
10280765003444
07500524000190
34660969000100
10717170000498
82028002000153
01002461000166
08270791000181
34028316312695
10735832000100
05773888000119
04796157000126
26715122000158
01874385000189
17185299000107
00656678000127
89848543019005
10789462000193
04081654000148
15391184000135
06057223024780
10417608000331
86887569000136
07437133000179
04678720000161
07791334000170
06626253057005
22743589000150
03609680000214
02783007000152
11868885000161
06698533000175
89982268000180
17726940000165
11338275000156
11337394000194
21272126000195
73023244000163
20940153000126
06220762000180
08361431000195
04298596000109
17616220000147
11663916000148
01693953000650
20173872000169
01262108001510
04276627000120
22658466000111
03315118000105
34254532000177
09364382000107
11096046000172
03365345000137
07387971000185
06061787000340
12590439000109
21486903000102
09005866000160
97433452000107
05033137000166
05211900000100
03645728000169
25089962000190
04575911000106
06626253019332
02786624000292
00330004000138
05554508000155
13407951000121
03012206000120
01969207000131
34624379001013
27721323000120
52659240000104
91958256000757
07775840000175
05879065000172
09602313000194
08267730000165
24146333000191
14185293000133
96723119000161
94296175008469
13847381000190
09177756000185
43283811011941
02564158000110
04281682000613
02457204000181
70165089000121
04940750000285
10597092000192
01074929000128
07918476000155
14310170001400
02774064000175
93614097000294
25187392000170
00063960008851
07746312000198
11114913000155
07615598000172
13944747000140
02403667000160
28192748000152
31625276000199
29002182000111
09379770000161
08882269000150
33014556067185
04326413000111
02314041002555
26401455000293
07237767000188
01262384000183
16737285000188
02325233000190
04859893000186
02570966000190
33325672000126
05135171000141
08864565000129
41516386000176
00118168000104
01982617000112
13255607000164
04767956000174
73896094000100
07446383000175
06537772000143
69913580000104
03304335000191
91631838000139
10649884000163
25711748000123
26457530000157
07184848000167
18577474000166
02846684000172
09013795000147
15444622000186
02282367000170
92315183000152
19256061000142
22758817000247
07686368000102
17862621000349
05635034000176
05401920000135
13003085000103
04362088000142
11779094000165
05655933000130
10294187000137
09814366000179
86440732000541
10882131001256
41654740000129
05539735000101
01849709000129
09092102000159
02685890000148
83839076000132
08809967000120
17727985000154
63772925000170
19740025000150
01432141000146
13578717000167
33174268000107
84739903000189
28601117000140
02305202000177
08765391000147
04419577000193
01432174000196
16754726000150
28051217000140
10451806000150
63270920000140
47508411106493
02434577000137
01720781000151
08989026000116
09517298000186
04065352000186
01438784004780
12451270000106
21099934000100
07017216000109
19925877000111
07206237000172
02470763000121
11843649000271
17897057000138
32734451000149
05596508000118
07531461000130
09583291000162
04618302000260
03094003000120
01358596000169
02382582000143
05002675000193
03000743000150
03876092000166
20817141000109
29587623003100
10907788000178
45543915037263
11801778000116
10958886000134
18069681000290
12091252000152
01888146000188
13731076000139
01699959000120
10930060000167
04946696000609
03465859000164
27349598000185
11277154000141
03107428000126
04132321000109
08530559000135
32594343000118
09571247000132
05520402000130
04842228000180
69035483000166
03226373000173
00565103000107
83240333000468
33014556025695
00392476000115
30712178000207
05048763000126
22071774000146
01797484000104
02138122000174
38905089000531
15360868000170
02997871000157
01976860003062
04688678000160
16745210000149
11908167000503
33014556075447
08191313000186
07668196000136
13752710000110
03866211000108
19089050000115
07870219000190
04070722000173
18692399000184
02072285000100
07153564000103
03539462000412
18701026000122
48675623000190
11699967000120
08931363000233
12594582000160
03122785000163
20439580000125
00812959000393
52443298000108
05148992000112
21206725000100
31613664000150
10245506000114
36900058000481
11738169000160
13489363000184
02204449000105
13406312000222
62191036000157
19308310000104
04500667000104
41690793000103
04715268000160
13231135000100
79471405000168
12477900000103
12365202000116
07297279000166
00150673000128
11314062000194
10597545000180
09358281000123
05975847000105
14585118000133
01261247000124
02768787000161
05071437000130
33920036000142
01831806000194
10650757000184
10188802000120
08766633000117
10548447000153
02702135000124
02596749000179
20873287000171
11812229000147
00724384000195
10953967000141
86653987000240
08688254000156
84866342000421
17450415000160
08850034000187
02672212000140
30571640000112
10973826000190
70146154000171
04388540000226
04142904000293
05925369000129
08291835000150
07424481000101
02151184000116
21110930000178
26211993000134
09568137000111
83648477002663
71396782000178
00207773000143
11956803000130
13087784000260
24240397000157
04682156000150
06027307000162
13203242000124
07290425000121
13285066000117
17001998000141
02457571000185
30743538000580
37295854000152
09341135000195
00849154000152
04845114000193
07784882000172
18360169000207
63408777000100
06057223032103
12080618000198
28056761000184
21872443000142
03167476000100
05544644000164
08691891000181
17155342001074
00041327002074
04056005000197
13963625000109
10866926000118
07544373001144
23244006000100
03065371000140
67886846000141
03823841000197
00881733000344
20850418000103
94011111000309
05470488000134
63849590000141
08207783000190
08297710000560
04707527000101
07743844000171
08859145000154
08889336000169
17067640000111
01591916000126
27500396000192
03231942000179
24119371000155
01018631000109
83075622000106
04832508000107
39346861033337
09077277000197
57804536000187
10713983000167
19290187000133
03768502000155
17096351000140
03087425000178
04504461000152
03593450000123
00552653000183
17394922000123
05610068000106
07935849000104
11154453000199
09043692000120
08769431000129
17151417000158
29895729000155
17544076000180
07475350000153
11973945000106
10944238000129
04642522000148
60179462000140
01883203000136
02725308000120
21563856000145
03423569000158
02472969000190
04341312000110
48853436000150
79720033000166
18618056000170
10957951000107
03948578000162
06664797000108
02204110000109
04524416000321
00082866000199
05883278000178
05340802000164
20678424000206
04144661001032
09429072000123
88119185000107
32733529000100
16723045000558
83754234016660
38133294000100
02745235000138
10322216000127
10814003000112
27655700000170
61365284019123
09477652004930
04221051000102
10917037000132
08731188000150
17281973000300
16892068000162
07268390000124
49732175003793
07424009000179
14500299000158
13444733000167
03398583000220
05963085000127
28598795000605
06331779000104
01973437000174
09626478000104
10813243000100
05108502000154
10302127001352
53772083000101
09298151000142
10865169000400
30065247000157
03415487000242
76816420000102
14362267000133
02376287000184
32404063000108
17522314000157
19963600000183
05620169000168
07898660000180
13772429000149
50970342000374
49036353000130
03719012000169
61585865123822
54302609000144
07865716000109
07095679000199
01819670000105
04276314000172
00670226000108
04040561000175
02575829001462
10642467000199
12426910000110
05917265000172
62226030000178
04294176000154
93000586000175
00475422000113
01193550000137
09587497000160
05557239000180
03616034000101
33014556066707
42369447000182
01744129000177
33789538000186
04965185000120
16960698000127
17315823000109
30312091000161
13579525000175
10934866000123
10444184000132
03578593000166
07475009000106
11600005000171
23560519000120
30141154000164
03791102000160
22786947000102
74442484000599
10676731000105
18785131000197
12430500000142
10415338000168
14412083000130
13140047000100
05576144000295
14811032000181
07798364000108
00844290000150
32504649000136
09545482000130
16925734000111
05695036000665
89813638000155
52378999000100
08703443000150
09666638000130
15219109000272
59561001000310
22473585000280
28856832000123
02395644000151
37158706000196
10948882000175
15500113000123
28377144000180
93532976000196
10526704000156
49072457000109
35294313000184
09121223000181
19836941000198
02274517000102
05354945000397
69961191000154
08791409000185
33343682000194
02797263000360
87723417000160
08679131000582
05215132003170
85497212000189
08450385000109
06306058000144
41391020000118
07687116000190
35870328000143
01754619000154
33581281000172
75670158000178
23744025000103
02000712000136
23894098000173
08789173000142
04112582000159
02292005000160
00908095000146
29140217000189
00594607000147
08141228000103
19019767000190
74282179000153
02233406000301
15836819000160
01331407000164
64439490000100
01290494000159
20848420000130
79379491003794
09441040000143
27198621000188
34028316096208
66542002000706
11980079000180
17158768000190
12442628000207
26246176000111
17016571000117
03550965000146
03548307000110
04655822000161
12250632000192
18169494000289
10503123000107
05150590000152
05953543000147
01594553000182
24005431000109
02688109000199
05010299000189
07170243000117
57508426002898
90344219000109
02907061000162
30094114009408
30065650000186
18617571000135
07406453000161
95387064000101
02874640000156
13199472000167
04362037000110
02462905000109
09350235000188
07347148000146
11949133000125
76080738006613
12023622000114
11607546000121
02862352000343
13410826000170
34028316428219
04703170000193
26598903000100
74072513002945
35139062000163
02704486000174
09435379000137
40762486000110
07781549000100
56417066000136
02249582000170
52083326001600
01244675000149
17914190000155
35622406000190
15547305000195
12478067000115
13574594062973
65744666000108
08934560000125
12816355000132
04119190000111
04992366000145
12865531000126
04269315000190
05599918000112
04701515000170
12076431000110
31460918000147
19553422000112
92665611016928
11581500000180
10791749000158
03121148000172
16568211000165
09412770000116
00196642000108
26173800000106
17962168000180
61099008002942
07642940000123
85013167000140
25108694000106
07760882000132
82692385000160
29471733000196
04871882000200
17504560000186
14949588000139
17831131000113
13616547000168
17745613002102
14378801001090
02405583000166
03879760000532
55239362000121
00875615000161
03848326000161
10553195000150
04407822000142
83646604000218
04242603000150
12348649000187
08609198000117
03290036000145
02176440000120
08044236000131
05604891000109
11509896000236
11408361000198
61506481010673
00393755000101
11077354000150
01626895000137
08794080000106
31474836000585
04078691000105
15077847000141
05761444000244
15026452000110
08465264000122
02044548000169
08858598000166
08699863000100
01357130000149
03761107000140
35715234001414
06247922000184
04003973000135
05143147000154
09141806000174
22122056000151
08512651000172
08724271000444
15543978000177
04878613000187
08992274000116
02253107000177
14482753000195
04990009000148
06321170000235
02145360000107
27720828000170
18152524000163
94460052000780
36127611000142
03264771000184
04961836000103
41220278000151
11114284005980
27648774000180
03107627000134
80213705000126
02234943000538
05793432000110
15314530000262
67961375000199
62130885000109
34891754000109
10696965000114
02979768000184
12709819000101
09323373000178
04813232000110
93015006002400
04867906000169
00537555000177
17207093000122
04129569000102
13864448000103
79581062000194
21446376000102
50052000002742
04768534000202
09203002000152
01552315000104
04113638000190
02505917000173
05150009000100
07714545000109
11934685000160
04240700000104
13350293000189
20497022000116
24691990000110
06879177000196
06079126000180
88212113020712
12687525000126
07407458000109
18161233000131
13339513000254
07544427000108
08671300000104
14672087000158
69924017000131
41529314000163
88998133000140
21862437000104
01438784003970
11022734000198
10153971000125
11135169000337
02061109000164
35086917000135
02178017000169
03123142000134
00715402000172
14422726000127
01819646000168
54844998000130
14073965000119
00909105000168
88919659000197
42287995000163
19306672000158
14700571000143
19896049000100
08181693000178
08144641000121
02832655000151
09088785000170
09619878000184
04228302000172
26334128000185
00061511000113
72577208000189
06021985000118
20939127000269
17608229000106
08807426000163
02480083000199
43283811002284
78395936000156
18018149000163
23465602000381
04358461000191
53123014000169
16712439000187
29175067000149
69046720000194
15355711000156
00938168000142
15174997000173
13900284000114
12184164000103
04899316004458
02696468000198
06298995000103
33657677002019
04899316020909
13776742000155
26010512000122
01506596000169
26258735000103
07152920000174
11166265000180
08926138000128
11301759000201
10869310000109
37628351000151
02589474000146
12353139000106
19551761000160
11216318000120
25021693000120
04298861000159
01644731001538
15357379000169
83240333001359
12385298000184
14648538000111
13009630000179
21872764000147
15503567000158
19774757000160
78442936000160
27883354000188
03528587000102
02526331000195
61655379000162
07057412000107
11525843000128
17815262000107
37488012000117
00283337000153
12083714000190
04782300000120
70100615000175
01008713000830
03114430000122
03797726000195
27765582000153
59899088000178
25381607000190
18783822000151
03716623000153
17252891000176
07063295000607
04880416000100
88777156000124
00388123000141
00200310000150
11157696000180
03820629000176
07910241000117
08885152000120
04024268000203
07116969000414
17226520000110
62440433000115
09449177000144
04881433000154
04239671000160
16920425000159
12752618000197
33041260095521
08228047000119
05930400000110
00300969000188
11462697000139
06626253099697
10792630000108
06885527000127
75915355000100
00162288000362
01077010000430
83261420000744
18688595000185
08712590000197
06911118000158
10583685000108
09451137000137
00002145000121
02895028001212
17041285000101
10826902000135
18236647000182
26865196000170
11254646000111
21004541000168
09379066000109
02958072000171
01976714000100
01296737000247
05476240000180
30250781000133
08605233000120
10850718000120
03049931000172
19970217000152
05816786000133
38004321000137
13831806000173
11857830000156
16667447000159
05308720000132
09022022000127
07752635000194
32239394000121
10941509000192
10851582000173
03845812000126
01436615000128
76102557000103
34233643000105
97422620010709
01795722000142
18064029000100
05807547000117
28910875000140
04131941000115
68694330000168
97078463006068
09509138000195
04780554000100
18752121000155
01213281000204
11950901000160
55903645000126
02795690000148
03995515005207
89425615000173
17068655000102
05111590000305
24345279000103
10495527000198
21669780000137
26625793000128
68417542000106
08618647000355
02082628000109
02836842000103
05518049000154
18320407000161
03055362000178
95251591000186
45505229000116
25776535000180
06295746000156
07022473000139
33107327000116
24548679000116
03244450000118
14699431000100
12993870000198
40788945000134
12297765000114
02589583000163
07261052000160
03609439000104
02220525000168
17522260000120
07488529000145
11596442001807
10798049000195
14643997000102
10481314000107
16594846000137
01235381000150
13614469000162
03572265000152
11843730000170
19553270000158
19350180006010
00754009000198
05545645000395
10901265000114
03389050000109
10603036000202
05972567000143
14005522000190
03370147000161
29884251000168
54561733000124
55417067000380
04382818000339
33235359000105
31578230000166
07961646000184
07136658000174
04507785000144
07305860000182
08008661000841
02520485000170
01324435000154
42281121000107
00144683000150
15425125000130
05165627000116
01287763000128
89055388000131
20495149002301
83664300000100
88460985000189
01629613000155
07437111000109
33779976000163
13698924000155
24245524000291
03089124000183
15106979000154
15506755000130
18557175000160
13436092000280
32810988000140
05655285000112
07683155000119
09607348000116
22408236000102
03383995000105
12617882000118
44976199000163
38072872000138
15031383000132
02664166000138
02612953000136
42426965000190
27179753007680
02825387000140
96703335000145
21438421000330
18968761000105
21912385000133
15277873000113
41665522000270
10792513000217
14320423000101
03674973000102
04995215000140
76260017000573
00077554000197
14565092000161
31614732000103
08430298000181
03517610000155
43163716000112
05602646000243
06238740000147
03634393000183
83602540000172
19950657000148
17317357000109
08760005000124
76600949000194
11216411000135
07314690000100
10774570000192
11116278000145
12029710000123
07537815000153
04264454000120
03693328000129
18977754000161
02409008000999
10949021000101
02631392000465
00777674001330
12589500000190
04688222000108
22418490000183
04462301000198
08521627000280
14798041000180
11129906000127
09001879001566
11024628000143
08325970000179
07670062000150
20600276000118
03799793000149
06162513000185
11898290000159
09032526000128
07582119000169
00287036000106
16693352000100
15010499000195
18170155000131
15200012000137
24668048000130
26026708000377
06099708000209
41487943000178
11927821000194
03144808000130
10881930000155
05680893000187
04767327000144
08350555000175
11529073000191
20753173000198
02461684000154
11474981000125
01321563000144
02937047000101
05080547000168
18867920000177
90910399000130
00002329000272
16653305000213
11260573000170
18903380000130
10721821000170
41398785000180
20141959000154
07111045000182
09618442000170
05296224000106
20177533000150
08995631002143
03666178000164
03540336000135
11794809000159
05280470000170
61365284009675
12940452000132
18144475000117
01319700000106
00932359000105
10715427000120
26400259000113
26850339000170
14101929000111
12044735000104
28707576000102
79763884000943
08032463000147
07531182000176
00087429000168
63775696000148
03067694000920
11656992000126
05170344000162
07809784000142
07571746000790
04142275000382
04713419000141
07165994000226
35075597000118
01336274000119
03369260000127
10665021000180
90589698000700
03897112000185
05792313000143
13117221000196
79451720000123
08236466000100
00137534000164
02201100000101
08818777000170
13597719000101
69418101000345
08949100000170
25800483000130
02890193000129
15048124002400
08286913000128
00423831000176
01802638000109
02442891000161
21847912000173
10880715000130
17880686000155
15399441000185
06253894000108
02692696000190
26124202000139
78327863000165
21508578000123
86434727001093
04316742000181
01504845000187
13637649000160
34028316070403
61649760000119
07473186000145
06029818000113
24893194000160
25200069000190
13178720000193
12202433000109
80245640000109
03285512000130
84025279000310
61585865173765
01882755000391
06204268000121
22395972000165
23643693000136
09603526000130
79379491004170
68958776000152
13594751001288
85067916000111
08912538000184
28201481000112
11686248000174
08873199000174
79393492000182
02181053000181
11177917000182
04186427000187
11958177000111
06242276000162
10986881000115
89249130000176
04674061000195
02267106000262
02802032000136
02560408000143
09488762000153
17458661000168
24618004000104
31582533000152
24141350000136
08850999000170
91653451000183
14142583000108
49591290000931
08011373001222
11658474000222
34365858000171
16576681000170
02670068000103
02403945000180
47508411117347
01259403000112
14041186000131
58523119000129
09589182000152
07268671000268
02620814000154
07735816000102
13036129000100
05221680000197
09447041000103
02897119000134
24918120000130
39629126000165
34028316593848
13210706000120
12707005000138
09352477000100
09138184000125
04599123000141
79086419000915
76080738003193
11648455000134
11436427000153
24829329000128
21435234000131
07701692000144
00384208000151
13952274000122
90207218000104
10835679000192
08055736000179
04899316002757
14109840000100
11412895000198
55334262004090
16952482000110
05252479000177
18649087000198
00063960025195
03420005000161
13393864000162
14631385000108
14378076000160
03828368000130
09298119000167
05509586000138
02424764000210
16914282000172
13408141000190
05441657000108
22991548000183
00257294000131
07045622000185
02036880000181
27248426000115
02035755000157
15125154000187
14313935000132
25349382000194
26568380000159
04115428000300
29205495000177
22069520000193
12624698000103
08546674000106
03549816000167
17911661000171
20841771000976
07144079000173
08980148000141
00212457000160
12648754000131
18895381000180
72891823000165
33783630000139
14790352000100
11205575000167
08847483000176
16881766000596
83109504000171
04145514000196
07072672000151
13428193000128
11705210000100
23682247000130
66110628000158
09523377000108
13332548000180
17167359000150
20339445000108
61084018006225
14078166000135
24359969000111
00980971000145
05032608000111
78901915000912
06058147000119
17990927000119
18173080000142
60957784008238
12353215000337
00680981000165
06117302000120
22383976000123
09401281000169
03562365000106
07085238000106
15229699000133
05079781000175
05127961000185
03438594000296
32224204000100
61591459000100
16673623000165
00063960003540
05832078000196
00608499000114
10583052000191
