61585865069437
77114718000133
13099408000104
22507422000190
79778379000115
30084107000126
02755150000130
90964974000188
05441322000190
77944817000495
05673029000158
03023304000162
68934686000121
12912677000185
64684079000108
06311698000142
22958549000126
04094931000319
07591154000144
09133165000106
07307327000150
91212951000856
05789182000145
15348135000110
01618301000146
17550307000169
01535200000101
84477215001160
84960467000173
14643526000102
09443950000165
03452216000186
10713674000197
19085998000100
15259098000173
24902363000180
08952635000109
08488192000139
71503619000167
00166290000490
10300653000140
23544299000302
08387338000150
00332511000291
02672336000126
12950407000169
89599666000545
02336168000106
04457020000147
01906734000105
07670979000405
09360143000189
02149698000137
24439239000120
04899316015140
02023046000151
08968771000189
04124712000173
85378503001200
41185455001773
05768383000166
08118432000103
85344331000100
18751864000100
82344490000108
61195897000140
01703149000108
68813195000122
02647688000121
10333464000173
42434985000103
01757610000105
03408513000124
04725290000191
14693868000129
05871836000185
09036894000306
14620858000163
00041327001426
32627200000165
07632507000107
96659255000130
08470252000196
00734615000141
13277741000166
03549925000265
06293341000189
10982460000116
10335320000156
07702402000187
15584579000154
86702818000171
08371026000158
18029074000205
07217115000262
03446225000164
69056455000125
01279587000182
07799856000118
14028590000175
00000802001505
03769993000159
05300500000162
10511918000159
11087959000122
14081662000148
10956517000102
21728576000140
01906984000137
03518739000188
75896746000124
09438123000183
02839726000148
23826300000120
24021972000120
23044413000173
03445714000100
11640672000188
07854205000183
04375925000178
03221164000137
01021577000142
11704366000168
13224368000185
10285593000133
15050405000101
16902562000160
02549784000137
17198795000278
07484233000156
35065689000117
25005179000281
12427508000150
09392309000149
07620429000120
07692003000182
07213283000107
13020848000124
20416132000106
00964615000138
21305275000103
07478521000106
93015006003058
02911413000153
41947862000103
06995896000172
79263026000182
75104406000113
22081669000350
03219723000174
04016042000171
37519931000100
04930480000140
11673145001222
12827286000162
14710609000169
07728660000132
05331999000175
89910590000101
11376246000189
09491979000112
90171166000163
93015006000113
06963134000194
61585865201300
07984819000180
05420669000156
14150505000147
01614025000148
00734422000190
13026427000100
04651306000169
02303905000247
07439697000140
09114741000259
00712552000122
07659172000110
94278348000199
09389033000140
00736437000198
44705226000163
61091906001206
04594346000116
01391859000131
28177229000115
01499004000129
10688433000135
10425876000133
07407693000180
45543915071100
87305405000116
04582645000300
28670958000966
69418101000264
02404660000163
04885475000163
13250998000558
13278238000125
00745913000137
42225938003256
08173162000133
01869933000182
03801711000153
02826233000173
13684081000138
08022791000162
17960160000185
03310640000196
33014556007794
12324139000170
03052532000160
28896912000102
05284442000120
06262144000100
06218429000136
03158308000158
03875307000124
01302336000171
08687010000159
25391659000147
04613541000146
21474622000121
05057245000179
17166768000132
03658692000310
03113386000136
04534532000160
21579267000155
57241705000118
05630394000185
00289351000164
12482318000135
18057400000107
28810269000152
20987680000196
05878598000130
05823100000131
91438796000114
20940512000145
73445363000104
61365284013940
10875108000181
43519560000160
11437075000150
00472852000181
05942295000309
25226943000168
19259979000145
17179819000160
11479345000196
03923398000126
11153733000182
04460897000197
00830699000117
05033611000150
27349035000197
84683481021336
00372383000986
30840499000106
05916036000133
80650245000101
94846755000317
23433311000301
08769557000101
61585865100881
07070197000184
71999643000139
23638602000174
07122559000133
00352294006151
78631603000189
71426191000872
93339828000150
05941754000160
22094482000129
83817858005300
49683113000128
05155068000163
20065503000314
12919392000176
03451667000107
11663399000107
04551307000131
00792028000109
19488774000727
04449137000189
17211611000181
31402068000120
01499263000150
06340473000114
85087765000244
11614349000210
09215903000164
73445280000115
04616859000180
04042409000121
32829079000154
18265074000115
34748137001384
06117011000132
08882010000100
73764383000148
76189406002170
13691289000265
10525246000130
19954676000142
22535460000157
12887219000486
22063815000314
07227688000196
04308556000109
14635464000189
19517669000183
05346656000184
19525312000147
85146868000157
01750675000110
05151361000152
22869389000149
08202267000335
61585865172602
32877581000130
27179753004230
13746980000118
51664225000183
08660163000102
00207098000152
08150876000126
11520837000188
03367132000144
07523425000124
40778342000151
12723611000147
20800740000110
10688301000103
79013686000105
17667282000188
02728506000732
01486843000102
84945401000104
74789090000188
10515824000158
04415928012528
06368335000143
01438080000124
08958446000135
31981909000100
89237911002003
13158510000133
14371899000163
06256565000200
07443848000134
32689861000115
06057223037849
54771068000101
03013776000134
86949369000160
21780116000160
22915775000120
76159573000124
03123815000156
17316928000182
00646568000184
32677890000167
26235892000101
00126365000167
09409469000153
18026716000123
92724004000130
16984601000116
15145442000101
92665611037682
29911343000190
01494267000145
11715363000120
16956578000156
84599570000130
04516832000116
01507368000103
18955298000159
32348427000171
11191710000162
18641620000175
79115358000381
61069373001690
08356422000106
16790287000130
12220478000106
04443398000191
25629809000370
02425158000139
27121706000168
44208569000112
22459088000147
16718339000168
15375991001136
15348451000191
23604211000139
24073694003766
10513601000151
25909961000144
34043836000195
08167428000135
89339949000124
09182947000488
12563793000136
08922549000145
09186761000154
15076778000151
20981524000118
67886622000725
33260571000114
19419444000194
07307562000121
13971105000130
25217124000154
05652247001501
10295248000180
83632356000175
19159492000190
09191304000158
09058547000112
26459255000291
16563755000134
45543915000262
10209757000143
07187128000155
30039776000186
11626142000185
02771955000178
16797328000110
58949736000190
08057570000120
11732680000154
94307444000118
41950940000129
05759182000283
09051269000171
07959226000163
12144003000188
13690577000114
75920496000110
84166206000186
03541010000122
14373389000125
12857286000105
10413990000143
08959182000134
23917781000189
04441394000174
00118442000137
62488937000610
13407651000142
00709577000177
10641981000100
48957419000162
08974182000103
97545313000167
10737595000388
28849891000174
03589740000101
04556930000187
83766410000175
25531894000177
00611763000179
14138565000144
02554041000155
11056667000122
12294294000190
11260713000100
79526059000178
44485670000110
18164211000125
05362775000120
32253973000129
13051810000119
04228573000128
12436796000109
12220175000193
09047191000111
08965109000175
02425338000110
07349112000100
11026292000158
24269544000111
18788380000217
03548333000148
01528180000141
78834801000140
14703489000172
15016400000162
90183674000161
06050446000107
60896248000619
07303762000106
12230048000175
05153060000168
17453639000125
32912420000130
26110916000198
06000076000101
10783021000184
01887130000150
33312752000147
09136878000204
89237911002607
05211630000129
01944569000178
28333870000282
63346670000184
04270183000205
04780313000160
19269752000180
79210365000109
18421330000116
10602812000160
06015994000104
17868778000110
67041533000192
24836869000139
01466313000100
33254657000215
18573599000118
24429109000107
09470187000161
07561427000108
77765840000331
05900231000337
02814272000150
05912012000106
03251976000125
02251469000129
33003146000140
21143197000198
30845523000108
13990932000413
23120334000102
05047230000120
19339759000121
07117046000304
19244990000212
81751216000190
05531377000190
05553013000101
05297690000106
13605594000106
88761499000281
22655662000132
22085979000180
33014556076923
41127689000873
17490060000132
05950228000166
11899791000150
03941252000103
13629767000126
72908353001096
05299796000149
04369988000464
17591579000700
03429619000104
04426072000156
01021610000134
04834104000152
01542004000407
01073692000160
07595443000111
08795583000104
20617247000169
04834612000130
23380454000130
12949861000108
02811231000372
08298536000147
08219859000106
78095023000114
21890147000174
73989345000193
08677036000116
17127151000108
00827880000174
08219566000110
08188653000158
14534281000177
11960298000106
40832750000144
33300518000108
75230268000119
07876759000181
04879468000159
86818275000152
12049405000101
64655004000190
11991504000137
03913839000109
81488926000170
73413601000523
00519592000152
06163161000263
17780060000177
02980635000128
30611447000168
04320465000180
14119759000100
12064650000260
41896051000120
04097176000164
13296780000100
10652216000195
03136054000177
02973963000105
00493904000104
03253567000168
15705367000188
00530072000140
09165803000170
23488976000150
02814510000128
92664028003833
17751029000108
09476275000170
01614432000155
02309879000183
76727080000143
10857690000153
01155227000179
00276907000188
24286918000107
69092765000529
12850287000128
11890039000148
33398637000137
12384593000116
92898758000107
02142974000135
06925372000105
43283811015777
39346861031121
00333309000101
04810239000188
03995515005550
37430329000100
14032772000110
06977998000165
11680548000146
01806890000196
01528890000171
03432727000136
41137241000164
05411743000178
17030982000167
14428831000173
17071500000117
01190268000104
02757998000107
11137051022589
06209799000107
07075111000106
07088250000174
26826685000113
60050937000101
75868562000150
05370269000183
00973021000193
12457041000190
05054878000123
03868467000146
43235985000902
01186226000191
15049998000196
13722957000193
04794102000187
10411602000276
01208011000124
07533104000100
72214018000105
07440335000170
15759519000125
61585865123660
00355753000110
21009487000143
16970078000179
03531176000168
14173942000186
00624331000100
07592817000145
06905607000288
92737196000110
09205982000122
15086609000100
04667020000171
06913142000126
18421793000188
58722935000161
12274537000129
91808741000159
71239040000139
17326922000196
03459794000144
09054740000185
13416452000109
06626253000666
29718558000199
03192704000100
31953037000168
55330229000348
06179813000177
07018204000107
15080196000149
01626232000112
05578959000122
18328118005500
66316241000152
18137639000189
13693566000198
15615328000190
14245973000103
01976530000132
63365753000110
02633175000161
83670836000120
24313904000216
05697495000173
06626253016236
62323589000116
09407144000131
03901280000105
19327219000128
25023662000108
08663222000104
18012046000196
04087283000101
07056728000184
27695006000187
11688332000127
12138734000110
08278197000137
04780402000107
09618098000110
18001610000175
19330463000140
19147578000101
03840986006641
22514055000152
01644731000990
27131184000185
10851185000100
06878324000103
37593076000188
17938757000808
37156403000134
30401459000168
24085680000151
08257849000157
09354106000168
37543725000489
04341000000106
28347577000193
02838114000130
06040998000134
97548482000150
07552402000148
50311083000108
00066716001597
01859720000170
96440292000152
07116117000184
60872306007849
88084512000124
07156189000155
26271743000190
08866740000117
11797663000103
08157743000181
01820806000784
18292615000102
09542379000136
61585790000109
00803092000148
08582935000135
17446690000290
22106033000153
17403053000156
11617337000169
33014556003969
13386790000137
05724574000126
04588232000244
14248779000173
08241031000146
21470142000192
05854213000102
02999851000115
18425364000189
19447223000120
05473170000107
01996267000143
94980687000112
29390655000103
12462955000140
23546331000127
09624923000199
05246432000109
30352186000109
34617050000134
16578789000100
01552015000125
09100515000138
04185877001712
14399945000132
29331034000140
82566944000438
12409139000172
10750152000165
10510895000168
16652000000106
03855694000137
09646827001113
03656804001103
17777557000136
01515152000190
13961785000100
13041616000152
07309231000120
40489049000174
20252934000128
86723632000107
08240198000192
04871831000190
05455425000109
09145286000178
07370283000102
01700901000159
48527394000167
04667500000132
02179292000105
09087882000149
07627111000171
03179144000145
01486101000500
06295156000123
10209853000191
03227332000100
10992167000210
04940257000184
06102445000169
05529743000177
22523319000134
00510485000163
10616874000121
22405864000207
21841068000173
64329519000109
21960442000150
18207729000107
05481960000134
03434447000248
11069270000175
92185123000162
24438850000134
03688089000119
08800762000184
04529522000136
09296295006796
14476007000199
27382890000108
79983250000149
18626167000128
06218272000220
06057223028696
00275298000142
09176612000104
10804533000180
01754239001787
09301362000197
05165091000139
34028316050208
02529395000220
11313453000194
07768745000144
07066965000126
07434613000186
01704313000193
02262785000104
80710866000125
05377917000476
10485146000128
75400218000302
05849964000122
06336592000101
29425850000113
28340884000142
04303072000169
04458665000102
72891799000164
84012418000109
13753237000276
05002485000176
05287219000137
01738654000180
16832826000580
04352416000120
04000112000101
61412110017473
01042977000304
03804632000104
00951990000143
16715374000123
03247760000277
14483390000102
75400218000485
63547426000180
36076776000213
04447384000146
12936923000139
93209765043274
17489989000141
03093340000100
06172060000178
04041917000195
09666218000154
23719030000158
10437337000114
77863223000530
09348210000140
33127564000149
09324855000142
08866772000112
47427653007209
14958871000127
09310070000110
09027372000186
04768477001063
04163766000903
92862440000176
04749039000167
01667720000178
20923340000100
04382970000150
20958600000174
01183723000136
09407721000195
18678514000166
96427810000106
67053991000141
14683209000101
09257760000153
26538777000289
21034061000140
14374331000104
13501187000663
61585865072900
08530834000110
13841142000123
10176015000169
34430827000157
29861549000152
06067116000124
04505395000305
06854061001174
05789121000188
02349579000128
39346861041275
18447653000189
01509514000130
06722227000801
02816694000165
07857579000152
06626253014292
19625526000195
19534176000151
17417504000104
09232718000188
13685191000114
02818444000164
02776480000102
08944658000163
10194536000149
40981052000100
18789732000178
01813700000168
93015006000890
04404427000106
13624593000109
76771948000102
01256489000120
08234381000185
02806199000760
00087537000130
92357748000164
10986504000186
01017186000154
09357267000105
18058884000109
10591811000168
07221070000119
16926207000121
07227502000107
17096287000106
08791851000101
93209765040682
57508426003789
84042027000218
14202537000149
13683818000106
04535853000260
28368751000184
09358104000147
97350706000115
10856184000140
42958249000316
81679672000177
03720896000171
19722540000107
12232374000111
19560456000134
02882927000128
72624521000635
43283811010112
18577440000171
01390442000669
10216211000110
23706245000134
08171880000170
14466179000181
13007828000113
09468002000184
69607059000149
03796693000169
86741469000105
09238375000169
10762843000189
02236879000281
75405860000104
04136283000154
03503134000113
20130155000150
21353356000189
17185315000153
03306578002374
01303951000100
07632264000107
01599908000126
47508411111063
21310891000152
00300929000136
65283269000500
02236695000130
23043828000122
27794672000172
05551561000100
03834988000182
28288847000132
07087234000167
12967479000119
20415295003947
10976424000220
07316071000147
03007360000103
03536575000111
15463814000130
59385294000160
10189294000103
11419145000148
13009096000109
08942836000117
18880069000112
81436354000185
70098470000204
06101631000183
04575229000105
23969887000126
12341222000157
77459741000160
13614108000116
52874443000105
05030704000120
05568826000175
09405430000400
05167246000176
20918296000131
06641146000100
08205477000115
02545872000160
44622389001154
12124943000105
19997816000160
22020929000115
21188554000134
20369007000192
83756999000120
61585865144820
14534608002154
11277009000160
92787332000186
93410124000126
08986299000107
10908062000150
29017520000199
04234139000150
02185091000706
10955930000152
07350348000158
09296295002707
20233589000185
21237341000155
18016195000123
08019294000105
17327693000124
04680954000143
18415001000162
13819932000102
21852676000183
01160349000153
84416668000104
13852637000158
13575405000108
10506890000161
03083887000117
10915016000188
01383159000103
11076036000175
06065767000185
72322407000146
66254111000132
66425133000118
03545904000190
21347527000167
47390307002668
13145343000196
10462976000482
06045416000102
04315972000630
01648029000228
92665611032028
61412110009101
29386406000136
03773683000108
07348270000137
92956176000130
10743302000103
07149698000150
32983025000149
21249678000182
20862730000109
07529500000164
04307363000125
04698930000111
04869968000100
07092971000158
61437638000189
11954002000136
05865367000191
03789182000110
14457572000109
20123188000172
03661339000127
04167190000359
05734630000103
16559289000113
49625312000180
50405703000178
00304182000194
21806196000186
01386131000111
23955234000198
16640752000157
14470819000127
08764925000110
09348867000107
00332033000139
10690016000127
63349526000100
02765466000294
09184933000150
09552126000143
15459431001240
09380107000187
08866546000131
20628364000128
08139495000146
69968113000181
06978755000141
63866503000164
24496451000120
44175172000171
04832627000160
17143135000109
22863755000152
05009904000100
05727452000193
21589391000100
10707546000130
16466529000135
11015537000141
86551660000933
08744225000164
03167468000163
25877028000132
04024940000171
00141527000136
14215400000129
11162590000175
25760877007114
22429872000102
07434083000176
07684598000124
08209001000152
03353041000150
00253043000189
08771662000177
43374156000145
08640452000140
10464355000195
12887817000102
17976598000151
14390462000177
26553051000134
15508383000180
29473528000160
02707650000105
05394216000100
11335609000138
00600068000101
03100255000114
07116969001143
01607284000141
12229246000119
04243087000189
27463674000189
37503992000180
04538387000195
45309374000121
30793073000149
17403694000100
11041312000160
94657780000190
24248216000139
30670988000167
02975211000175
16616379000107
27175975005176
05523736000168
01858997000188
07752356000120
11719420000149
05675296000164
04771642000145
08408858000100
32654538000106
01080478000131
03222198000146
01610517001137
03562297000177
02638171000176
08171249000171
10373762000278
05156391000151
08082771000187
14725758000100
61454880000160
18208409000163
11089143000219
09518975000180
00621304000176
00361250000157
12076680000106
78672839000163
03928935000120
90958489000878
06209745000141
11513703000130
93209765043606
15718861000187
37533866000178
94566205000182
58059544000109
41544982000160
17182997000140
03194579000169
00883436000176
16748312000118
86809738000110
04060246000100
00603128000140
20066577000103
19970715000103
79430682011329
08309151000138
27833615002018
11162992000170
04193861000194
15303086000107
35520923000159
44358067001654
14775082000150
19758023000198
79214243000182
22372073000147
05255141000411
21268686000176
53676060000195
23485691000328
04123471000148
11376776000127
42312280000113
26455279000191
25048604000139
02897801000801
05060561000108
10397114000170
14677541000163
05000674000100
12091655000100
07367378000177
03239278000104
21716381000180
25634551006764
06337087000416
13349653000122
00259244000193
10344118000190
33014556069986
02016256000112
04959101000145
01214754000107
11114284002450
84683481012264
91939421000138
02334532000190
19495968000164
12518538000171
09565049000166
21802184000183
17219665000193
52564614000442
11831930000456
24939848000149
79430682021049
10556360000128
27251746000124
11574190000177
64351273000163
02041438000143
04196554000167
80597578000106
02558157024266
15103047006512
33014556047311
04895751002975
14436593000148
18258375000111
13099553000195
06973178000103
60979457000898
92942564001648
08617105000104
26608450000155
14959998000160
09200245000137
08798197000168
00971169000199
05085380000128
08856591000296
03306578001050
96407424000306
10394030000264
34560532000103
04607602000162
96843081000160
10929612000389
16526331000108
26910349000154
09166968000167
26536105000153
18213217000226
59970624000265
05724005000180
26742574000129
02384264000111
08696447000159
30088694000121
05928619000184
04013899000138
25556051000125
09560552000129
14802456000180
17373879000110
07519129000150
04154079000166
01410618000192
61234985007974
02456379000174
11150125000114
10330411000107
04104537000152
01104536000110
06107008000138
73422495000110
00629977000172
05168629000169
25038225000320
11256214000140
27855055000130
05099209000178
66342833000149
28480283000488
12985492000109
53799748000162
04400915000145
08870555000104
05195368000257
00100374002394
01995275000175
82647579000143
08542850000204
08997810000176
27881408001903
33575432000180
05956507000218
33266461000160
03857699000107
71467922000151
82478355000155
64508138000189
13014621000176
33592841000194
02010222000110
17142572000531
10521978000152
27016518000170
18664325000134
49240104000162
13050821000184
10242153000107
24711418000175
63863476000419
08989021000193
01012151000122
94642154000120
04802753000171
06373924000110
08791179000901
35631621000158
61412110048433
15103047006784
37061769000553
02927004000145
09967852010785
68636562000160
55333363000130
13151951000103
37171196000197
11210422000108
00589066000320
17417402000199
06026707000153
93422715000113
03126994000185
83646984009247
03324575000158
15820941000149
08258160000147
90442211000177
10499771000129
06217053000145
97390462000102
04385850000106
12182193000128
06965676000104
09000817000134
70110143000131
14618033000104
00449409000190
07976147003267
04077577000152
09358430000154
46603957000123
91050971000100
00339234000168
09532331000147
09245854000102
03357735000165
26022092000102
10015535001404
10910732000172
85240265000110
05255938000176
28955146000100
73890113000183
90336215000170
04193743000186
05163260000100
33120627000135
13761215000177
12517098000138
07406755000130
33523226000126
06721559000197
03475213000168
14018827000137
27408761000133
19706711000104
02422971000155
27626381000175
17253373000177
01030685001587
14622534000164
01749750000123
01020507000170
07633039000195
03234916000102
07633892000107
08562870000247
00126621000116
33115833000157
58380585000100
01599219000111
33014556056302
22189553000177
21549018000117
02667958000166
17631196000115
81030926000121
03147512000173
54902374000121
04112118009380
13063722000137
04037056000171
11341610000175
84581404000106
63401665000550
14101937000168
10758937000346
29391725000130
07618533000180
09942679000102
18796759000198
41128406000131
72937188000100
08842314000224
12772138000198
10955148000133
03936566000118
09270291000102
72739543000560
00965241000175
05960621000130
06703912000106
09047323000105
14848015000119
20904819000190
25271628001477
15371628000170
02192932000109
90684788000195
11016760000103
10336493000199
89771687000172
14739661000148
39069299000842
01181708000159
29293230000178
08145556000188
06100277000172
12543034000101
59803197000140
30078259000116
07417628000136
00510292000102
10836845000175
11322064000630
23602860000109
27315713000109
14284064000176
07573569000357
06715470000118
20729406000117
19010373000171
36286821000183
86783636000172
16988918000120
12401908000196
15766564000107
00217113000143
05036704000138
04252799000164
16993906000194
72487473000176
69028355000195
17750022000171
03207894000264
07075809000121
09575528000163
06057223024437
28622365000177
07069427000195
02618885000112
20002228000128
04641376008382
00117066000166
08201624000189
00103788000676
13614157000159
13569064004228
07461292000109
10597542000147
07188438000194
01268270000140
08014523000107
05313833000126
12960601000125
04809898000102
56955966000137
26493510000131
05259652000169
03509090000139
17294591000150
85351427000197
17134890000127
33014556067428
04918094000133
11069045000139
08715531000172
03887747000100
05467694000195
22824348000136
03473696000161
03127549000130
41142712000122
03953176000156
04503716000162
05215132004494
14809449000100
31287667000140
55206130000177
11215638000166
19585906000143
21860878000177
94878220000166
09423991000190
06021149000133
00146963000106
00301922000139
76876960000181
28999878000100
08351293000163
43283811017982
35439728000360
04206050000180
00252521000136
12013621000199
02072286000308
00320714000187
32044703000450
11468190000192
14104625000108
17021323000164
83186551000119
87980421000104
05010522000198
10659748000154
42015644000365
09647220000186
21920922000197
02832298000121
03033245000103
05074940000149
11653282000142
40878332000198
03315128000132
03765205000156
00734442000595
19258029000368
03144516000106
68346790000103
01265523000122
23141166000123
11070468000179
24377951000142
11222455000178
35117159000175
67779660000193
02336040000134
02212937001390
11075963000170
01377071000170
11596442005209
03289839000180
27473669002010
10802733000101
02772247000151
04865412000145
05871354000125
00865028000191
27056707000176
13556759000601
14134691000120
15369846000170
04739048000177
02976002000146
07193250000134
08309659000136
34028316131208
10425943000110
01629307000119
14017324000147
35544485000169
08815482000140
03549421000164
13164563000167
03845276000169
11596442000835
41899865000119
15797703000160
11648356000152
25038225000400
00774454000110
33290479000105
07796283000179
08802130000150
04044986000152
01774644000108
10260106000188
06888093000208
34028316533438
13174452000131
02142198000173
04413508000172
25343198000137
00522074000198
09583635000133
03385003000189
05802650000174
07812406000118
13057503000145
07446788000103
02300211000175
14016642000193
34045690000117
82379538000113
09060964011134
06267505000101
01628505000168
28426117000150
01312105000149
03159860000160
03500569000104
05665097000175
25774472000122
04147613000107
30948630000153
01344751000198
09093720000113
63724207000129
20040107000170
17960090000165
00677246000100
08296798000172
08584977000105
14210112000181
09389792000102
03840986001844
82319526000101
07459203000190
53073730000189
01232872000148
