53953097000202
07114465000112
31648256000133
02641349000138
08398411000199
05197310000323
07091636000135
06312076000139
02806627000160
20129079000162
08033253002389
08466113000199
06020602000197
24997125000104
10256499000156
03393052000163
12248053000105
14096783000163
83840017000184
01015704000109
07212925000145
83344630000291
02591011000119
01571277000137
22123095000173
14821507000110
12612495000199
05390613000104
02026408000168
02194851000148
02052874000118
10920611000101
01673427000113
01978728000155
17077684000122
17231210000193
29911559000902
21921251000189
05117185000132
01369949000126
27272187000210
12494840000137
42223685000185
04486651000194
05462543000144
03439316005646
42524538000145
00573122000177
06128502000189
39346861039700
04910164000107
01175860000129
01960458000155
29302348000115
02605095000100
09074305000112
22392159000131
26071382000138
19972249000278
17151370000122
11833732000189
56999584000105
43283811012166
18341273000165
16928871000100
03656594000181
31328282000184
11942701000166
89906424000123
10475241000140
26961227000197
24982773000340
10673146000151
00443617000181
13531674000164
17960559000166
14346861000130
09064838000113
21851426000129
11600541001653
14031565000140
24935165000113
05096448000174
19097703000108
35396779000190
05137857000171
03432878000194
08780761000115
05493078000109
24643379000116
25975891000122
05957666000156
29028941000115
10834621000124
25988498000173
02446514000109
04786947000120
04098215000148
04364040000173
06205485000217
00137635000135
03122777000206
03832084000118
05286233000116
10758744000123
04214268000187
89942908000209
00547577000118
34028316409770
12808549000196
19414509000290
08100042000106
10541677000190
86625266000145
11502393000158
00641723000170
12236024000123
19708386000119
65271603000173
76430438002549
12415978000101
02902313000160
26659300000170
12166150000159
04957560000190
52838554000166
93209765032310
11466102000113
13744255000100
03845717001528
16852325000132
00300354000151
89358469000100
09448284000158
04667858000165
08508879000199
10307144000149
91740829000348
03373103000195
03004699000156
16610411000139
09373849000185
09016479000129
42807248000109
25311504000153
00023198000129
74152513000154
06626253083340
93209765011313
02727892000152
02107610000114
03445916000143
07575941000283
13004969000182
73501355000138
25018803000102
10777245000183
09193394000116
01451951000140
11440116000168
20400342000106
34997908000133
04958240000154
07087126000194
92754738001568
14127052000138
04416565000105
00000802001416
11114284004827
28412864000130
02233614000149
10651870000184
19046218001691
14357168000163
04465155000154
66468042000160
10934045000197
09296295003509
26697018000188
04220135000113
08360506000113
13958544000102
05819479000610
00924845000769
01486634000169
26883330000166
01113870000130
42590125000169
14874800000146
02387404000105
09443470000102
10281315000108
12458237000108
00761877000286
67471987000101
02377798000200
07167278000105
18005334000113
04419317000118
12152345000140
03063928000103
42232678000140
34191387000122
07202427000111
14007277000150
06350142000165
14733726000148
17344224000113
06216038000182
00952089000196
16811133000188
15230525000190
07102456000101
21864547000105
02831511000180
05703346000170
20458235000139
05729950000175
05950445000156
07666744000350
02717346000130
07016933000116
10594941000154
70174958000184
76548023000105
26169202000155
10533213000132
04705626000316
40223000000175
23150476000104
13963662000109
53682282000110
23155672000171
04792832000149
85076719000169
23217343000108
10462976000130
13347520000117
03627092000122
06164845000107
04193454000187
03638552000118
01576508000103
19820836000160
10783687000132
33250366000178
42289165000175
03772229000990
08157213000133
26744490000124
11485899000520
92701127000156
10598798000179
21772403000129
15295336000104
24696791000102
07345369000185
01727209000114
05035651000130
01132478001029
67063883000150
26159971000172
07680695000149
61585865099344
82741760000114
20431213000185
60433091000180
24635907000195
36812295000229
29653854000159
01297109000103
03264981000172
29932339000108
86908944000187
16963579000128
08820186000137
13529374000140
83739458000194
17111837000100
77095743000117
07141284001238
05104878000190
08459952000180
56795735000103
05553003000257
07133845000102
07100387000105
11498928000164
12593148000166
94477882000639
08852430000143
11398725000104
01132269000194
17072322000149
23449477000154
08365582000111
33014556068742
13348296000188
07785882000197
00339303000133
16670085019255
12441351000117
02723627000104
01571375000174
95827820000168
04436292000160
11853014000174
05469644000147
08194879000161
04802584000170
39070453000120
05831541000428
37525771001699
11406416000120
81335846000184
14041646000121
13162625000100
11457590000100
02425137000113
17910782000107
04242554000156
05989466000185
32635336000117
20917728000190
14841143000130
05555506000180
23995780000152
10577431000179
08855905000155
25307323000153
17286696000167
82342403000183
96367388000132
05812909000168
31487473000601
11596442001483
10444161000128
08532001000199
03415511000162
03590854000163
25108627000191
09304576000117
04521258001247
11975878000169
05730166000187
70915988000285
02548003000190
01756545000195
14607917000163
07036139000134
13597725000150
04293683000173
19845474000162
13676019000102
63249031000109
15235038000110
10572142000187
04059683000103
66099938000119
05533768000144
25064404000170
03977715000197
08307870000543
29537601000110
50780980000160
12941250000105
72575228000110
08204760000122
28074722000100
76371475000156
76087964000776
07292324000190
08320497000137
02709135000156
11354120000103
08882686000101
93150167000209
18096357000180
11275018000112
83053140000155
27179753001649
17737529000195
02451932001158
03840986002069
14111283000153
09417520000179
03345559000141
13509994000118
12747482000127
29962667000157
18417899000108
30645136000110
82686114000100
11625772000135
04172059000118
24138411000106
03476811038809
00535852000183
31463474000101
11412162000153
00057274000117
02726362000190
21691199000111
17405842000126
00962421000284
02985063000170
16614265000110
06272062000139
07867772000174
01643690000160
22310443000111
19538833000139
05995076000118
05308942000155
02233424000121
02051998000189
08821668000101
07903236000187
30583014000146
10953364000140
05110816000191
00776806000338
12488827000175
09355546001020
15536261000106
49146517000182
02778543000160
02836023000166
04310260000114
06158575000113
05025316000151
68805324000130
80605793000101
07198620000126
61585865134603
75274423002819
11144114000121
60740651000492
80846595000130
11209554000110
13012175000160
78518420000151
04329525000126
83488882001509
04651091000186
42101436000540
11325735000101
08757995000303
09192745000174
00792134000192
60896248000295
08295518000101
03790896000652
09156346000158
04186585000137
19793336000187
03777341010048
28852960000107
41242827000199
10657498000113
09517507000191
10157962000102
11453072000100
14955139000101
03782012000103
09195007000180
02285124000196
12632220000117
16233389001208
88153119001702
12938852000103
15193514000188
10803364000163
07754276000104
01644573000110
04185877002107
13004510035136
15534014000162
94302965000425
08300300000106
05840601000126
13128286000137
05911699000246
04451478000199
09437862000150
08036042000194
43283811008304
02558095000199
02553038000117
02314425000109
23691629000120
05673429000163
20066788000146
07598285000153
03907277000190
14861668000138
12055492000100
15353163000125
18235484000113
07214842000195
58154527000150
19253000000202
10497254000110
35123447000302
04002498000182
02465581000162
02918169000231
01436658000103
08654167000188
09242963000176
15038928000132
12889677000101
07646129000110
11474514000103
55854533000122
91292987001869
11148214000126
06056807000122
03695101000112
79863213000105
10562989000180
10959624000194
20184981000181
22204648000112
12336366000115
11621391000188
38912739000142
08861615000114
35345586000100
97532676000168
13024442000110
05067371000104
25261880000180
10503929000197
01187110000177
28880888000113
10781999000107
06020516000184
14128599000158
04141417000125
66438466000181
66763749000107
40868937000360
08272034000147
08863878000162
10422521000190
14556215000106
05904877000120
00041327005413
35567627000103
07925231000155
15587150000110
17980310000384
10276399000191
05559993000150
31277221000135
16332603000120
04330105000160
49221658000112
41204041000187
56134083000166
12866805000100
12082228000157
21513064000166
06185129000106
11245317000104
13408756000116
09411317000195
25102146001302
02867613000318
04672955000146
10548862000107
96785936000144
08935826000154
07021269000101
10310395000182
29563150000195
03015805000105
14310170001078
62808506000189
12105306000191
01898138000112
07222284000290
17724674000131
31284466000190
05802274000118
11501933000189
26552687000323
01276828000130
07227337000185
00689775000116
03245564000182
02693180000321
20482352000138
09331749000196
15757586000100
08676421000149
24058612000101
13356774000100
18235811000137
61075636000197
01993809000124
03543136000136
06319542000108
04887419000168
01132580000133
13772356000195
04070242000102
11427503000164
20801439000120
05643202000256
19795533000135
06117792000165
05296369000107
23466964000125
10888952000147
05703781000102
03174988000101
21256822000370
07285559000235
83696351000297
03112492000103
05159969000123
14874886000107
26263564000100
00465113000162
14495559000144
00503272000104
00837804000220
14994215000180
18174607000153
02492095000133
09566613000165
68933068000167
06813705000104
22730100000297
06094274000173
09092196000166
04258343000101
02314041001664
07847125000109
24336661000150
54867528000191
41794058000212
07297361000190
05803611000191
09353174000102
09629065000175
97534734000192
02400780000192
23596988000107
04933689000168
95049714000109
16682123000190
56375678000103
01390123000149
07593116000120
08257282000119
05388059000112
03376089000183
08292237000103
84704683000239
09008211000145
96190350000137
07581340000100
02207004000170
33252750000100
07775821000149
89462071000209
14011101000172
23305626000101
04354710000170
05513473000106
05406239000180
06333651000180
94234598000127
04894238000169
14723815000103
05827470000147
01443257000342
15397013000113
04896662000142
10821237000197
08751872000365
07440275000195
03369825000419
08361507000182
70189295000171
18300556000169
21447785000115
10846853000100
15641460000176
12801594000119
20937863000105
31487473001837
06343476000101
07195471000141
08337317000120
02558157037325
90336876000104
05900896000189
30069314006142
04010813000113
05099220000138
05585165000196
07783597000137
01114267000172
04774824000250
03405372000196
09665650000120
24910151000145
08654416000135
01853617000112
22851601000140
01991461002260
21303744000155
05904217000140
92935949000100
16922665000192
04363067000141
43283811015858
04564554000172
29053675000180
73491920000123
40987695000161
04842863000167
10193044000139
17470304000115
18517650000174
02605578000105
20490237000105
24705881000104
33587569000154
10578869000171
07805649000129
11440967000100
11094040000166
15434594000116
00804017000282
04641376007815
32129969000153
92013622000334
00762620000168
16898241000210
14569929000140
21734603000197
82324575000124
76969427000164
14246031000131
04287138000174
08585922000110
08314507000202
08468888000101
19001331000174
07634829000195
07176247000102
02634926001489
07053765000139
14333645000150
02817918000153
84016195000158
10288658000102
23097643000281
08941119000170
06208387000152
13784484000159
03479796000103
00896274000100
03507383000187
02343934000151
43283811004490
13109706000138
31026473000191
24700869000107
31432081000122
17676537000179
08295116000107
04745901000163
15455762000150
03673047000104
59458240000187
11773930000102
07620736000101
84555721000158
15792732000139
16993642000179
00565696000101
04082624000237
16847020000132
14524591000100
19334181000110
00963756000136
21334405000136
14469562000193
11115487000174
01891587000139
12757285000199
16501635000102
34201723000170
03373023000130
19517406000174
15690945000150
02488459000101
72632342000135
07919800000150
09091832000216
09452402000100
16052573000107
37460888000155
24596070000112
11564534000167
08039180000127
03905342000149
63584072000143
19475811000177
17281973001382
21465458000196
10682760000180
61069373004796
10352032000290
78863461000185
13934960000170
97477046000138
81326258000427
03010697000170
07580875000159
41494980000103
10645515000100
12390472000187
17645860000185
20393624000123
05342775000169
08170679000179
21910219000106
07319546000159
18210369000860
09383117000176
23272263000236
02050448001117
23549030000157
19579892000155
38057139000144
05084110000100
60849197001727
05806959000132
00906649000176
67213454000111
02510859000419
04569837000107
01864469000131
86412202000166
04441417000140
00043554000176
05819542000457
10465175000128
03568439000103
07256615000122
05914321000115
17932102000148
31337298000153
92012467004671
04857276000141
03963160000124
24351892000133
12909962000147
01992322000127
11311184000127
06145117000140
15363682000174
07793972000120
14801777000160
02268866000103
03058862000163
04111497000176
04421609000195
03589581000137
04252216000286
07196193000147
04307887000205
46079695000140
00949764000128
02340718000152
20758851000105
00520019000169
10842853000124
06078914000151
65351215000100
88212113000100
03398791000148
29275106000180
43283811013219
07210362000156
18129949000151
07877753000129
09408596000138
28752913000183
09144719000170
10274577000145
00066716001678
04346593000284
25424482000138
10015082000100
17186487000141
11377706000193
00070509003630
07126896000107
30187483000146
20655018000139
01937635003106
15913163000132
10613024000170
06334365000139
09541651000244
21035406000180
05027898000105
76515659000142
15465884000127
10371668000107
37098001000120
05363754000120
19740085000172
16834821000163
31711787000123
09077197000131
16790639000158
07182717000140
22991939000955
84557263000358
03712368000170
18809822000183
07910211000100
17805572000302
03411421000101
07552182000152
03278714002440
89472294000168
06979445000141
63767206000242
02731763000138
03104756000179
01948562000124
16852550000179
19833438000189
97123822000100
01424802000191
04530110000116
14936231000116
02802001000185
12350910000183
02921768000123
24556839000179
08772248000182
32049256000180
04855220000158
60537263006792
04799667000157
09373609000261
07928887000121
37525771001931
10332257000102
09351823000136
03771205000169
42225938000311
15416241000193
44275568000190
22852594000100
03613697000164
39413174000111
00274070000138
12063674000114
18357810000165
15541783000198
14478674000100
88083985000107
26472875000180
09170657000171
11975443000114
00909409000125
08510133000110
02803608000260
20706750000190
25053861000240
21044523000100
04175476000114
05624684000116
20599270000178
64102643000129
03705630000230
11459071000173
28774735000191
10448169000162
07629826000163
03250499000183
24107617000179
17536612000104
22688303000777
31295702000173
04485076000105
23070127000182
04627717000119
04059619000122
10964693000196
06905966000154
08838176000129
79359188000119
00905649000232
20450727000188
03196128000160
08642336000160
01297703000196
08612412000194
11442146000103
06339251000181
06280334000142
46195178000136
06038588000159
50970342000536
18294761000169
23400115000179
02929922000103
09186068000181
61239430000155
10704497000263
12091959000169
01303152000126
06965015000170
17302518000182
01183645000331
33402892000297
10960902000123
37569449000185
01580769000199
17868490000145
06234628000138
10362206000115
22266837000110
03207894000426
15756860000127
20361336000197
07838735000138
90763590000105
78521697000133
21647811000159
05997632000195
05424429000120
41078866000283
03798401000127
04566961000119
07671166000189
08647088000140
45543915055326
03046740000157
13404804000106
03544113000146
11522747000126
05247230000173
73745945000106
07944100000115
15531836000190
20384215000160
03514156000189
19780484000167
11934958000176
11293827000157
06015103000292
11535748000105
03914189000116
04887449000506
24580557000107
13285839000165
34448811000171
21125895000160
13338264000100
01541064000162
07857572000130
04342148000246
10267513000117
18082337000150
00090147000110
13783138000156
32772894000124
17202583000136
08056133000191
06153681000295
41436015000184
09486115000102
07966489000108
12327130000112
20620274000352
15606992000172
17986368000173
18492406000102
41914342000102
05385026000119
05983443000163
77044618003870
08197731001071
12731173000169
04103197000145
32043069000199
76469519000185
17133313000110
05738127000126
07421078000129
15100902000177
16562710000145
06354669000249
33241753000148
15753875000131
11583810000134
24185522000688
13803842000123
68765114000166
08609894000123
17281994000245
09047687000195
09685521000366
10908447000117
12230369000170
92354463000170
72603814000121
11327512000264
05531412000171
09667228000104
06142901000102
02780733000111
11851633000120
22920404000136
64527708000188
11109798000120
24062804000183
13004510019521
17056390000114
02157984000144
23001545000118
12608909000106
10319637000107
11248625000193
21804089000119
30194698000194
73927972000108
00560316000138
06157014000108
06224121000284
01077320000102
13324145000190
83773457000166
39346861014464
58662446000161
07299877000174
02472105000179
08517076000109
10579395000182
09151918000106
84429810002010
11143886000149
08926473000550
05197310000161
29368339000127
05017585000176
08810573000192
08833413000169
14902203000188
68835107000193
07067977000175
04054313000183
05660499000187
04796124000186
10517636000169
16877208000123
76472323000140
04907809000152
07814681000170
14503672000124
03618349000180
02504396000130
12773666000161
20599866000178
00306597003899
26473139000146
03966019000347
92716653000190
26717744000115
00583615000198
68690551000168
03327688000107
07032529000136
12803740000145
05683523000101
27176072000140
10973707000138
88212113041043
11698821000160
10767551000139
15025329000184
21924288000160
07382839000180
13301561000172
00176377000104
02012862003509
02325675000489
01765516000190
04790966000120
02951234000140
02896671000701
05783197000104
04817197000107
15053294000197
03234670000160
89900567000551
17256512000205
04586903000157
27207182000122
01559046002402
95433397000200
04225717000192
04112118008732
13342384000172
01676723000178
14488614000179
04142284000101
21900663000132
17506377000110
12337944000138
26179596000122
07942414000189
04944541000129
10878448000166
05012786000180
01587856000178
21264229000103
05064564000101
06037348000130
19987844000104
10632771000155
32473035000134
25680818000123
17902270000190
93489243002240
05274865000160
21878386000109
14255677000185
03908924000189
03518732019185
03896122000872
04647226000130
90150590000121
16480008000132
00293343000272
07094917000141
60537263103569
02181288000173
01315468000138
77383404000136
02692821000161
07797893000197
00129608000110
08889259000147
11146526000109
17861109000116
08818475000100
04791310000122
04376803000104
02522536000100
22222097000110
24008186000193
24380578002556
03981685000192
13801661000168
04559069000100
28945400000199
05803130000186
12444939000124
04137173000107
24206617002846
03629248000104
93038339000168
71447346000180
03481475000135
00584033000126
08603562000565
14481467000105
04301170000167
01121925000153
17791746000163
09165912000198
03060562000119
28819902000173
07666248000135
19353815000182
20675006000176
10931544000120
66547001000169
10273774000140
09353780000128
17300933000105
02000406000108
13824090000187
34028316075111
09456992000130
01432670000816
12683324000150
15493246000110
06057223004592
08746955000102
45452190000388
82133133000109
06989403000191
04578353000124
33767716000763
00948163000281
13323263000183
05833821000122
12657817000116
07243459000165
02858372000260
09172323000137
18642967000132
09401961000182
01768854000185
04356676000173
09403315000154
02168202001225
28950581000141
14693305000130
27072396000139
14543692000129
01371628000166
27371835000104
95325288000180
29459843000213
17496789000116
09911972000102
10226348000155
20822830000101
09159056000168
03633796000108
07478673000109
15607434000121
08753794000176
07887489000104
08026787000172
30775401000184
22648901000127
04241369000147
41013012000138
05571474000107
12937325000184
39346861003349
72911837000284
02912377000142
08394192000170
02375018000101
02737636000146
90312752000342
18978292000105
02818012000234
10463007000101
21920482000330
12371341000152
10781375001242
05402707000148
07689207000164
09325919000120
06014660000108
07785201000190
03225538000354
02830497000109
05590841000110
11448390000183
74386137001304
10640071000102
09337426000100
12159814000152
35691443000150
06072261000101
10190075000136
26422486000140
06051590000168
02602390000103
02902195001324
02689246000148
21439874000209
00103034000101
06923637000136
80565724000111
00430061000199
05253247000133
15219522000318
24534590000109
92587369000160
16509878000197
79316717000105
08395838000214
09070975000160
07205820000169
02947844000331
07646943000135
12636169000111
13252612000113
20963340000125
12040255000167
09483486000130
16618910000172
02715875000103
07930803000194
27324240000106
10376103000104
82889213000180
09642219000169
05961368000130
00948029000108
04596023000161
10523309000110
84429810000310
01973242000124
06991447000156
04012632000126
10615572000139
07314140000183
07314547000100
05492088000634
07812023000140
07957854000100
04592003000112
11730253000137
03839230000803
27878792000158
10552934000190
10591963000160
16988524000253
09814782000177
45356656000180
21672183000161
08096856000114
10408272000189
10601535000171
01431992000174
14252044000113
41448200000199
14299439000171
85878346000220
20548142000103
22667664000141
15214265000160
32032542000132
05466697000104
74274515000116
15666173000110
10673213000138
08968475000188
11132913000188
02670596000162
05207843000187
08133785000182
73591802000197
18477774000173
00509611000160
04229531000101
04389545000192
20555389000149
00983786000104
28423565000109
08127060000262
01643197000140
41800889000330
07423306000108
05077111000110
28023056000180
07080558000173
20195951000170
84641331001091
20676474000165
81713968000167
00082509000120
09610966000115
02705808000108
05488969000177
00779884000124
29257674000158
11209924000119
09317101000165
18040584000194
05759395000124
03476811073892
04083148000198
17490067000154
14738788000142
62786561000115
15625210000142
04526947000191
08762514000196
16899864000127
23125581000193
14755547000101
23763952000162
29907869000104
15323272000108
18207436000111
03532991000141
03616971000159
04091956000105
10956765000153
17245317000271
28337194000134
09593877000108
05652337000105
10455600000106
12694856000193
27609221000118
10321159000161
57032427000199
82369034000201
17737101000142
69025120000140
09164996000145
04429549000157
84020817000111
07113088000105
11491374000173
04358063000175
10408258000185
61585865172360
35830926000199
77036804000175
07822853000158
10525945000180
00370714000191
01923367000140
92663913000297
07607507000157
09605137000144
75400218001961
83646984008003
05843139000110
24822388000174
05256036000154
08701019000177
08281812000164
02787186000104
79379491012351
05662861001554
12201512000103
00072522000107
06152083000110
25431016000260
61925632000150
04820036000172
20413243000169
94603651000110
16728896000160
05127344000180
08806936000205
13705807000171
23837735000170
09240043000119
04899316017940
83821793000137
06347409027950
06192888000198
09656392000116
04264748000152
10629409000125
13424497000117
27586873000184
04047753000103
24073694007915
03280066000170
15233286000122
14958789000100
11274061000163
21410397000160
77883320001052
07552547000149
09187193000106
18823524000148
65381113000120
11164220000177
17688784000195
00154642000226
16010431008315
15747772000169
72328883000174
04548553000134
10236954000232
73568180000267
13557419000190
40945461000151
01890706000139
07494318000115
05908780000196
00717316000107
57650327000126
15598942000190
24893398000109
75274423002304
03002339003483
13247756000181
00023058000150
78747011000127
01722901000150
09461639000300
10840716000150
08474183000270
02928458000130
32816753000166
45107620000162
54420625000212
03988610000133
73730129001362
00886392000138
82647884001611
05286024000172
06095294000401
34233431000110
39240114000144
20143236000194
10372540000150
06031400000140
06839476000105
04839789000120
32876542000119
90347840000118
02954006000123
09115740000148
12607430000155
02389027000143
13850869000177
77186195000130
07068319000106
34147157000166
02553421000256
76494525000192
08613154000160
19969893000106
17066756000136
72602550000191
69392991000100
15333779000134
11978608000101
24944076000133
12167054000125
03116988000147
02234435000126
14622930000515
19344081000175
06110817000280
82647884000569
10944781000126
12639927000155
45242914003201
06306676000194
08274692000178
22188196000122
76430438007184
04572854000101
07508630000110
34028316197659
03519272000190
01195974000130
13323578000120
11277066000140
11234969000143
26991067000129
05993682000102
55340921001167
07000345000194
05197310000242
10392222000150
05146542000190
26382697000104
08229861000158
11327413000100
00886721000140
78635406000138
08375205000163
04585865000118
11982113000407
29713420000105
12247707000186
16737704000181
02885415000115
05235617000100
08983070000119
04092892000159
08794931000110
04358816000142
13638115000158
09472669000150
43656073000149
14271508000139
14636181000151
32800062000174
13698068000138
18555541000141
12187261000141
08755391000166
15649924000190
26875406000101
03317975000489
07121425000106
03282495000187
17705501000176
02884394000113
07353947000206
06626253075674
02750419000196
02907030000101
15097129000137
13076293000132
13080354000135
07561012000134
22111051000123
17607303000170
09402471000109
22949709000170
84889997000172
65548331000106
07708078000104
11030816000184
05369142000144
52274586000186
04832449000177
01167747000100
04606010000126
00986768000186
08399585000176
32423612000183
10522428000158
11815216000121
13501187001040
17272696000108
13176963000192
02919632000189
51354074000167
09466365000180
01474379000134
05451897000193
53086617000138
03581541000149
71189906000144
07830211000109
23981936000146
13721589000169
13113355000139
40793960000170
05889992000173
68795509000101
84683481019609
97470314000190
27179967000139
95860367000191
12606945000130
00696260000143
10934389000104
07778576000123
22866380000184
61584744000195
17008558000116
11194970000191
25344917000134
04951813000118
21388574000159
41462672000104
04193879000196
04729515000188
07458628000184
