09290674000142
09129104000175
63578827000105
02731476000128
14536781000148
08331596000114
12764613000184
82060922000159
01486101001159
01759113000138
11086691000104
06759858000110
28144616000155
15443466000139
04968093000101
08695982000195
05583773000161
04219324000176
31394206000177
90042912000119
08303434000172
02372552000156
05958014000136
08679498000172
15593158000190
06145764000151
13941378000131
20597958000119
06658439000192
02424403000193
04585612000144
05325834000190
07395889000100
11506771000171
29900917000124
17715318000151
02481107000124
22763502001936
15118562000101
03244784000191
78655164000144
17561233000166
15216677000139
03989849000128
38694717000153
02441128000116
18023988000170
03975905000175
14362333000175
05701785000143
22453858000144
01639744000466
03127746000159
10839288000146
03449385000167
07303225000166
11606954000169
27114309000169
11432128000140
79835716000169
01765559000175
05150821000128
10584914000109
36400133000100
63438972000182
08417470000167
07404378000108
26752764000127
20641559000108
11165312000171
25235292000172
13793415000101
23409312000159
00078372000130
11849282000112
28518900000144
00771491000174
05565525000198
08711971000151
78309242000159
27135989000105
20256091000138
11693437000174
13672254000106
06272062000210
83001867000199
03083874000148
04904327000149
41930199001882
01630788000263
48406623000195
06929034000141
24785234000150
07760047000100
36902971000506
13345814000100
05889170000516
34028316859970
61585865129863
01719742000134
04881257000746
19972452000163
18716676000141
05478033000165
08648085000120
15225759000140
07368999000175
76365220000180
28372407000169
16733273000185
11317199000100
23859539000104
00871573000190
47508411168685
18571855000138
04879612000319
09636946000113
07240641000910
05790394000142
03164493000193
15179532000105
12665684000120
01024991000105
12072968000102
08699328000150
07317152000404
02512103000166
12329882000112
44740967000185
26128088000115
10909753002898
06697576000640
10520825000190
02217515000173
31318314000160
25736596000113
26422501000150
04724715000490
04121593000103
10844775000105
70041934000157
42359984000141
35950310000151
91937979000184
72093669000186
05552589000154
10317500000105
08348589000125
24886582000113
10430012000100
05078836000122
04174501000145
05814296000106
12963796000167
15307842000168
29219814000101
07868912000200
10912483000154
04589190000185
15108047000140
07274847000103
12100752000103
29091006000101
58744814000110
09072520003280
66768995000577
03437784000108
07059831000188
04780565000270
04899316027822
05266599000123
22862569000107
33041260099519
10535296000107
10743263000144
11900543000181
85007326000101
01739775000146
05561973000113
03876585000104
17469701012779
10625951000100
64195886000159
16175788000107
01087607000113
72908353002220
08104631000162
21273932000188
10639974000173
14203710000123
20813462000135
11826850000160
17067259000152
29959249000100
10811130000168
11439748000101
11215653000104
13676824000128
02274662000185
04104942000170
26107604000125
06983056000190
08716546000155
24199312000134
10960990000163
72159924000146
13804909000144
07832938000117
17256512009172
25885393000350
79444717001588
30866717000181
32919896000101
10926954000183
06270620000127
32420606000172
02807255000196
02741174000211
20311091000193
08470836000161
04812381000164
05418745000199
17682083000149
09454045000100
11479335000150
05679957000120
51665289000107
00724959000331
29501624000174
34480186000145
42591651003169
21762454000170
63771364000195
07843688000110
82652710000160
05541514000178
14427137000212
09538713000340
30944770000153
05776592000151
21973869000192
79964177001482
24493251000113
12981721000290
32587015000194
20009675000109
31687346000133
06874001000141
18070515000123
05102681000112
09240358000166
07313564000123
12423490000118
14696341000158
04227810000136
34028316410271
03564438000190
09558119000159
11112466000103
27284598000144
03768982000154
07156880000139
08087376000197
09177392000133
27736511000122
18158860000113
14727628000106
82563891000159
29235744000177
21025118000144
08904384000189
07296540000103
00057294000198
42387332000110
82667429000100
08403578000877
08582985000112
15865114000171
23263987000132
00340740000177
17746258000134
31995826000161
27034436000158
17314329000634
07358093000170
02898749000123
03123431000133
17183039000194
06626253016074
84032366000132
05845699000104
22311130000188
06345281000109
17325709000160
10964541000193
83587840000120
05274811000102
13099190000198
45543915031818
22758817000166
05382938000137
20441023000149
04979169000196
26559302000198
33059742000141
20139458000133
08411214000162
01896472000137
02683507000112
09399076000106
16935460000141
03381699000175
17949457000220
18277071000100
18911900000156
21580632000141
23776359000150
02066220000143
01411908000150
18580462000190
25080469000109
05117994000144
71459986000100
12587674000113
19376730000110
06057223032618
79115358000543
18366425000184
05416324000129
01189564000187
10840300000132
10538911000201
23848959000187
01548509000136
21004354000184
73438590000102
14484440000176
04554066000184
33089368001360
33014556069390
20718872000105
56121304000161
00435390000122
07234933000435
07649644000154
12136416000110
84685734000575
75662791000114
34100032000180
04540453000161
02753327000402
12044927000102
12437199000107
15436901000106
12892005000155
04705143000150
01690622000151
17805488000127
61412110002603
10773623000150
15898570000118
14803472000197
14697547000100
02649670000169
81551103000141
13798528000108
03610549000196
00332511000100
46912515000169
18401584000172
08176376000163
13015896000205
08847491000112
08472202000148
08518035000129
09641208000164
02486455000194
16277394000160
15724159000207
07364183000173
06236369000184
08193944000134
00668536000180
05995737000105
00805468000153
21100656000156
80797350000160
25115614000140
19732754000164
44737484000121
01203607000131
92665611016502
01666158000168
01132478001614
00928101000127
17075376000168
07455988000122
02418442000188
70424882000106
33014556021274
80430747000119
00143233000143
09646054000101
03514156000260
02389711000125
03771031000134
02870994000122
12980531000177
37017399000123
01928075014079
10309453000158
02198117000157
17658996000120
07445749000191
12718519000199
11989342000100
04924002000128
05932639000129
01077777000117
09151675000106
40610578000184
23834814000127
01477175000157
10295293000135
37432150000508
04179528000120
00949164000160
04351006000164
93077030000187
10973770000174
08546639000189
02892509000111
07425595000176
08430170000118
20635076000109
65069593000279
17069731000196
09522151000184
00913274000333
97197933000152
05485896000160
29442612000116
05858244000123
41205725000101
46899001000110
12275766000168
09402630000167
14916822000121
08560887000184
62954276000166
09152838000175
05577855000101
12040485000126
13334964000118
83524314000110
11965325000125
04362069000116
05291506000110
05445842000170
31780992000302
83206193000169
07686894000164
22076919000100
00327248000242
60872306012338
05780473000172
09197203000194
15276860000120
04223366000180
42932715000122
72442882000156
03831199000198
04928815000196
17024103000194
03699397000140
22758530000136
17865733000191
01670391000114
12035646000193
20481756000107
08454810000120
03674348000314
03682962000166
09197162000136
07527653000172
10979843000135
04264983000124
92369719000112
05743921000168
07085669000172
14485829000217
05522712000194
04219621000111
00109693000155
09298259000569
82805920000141
24440901000162
77752293002301
75154641000108
90065426000116
23270289000164
37525771002237
40263295000294
67058370000150
04905356000125
30724083000122
03386205000145
04641376014781
05115613000198
02064763000121
17890980000148
33438250015270
29602356000349
72244866000159
32484528000170
63702476000194
16000572000100
03277303000144
00128891000166
13835842000105
00048744000186
20373828000100
14279738000144
03042701000181
15291398000130
02073235000139
18275169000110
26723734000192
10898176000166
14779608000170
91142828000210
02744332000106
13716143000146
14901559000105
60537263033250
04050120000154
23968563000173
05509726000178
14365263000109
03660128000331
08223587000100
12549817000100
13004056000166
09380678000111
31709769000107
01976165000166
09160226003905
09018189000114
07261103000154
03573717000110
27826543000119
19807208000145
45463338000118
13067247000177
71173744000156
21473695000107
21188266000180
29745873000105
12958694000153
09548709000109
02782460000144
08266510000206
02544989000120
87378428000150
77968998000147
22067352000105
25068255000117
09349591000181
16973055000118
77752863000140
04614908000146
23902014000104
71229397000136
04300453000194
15000866000170
07195550000152
03183044000192
33014556071530
00716468000187
01534294000102
05442121000107
26078329000169
10444161000390
92040815000112
31460207000172
03271218000179
05819059000120
32797391000103
07747070000157
04236289000101
13259180000172
11200418000169
15217641000170
04629370000143
02341455000104
11201972000160
19732877000103
06074669000104
36497378000190
32144917000156
23429546000168
06246900000108
03814894000141
17177955000111
11813973000166
05910417000105
19171874000130
33869736000150
15084287000152
03264443000188
11940226000199
45543915038405
13535677000176
79166633000124
71402101000137
05565335000170
02886143000259
02301891000141
14689770000106
01120932000130
08243603000126
05545645000123
00615678000189
76610880000180
00818913000110
02457732000211
01489600000128
22881858000145
19311994000195
23122344000179
91848614000698
40576233000151
11444131000184
18226560000124
94967759000191
23353830000106
12613208000165
53558342004347
09523508000149
06000612000160
12669479000132
03549925000184
23770418000183
20220198000126
00272662000110
09568001000101
05568526000196
06701742001011
35123447000566
20696491000164
05664944000187
34538850001131
17600625000278
01025381000126
11440074000165
26792069000199
09023919000175
17277969000107
08918806000175
00341659000101
18704943000160
10420241000143
45543915031060
10286483000196
14626996000150
75515858000198
96735329000170
10928767000139
90701236000148
94050259000190
05729222000163
19686565000100
14348938000101
92907955000145
06351105000171
00988329000102
22020471000102
16974412000162
04382727000131
01032275000501
09093911000185
53883575000166
09587393000156
09102509000110
73621591000198
13823088000193
06230410000105
13974867000190
01913360000147
00264382000160
87723417001132
21870176000174
01252899000100
02012862002537
08433196000110
05402099000171
53546917000152
00263811000185
21566668000170
22517021000111
05595511000117
44922318000103
15281231000198
20854374000181
02662809000104
13097356000137
03291274000418
06989113000148
62049796000124
66921602000190
01503458000126
21484581000154
13004510026579
10845228000136
18250008000171
17153839000162
05583664000144
41803594000156
44864296000164
94837572000173
61412110054328
01480048000107
10577102000128
21400458000108
08295316000160
15129349000103
13810289000156
26552687000676
01101936000171
54360623001095
10779165000167
02790621000141
19407040000180
03812418000191
10966061000161
10602507000330
04479584000180
01458549000197
03424294000177
17741402000220
10757317000120
02610489000149
54975123000177
19657723000196
23843267000146
27843077000180
13193184000103
96801188000146
06288664000184
07556052000198
19690357000177
83817858007000
12559372000131
07737554000387
16721075000100
01029520000190
23725013000123
25649674000142
21548149000180
61506036000136
88212113019625
17830378000115
19631594000167
06052476000152
03193250000183
42363077000176
09106229000180
28416105000145
04908253000119
04738757000138
13610714000163
08938611000197
05164045000115
14760585000152
01739141000436
06866424000110
21944114000160
05344399000141
03404239000115
01711655000130
32253973000552
22637572000119
10398533000127
13113477000206
19222806000152
10957491000117
77508059000110
23171132000181
02069238000107
05668927000118
28691079000163
04283777000161
08723029000103
78909603000106
41441833000175
09143958000106
04371905000129
09320499000199
01380994000181
02049298000150
13004510026145
11681364000109
05013162000188
23917679000183
21008623000180
10360134000177
23180664000185
96820634000160
10859301000129
48427926000194
09273777000102
89618532000109
36932978000139
11976117000121
46379152001209
03640467001590
88758685000180
17258578000145
23743074000113
91291286000167
05493506000101
01153569000150
01691433000101
09626863000143
05241988000102
01793783000170
04399282000100
24231008000127
24550559000153
05396271000121
18329129000103
46211157000167
45519055000140
04968129000149
03395106000120
06059008000100
41272055000138
08228010000271
04692395000191
10885693000109
15656417000184
05321394000101
07396524000192
14805309000163
10637347000101
05610041000385
97377493000115
17487712000180
68244953000210
81588071000159
17025238000174
07626206000251
05656134000189
07341833000165
27521843000190
30550542000107
31289689000140
02119972000125
14739500000154
13576990000152
03874046000128
17836847000103
17338164000126
05330700000168
12894193000150
93015006004453
03725764000132
03685625000122
05413258000133
09455172000124
88212113074804
17183065000112
13955456000157
33014556032551
47434295000178
38957510000124
45945409000119
34177030001161
04478936000183
00033613000125
24541778000176
06887668000502
06252661000190
54161559000122
19363807000117
26654951000178
15536763000129
31628530000102
20963269000180
13972473000100
08534583000142
08139705000104
33402892000882
10450735000170
04855659000180
13019127000102
20815553000100
19954486000125
11279535000160
22298100000189
03485407000144
05979164000126
09513411000155
11699339000144
28569325000109
06250527000150
13147559000190
01194029000114
10409016000106
07415012000126
09088002000159
00993508000138
08912254000198
07661064000182
17741548000195
09589176000103
10586548000119
89624936000105
84866342002475
14482073000171
03045105000155
19326059000100
05790840000119
04868379000107
14481635000162
08532898000150
11459403000110
22432043000189
19632116003197
03141971000140
10318412000128
01488693000176
00828185000127
88740394000165
82504812000139
17043090000109
28094450000100
57508426001220
08857104000129
47004320000183
19274959000143
08784095000193
10423327000120
04185144000110
25453279000190
27195650000196
21139103000107
09530310000192
43283811015505
72585227000157
81900300000129
15773209000165
07200348000171
02546429000104
27347244000100
19084169000103
13173994000351
01461959000197
82900713001067
07123696000192
17265573000140
09453522000113
12930084000141
37326352000141
33657677002604
20774804000155
06312331000143
02870926000163
01609409000172
74650276000151
07143938000100
10809213000112
11729029000125
42301812000117
01352963000117
08800667000180
10614781000168
19252656000120
33764309000107
10778132000879
18232610000186
19350180000160
07414291000103
11233761000100
12996651000162
20495149000287
05314540000163
79146742000503
05781041000186
24606440000155
02956576000152
20911956000152
15066244000144
02755293000142
05584295000295
07435850000161
00196901000109
17528802003278
04970934000107
10438005000154
10749893000126
07362452000162
23720808000149
14300115000106
37137544000100
03486705000159
04877227000170
29387610000171
05217419000547
29967312000150
00452620000161
94069994000146
07840472000100
23659147000193
34770685000258
11437080000163
04298610000174
11596442002102
05924085000118
05784961000158
10931095000110
01883744000164
07730951000165
69150282000100
41521733000159
00745756000160
03339821000226
04902165000100
57952509000151
10493714000132
12420240000124
24744302000132
17564876000163
12436980000159
11096925000102
44581056001558
15372039000107
21216814000138
04095635000170
12045633000103
21770011000473
00087806000169
26786657000110
05109336000100
20737974000160
09174650000128
75274423001251
10371690000491
17256512000892
15579481000109
03285204000104
19030519000140
12660974000180
16757258000177
00760658000100
05619080000181
05802658000130
10456695000174
02161728000120
03979365000289
03925900000138
09036624000133
06057223021845
01364846000173
24412606000100
06222596000150
00109283000104
17585957000140
36542934000100
03995288000170
15839264000100
18471209000107
04976718001817
13297576000104
01797765000167
26484154000190
14981710000154
24507003000184
20493567000154
52449287000135
03840986001097
05554513000168
03594830000182
08159960000100
07364048000128
14792624000101
03433188000230
00698974000190
04591477000140
05805755000187
02549122000167
61141651000196
08542434000125
01928075000523
14730481000103
35132091000101
13134432000137
76008150000103
08775400000180
11951173000101
03906143000155
36902971000336
09666234000147
21373308000152
04056787000164
83008292000136
05365839000147
11922108000158
22808090000184
23254216000189
82931551000133
07851907000103
90074105000420
04097437000146
17323506000134
04439617000169
14744157000136
82808031000308
11024540000121
53693560000135
14762648000100
00201828000108
05848852000157
23245517000146
08512610000186
21342795000196
10347965000109
19542758000180
06302678000105
17698076000135
08899615000103
08696658000272
17834009000109
18611534000110
03648818000103
08458947000314
09502383000170
25736521000132
09034268000119
09413001000132
14767833000197
05876137000128
17592371000102
20316277000135
77752293012366
13166317000144
02716308000163
10860721000125
03928633000900
82489741000142
25759283000342
83762641000100
10491465000146
13517123000146
04858869000122
79115358001000
01061070000112
03564063000169
10775854000101
10698745000120
63064166000191
40317794000136
12584274000154
76071794000146
14006408000185
05220364000109
06172020000126
04116874000160
14238932000181
12636131000149
03188881000104
07190237000121
04816186000102
10790288000107
12220338000138
14673826000126
04921719000116
39508023000902
06007033000140
25102637000110
23496359000105
02968050000273
22397806000793
26636824000146
02251736000168
12954892000149
13646459000109
05854877000163
03525787000101
26840579000194
20809612000137
02800690000199
07806799000157
04680881000190
07272825002662
37423175000111
35484351000108
08470634000110
23738522000190
89237911012408
63351118000184
04675862000256
83488882002076
13174467000108
08018248000191
07548854000156
88293873000180
02078194000173
03134719000103
03079732000379
13226553000109
36575298000105
07163332000136
01513007000170
04717761000110
00390636000197
07259881000109
07847995000170
02070517000182
02219381000120
06907277000189
35396779000352
13799803000108
07773952000197
17392158000157
08645895000123
02695887000105
00083406000185
13240563000107
13712094000173
28609199000179
29494796000168
19375491000183
07358980000148
06031707000141
59965038001032
11501439000114
12166180000165
11357120000167
14744365000135
01469265000104
08927463000105
01536085000351
95438412000114
07178416000143
13483704000104
01004788000177
15712900000139
06353500000193
11275992000186
13440556000140
28138113002200
26701243000302
73849952000662
08442653000132
11662138000504
42397281000108
23229884000156
24597079000148
10596365000184
05539063000134
77749323000107
20895701000143
24863529000105
12009359000109
96418264007141
08017747000164
79576237000175
64677370000140
43283811017397
01632767000287
02633072000100
80758113000190
12430268000142
05652844000130
06855466000155
21543401000168
02947050000106
14087165000157
10624409000132
89753826000135
14027295000102
96785845000109
21592080000191
14758055000170
07973107000165
34028316409427
05956494000104
32072498000275
10458779000147
06957355000150
02965102000177
33640715000168
95408589000178
11172466000190
05575138000132
27649771000160
04980988000153
01394699000184
15013549000198
00428234000134
06207223000100
03616124000194
13104799000108
06158664000160
02328550000160
11041455000171
06123415000139
20420950000182
02515428000100
28663094000106
19046218001934
90049701000370
00084788000161
34028316760680
20974683000195
03373590000196
08883187000120
13337951000100
12988127000140
63503007002432
07794508000158
26747708000102
17272550000162
05997820000113
08531076000155
02850217000116
02138031000139
22325578000150
00815240000144
10975110000122
63401665000470
02668607000170
07431049000148
03415356000184
16097654000115
37559838000120
15003622000140
24320741000118
05505172000130
06924992000120
07848501000171
00251450000157
09652939000105
82972068000105
50930718000155
09674510000119
21056639000169
68975960000100
33214271000107
11865328000197
10356414000101
01093636000198
43283811008134
10272533000186
00447821007850
01440109000102
04795349000118
11728128000354
04519644000141
78245859000158
01038423000163
00557556000183
02492726000114
02558157007507
17844211000103
07427841000129
03246792000681
24207663000140
87550026000191
35208008000475
21616418000106
14596886000192
04487818000131
61585865003096
01961784003100
05766828000179
09452854000183
14085887000172
24466825000164
01727553000103
00801374000106
47508411024764
68848977000105
09224309000130
17264078000116
09249912000338
24070768000108
19968263000117
11610308000175
03795469000152
08980641000161
42206466000198
09506761000194
13616035000100
07887489000295
13473252000180
08573888000163
09124661000101
29253283000165
04035822000169
06262966000264
09068692000184
11620528000180
03552246000164
11610058000173
26397166000187
97341416000105
00892108000136
11549482000583
79632519000142
08845439000470
03141915000105
47253745000550
10206721000106
13051633000170
04652489000137
07512875000111
20489307000105
13065488000187
11206780000147
61585865137106
09175197000174
04602361000169
08673697000173
10781240000124
12541664000147
30571749000150
08736066000156
10885069000101
08545925000120
05909705000140
20807906000200
09042463000190
74167347000160
02062341000117
10873711000124
08799288000118
01008375000160
11733466000112
09399095000132
04877666000183
05088992000174
02229221000161
38523890000199
05436497000109
07509062000172
18906602000178
07690468000102
08179284000137
92784537000108
20352678000140
05608142000150
00943677000163
00533191000157
01039453000194
00273920000183
09263362000140
05359780000184
08414743000110
09328087000103
10337646000112
01195362000148
17315031000134
31487473005581
13848104000100
90146747000145
01722901000230
11153938000168
53440939000729
01856327000122
04136373000145
23382972000193
17112586000260
05806978000240
13797860000140
83215152000139
04475301000122
73280893000140
09204650000123
13627407000195
71148035000110
90021650000106
18275274000159
02838883000139
14745615000151
20430845000124
10438449000190
09256770000174
15809915000110
21790266000155
05219049000153
11500582000191
14586824000108
09302517000100
84848753000141
04522177000109
07911629000132
11967708000132
08391306000128
11469886000133
02571322000116
61585865008055
03085565000107
28925631000130
16873226000137
07817772000160
00684375000118
81189151000131
01111464000138
01869728000460
60537263019428
19463704000129
05785995000167
18060525001150
06174232000142
47508411244535
76841279000106
05840860000157
06814684000141
24099731000102
27716620000188
29341681000133
19275135000198
10868044000191
00149281000149
11599921000139
08652856000153
23833534000102
13328205000223
15633040000148
01648507000119
11502076000131
01326942000127
00960036000117
04030913000101
79379491005657
12104125000140
05203653000191
11590650000150
00612612000135
03753901000142
08651629000103
39346861008308
00470601000168
16743285000190
16927773000158
04786183000173
22749064000122
09112346000156
00695803000108
15065907000106
03611433000171
35075597000380
11874759000110
02004027001079
59617282000113
07087568000130
17111365000196
71328298000101
26726170000141
07806762000129
07712907000122
93489243001511
07014538000102
27645286000119
03334384000177
22086258000195
10317290000155
06250809000158
31445230000198
10608642000121
33014556032632
16896249000167
10808155000102
08208387000420
15470422000106
01063099000133
11224320000141
47564471000277
09480223000178
07588066000274
04079977000105
22896329000115
07769031000150
07139770000169
08162013000179
18227912000166
11647880000109
61549259001667
10588530000156
02530634000181
17468220000147
12797685000128
17304095000300
16998818000185
20039524000101
18994767000149
07125030000173
19886999000146
10528565000108
13249996000115
03569947000106
00688886000108
21246940000135
24938561000102
03750414000126
79434999000137
04211394000188
28180590000109
02382578000185
00974660000254
00104217000141
79756748000179
09351984000120
00691635000182
66568734000180
41846197000161
02935047000172
35820448002341
15709818000155
81193534000183
19685618000160
14062627000181
02133484000172
83402842000105
10383414000109
09447702000192
13938354000123
21354944000137
03721602000126
05916329000110
05396628000171
09583183000190
02759315000495
97443782000175
06324324000161
96770250000180
64942857000103
49033582000282
18797346000128
09066851000101
17082931000189
04425916000144
12241945000184
11891158000115
05421357000167
11179098000102
88552468000130
08030591000151
13616311000121
16633572000148
11097027000160
06304662000131
14823340000127
11322064000206
12778220000120
03127795000191
41237272000197
06327572000166
06986887000115
18770941000170
00560342000166
47508411243300
03034819000168
21461058000102
04687149000141
09253735000100
12554347000165
76430438006960
01863971000128
23928593000156
09569520000194
69425940000129
07001408000127
01438784002302
15455827000167
11539655000159
45543915032547
10249247000108
34693077000106
21177478000161
14486153001509
15459431001593
09464896000134
23858568000143
01251789000116
16791121000139
31808892000185
15643739000199
04768759000170
24154744000129
04707198000360
62478938000179
10743328000151
07138734000180
07782324000178
08796284000186
64867013000145
05444323000198
27878680000105
01161776000156
34028316550103
02648788000172
86741428000100
02695119000151
66305053000129
73725103000192
16716031000183
35767730000105
10495154000155
10873733000194
19283056000129
47508411095009
85305837000100
87794889000104
13207048000974
36908523000188
02895028000836
13105675000147
53045266000117
05238271000527
33438250024937
61412110031387
02302466000177
02058910000150
27441575000104
24537078000108
09176226000201
12954937000185
07823427000139
07987901000168
11114284001992
06943985000256
19686705000132
07772337000166
83731927000986
11079055000155
03855204000100
23723471000123
41165143000130
16598261000195
08683582000160
75816215000184
03088035000112
14980156000190
05472924000295
03296712000198
01413010000111
04737552002777
34419606000188
07171286000117
00198163000120
78320694000131
03835206000120
68432764000190
05832451000109
08592396000115
23766105000151
03232675000154
22534972000107
00063960007618
82446238000100
08421990000143
04008213000110
21483441000161
09229852000120
