23049249000197
10225888000114
37061769000634
03070460000184
05221650000180
65897910000407
35123447001880
24881301000130
24674004000113
47024690000182
17490538000124
00061390000100
05383219000130
04994734000437
14171052000135
01038871000167
70104864000139
43963933000359
97308530000133
19396210000179
21802536000109
02432707000100
03492648000200
33014556004345
14527336000111
61725214001787
14943309000120
02500975000104
42584839000164
08250241000109
05305560000178
36199206000130
94276292000133
31487853000123
05413804000136
00795005000158
41163965000182
07443925000156
29699225000160
06332049000128
26968701000102
05818823000142
19664814000159
67727685000305
02147439000177
18615806000150
87289880000227
05079877000133
18163162000106
07165974000174
17089673000162
07571746002903
68808237000137
02575190000109
16640937000161
07472741000114
27673804000108
23805419000205
08253832000121
08923018000177
04056494000187
07783541000182
17148324000174
15193472000185
01116655000192
40541369000126
36374817000177
17251218000111
07844531000290
81357774000176
04108775000136
00292710000132
08186566000161
92690486000155
08874311000191
02852830000172
23146837000149
16983748000272
97422620003761
05735944000120
00338886000188
01606840000165
33438250025070
04565067000124
04724632000159
03714825000166
04339953000130
06057223028262
08540574000164
08195618000166
08768794000140
23052872000107
00991443000191
06042596000179
19046218000458
20920791000185
09427210000135
11415364000159
17406699000197
02997402000138
18501003000174
12187977000149
07268269000100
32638868000108
66305517000105
86580131000100
17027418000195
05681180000138
20263741000172
07893807000140
08254992000195
23179126000170
29694779000174
10786316000104
13245423000113
18915041000173
05234896000197
09428720000127
06059815000122
12433796000155
45236791002305
36362978000140
05009866000187
07655296000128
80438195000195
06893255000107
07489352000100
02422218000160
05983915000188
24957070000109
30058143000115
94228160000136
47508411101505
45987005018488
12916570000105
97538497000138
02822369000105
12003952000148
45007937001107
03306578000754
67597898000106
28492447000144
17376306000140
00597744000640
09491640000116
16505250000113
81186041000116
80725278000165
04874736000140
03446578000164
03350407000137
39541982000164
28593903000142
06152903000174
08833348000171
13574594041542
06047626000130
10881608000126
09484464000195
10985528000110
18278690000100
08397374000366
06248573000115
04389288000199
03539073000144
17414188000117
02898406000169
00998125000152
73367112000159
05018154000124
05644504000168
12219959000100
12607397000163
18650374000894
11368573000199
02021857000113
70323399000127
03262165000120
26876311000102
41568221000148
13500629000142
14772598000575
14089871000138
65421331000140
02982962000119
00367078000220
09104171000135
18658760000156
14599564000105
01035602000147
19096744000180
10714539000166
10289572000196
70967690000138
02946538000119
17321546000147
76532639000180
15364302000116
19567647000128
02748357000188
77721405000143
03576522000124
05322805000175
88212113050204
07473735003016
01248164000103
00974454000597
19027755000108
43283811008215
13412610000144
05560089000164
11113562000168
75492694000201
05674180000100
16885229000190
67508317000104
32310047000148
08056600000183
18360294000128
23250138000144
16705163000100
06186879000194
01924903000121
04090529000528
72221211000246
21135101000140
15193276000100
33381948000193
03316063000140
11197857000160
26372055000116
17256512016110
05428907000170
13569045000123
77829414000152
22507556000101
64260417000176
11114284009977
06004815000125
04838061000264
00288403000188
80355886000125
14992591000135
05389842000109
09202056000101
09476162000175
13475813000180
38575361000139
08593986000162
19733686000158
10928627000160
20974202000141
23797582000184
17792974000158
39346861032365
24174062000188
07294347000133
97179519000110
03237554000103
83619163000184
04707467000127
05038634000157
18801824000126
19239886000159
45992724001926
92665611009042
09435513000108
21337843000158
09269920000184
21018946000155
03450412000111
18891014000108
17190293000110
08680391000144
10374092000123
09065112000103
02261101000141
73479396000175
20174278000192
10612455000111
12481272000130
04115229000122
26117559000190
34801233000105
05743288000108
24187718000440
10770720000190
79496808000161
31164859000160
05494600000177
07519795000198
01924210000139
05292868000126
33115874000143
44570513000103
09149860000166
18110375000170
12070498000148
05003071000161
70955190000186
08740305000141
11016582000110
11517841000782
01088845000143
29680003000103
10603039000580
11062450000125
41910977000808
07042809000125
04001959000100
18007711000153
07494217000144
10637392000158
21400281000140
01062345000213
15597724000131
11907208000105
78913712000199
05020168000182
10303870000193
20982033000191
05902083000128
06111560000108
06762323000107
04778259000119
41282831000180
17957857000105
11109660000121
32647521000121
20184554000101
12392434000163
19170780000146
49469760000212
08886537000102
29026712000161
07716181000104
07562717000176
03672242000110
12289475000200
37505757000651
14239275000197
10265545000183
01365646000216
17256512002321
09464254000135
12309173000337
00374105000100
26536540000188
18546933000497
08965812000183
23851210000199
55866784000127
04124500000196
03244699001367
91866756000254
19802600000100
11278456000134
11351642000151
17962608000108
01094635000168
03461285000156
25110681000171
08429897000185
05049268000301
22763502002070
82540576000106
06126616000190
60171766000160
23638909000175
20896454000108
82869140000165
20157893000190
00194945000191
10968469000172
41886441000110
02012862003185
31204098000122
89777692010236
00541656000111
09574876000116
07984462000130
07472783000155
03052091000105
32254939000179
29596436000177
02688947000162
05241673000157
07344359000125
08552909000164
31675552000123
08846328000135
34556092000102
07010532000159
07702380000155
92973643000482
03991858000153
05745872000100
17251471000175
29786650000196
08707222000150
01694310000116
08395329000100
04944446000125
85232197000147
03060239000145
33381286000313
04168994000100
06057223014121
22597544000115
09163451000114
04240569000185
26300666000159
88448485000121
11440582000143
08956632000135
08399199000184
05022562000150
00652622000102
04247151000108
12527052000108
07797056000591
18608851000187
28795714000152
01021107000189
13370774000156
05090229000188
14131405000173
82541582000188
17020584000160
05779318000136
15335405000158
08240771000168
14806976000160
11062407000160
07527380000166
60957784000920
77318731000104
26798537000132
15243082000172
23810021000178
16351751000192
13224931000115
00895884000190
04004397000140
04255916000143
01235559000163
10014053000115
41335126000102
16233389001712
15010135000105
88599683000196
08737951000150
10214052000114
01244972000194
02262287000153
10318392000195
01856942000139
02916291000198
10373341000166
46766309000198
04440775000139
11700813000100
04486520000107
04811052000107
80853229000108
10996198000169
66333501000106
28593968000198
00217450000130
37432150000184
13742407000136
03502007000108
08923460000101
11511837000111
03769139000192
06977215000143
04275986000163
27093905000100
10368018000102
02447264000113
12053395000170
14924873000103
36914687000118
01144025000202
02964449000103
08761117000108
15598477000198
07024475000167
22164990015915
28307666000106
07620031000194
01581912000167
15589694000111
63770804000190
11247982000137
19958989000179
30797717000177
24824249000180
04965305000199
60494416002340
13140612000121
15102088000120
07150207000191
09242752000133
94234051000121
92029461000105
21631061000127
08293360000130
75331579000174
11002073000139
72473903000109
96441019000142
01335923000167
03082392000173
04929906000146
22402569000205
06159290000105
08708745000383
12507033000101
04998924000180
01155832000140
23726227000114
13159211000113
00604091000174
00421807000106
05625654000124
16098975000134
09007714000104
11114166000155
21679863000107
09582425000120
15337213000180
12023297000190
10720092000138
09457150000101
08219818000101
07792435001307
08336618000562
07447471000191
53387205000138
22713160000110
08737129000199
19003517000162
28251342000101
10985507000103
31049133000267
23431503000117
19745017000104
97349443000124
07808136000171
05293430000162
22580554000300
63004030004345
88484076000180
06812598000108
06150159000179
04190749000108
07148603000184
01896165000156
08968213000113
08096597000121
02549381000198
10482803000183
20085642000148
04640391000160
01951159000154
11519341000194
10258351000150
03506816000180
18180808000163
08016911000119
05363639000155
69623692000120
79430682019141
15152648000150
04146514000100
08974718000190
04038857000151
05437331000107
97215370000188
02480731000107
41103177000281
13597110000124
17759455000198
02149445000163
09296754000105
04313157000209
02399941000175
00188766000141
22688303000696
05243037000164
07933790000107
02459242000173
78416682000296
40800864000102
03476811076999
15362541000137
04842956000191
08842128000104
03038682000110
10794031000115
11223447000146
83856211000158
18650374000118
10912203000108
14139162000110
00755311000160
08362723000142
05850041000190
54843024000131
08156336000150
18559711000166
05899831000241
03696154000158
05888881000142
09244255000174
05115583000110
09033947000173
17189341000150
20525743000192
46050464000103
78775988000158
14208646000173
89237911025135
16872986000120
12956903000120
39125562000105
02344289000191
09467157000104
15408348000190
01235839000171
14361780000100
18460972000639
01543427000107
11873939000187
05376921000177
12835283000170
28826450000157
02397343000590
07965809000873
04669192000184
04503435000100
10504210000170
03685816000194
06371555000126
47508411093570
14174715000175
09065249000150
04516032000103
09026107000183
03447030000139
01574763000109
93266088000179
01415201000112
07409019000135
16803158000482
05437537000137
07249042000100
07589061000185
01318623000170
73121568000134
06102394000175
10864982000113
09242899000123
13393537000100
02883505000177
04752530000147
10715523000178
10801337000232
11114284002530
55340921000195
02782712000135
01528171000150
05399553000182
13387405000176
14777591000112
13039382000109
00311332000197
07807471000155
86806148000133
10915803000120
08832547000165
07677887000104
12905551000183
01808750000157
04185877000236
36192433000133
26117854000146
24206906000125
35722974000325
29000241000112
27456564000190
14370908000363
02294609000146
23487689000126
20392108000184
10320422000793
41134362000152
02010178000149
15491709000104
21724812000150
15226699000503
10633426000136
05777656000139
08584001000132
71356968000101
04207371000108
03605152000106
19183101000173
07955127000103
07775666000160
11274823000121
12671823000128
03253059000180
15709054000106
03310528000155
19219296000164
07598316000257
06656656001115
09536662000155
29043502000181
10961762000108
05564426000191
02634363000104
55960009000136
63234231000180
92361161000129
19213870000177
04162779000100
55334262000184
01873943000191
09070206000162
03766378000199
09330444000160
94561255000177
11091785000171
04865460000133
24945321000127
03360946000157
10615302000128
03467885000121
11076267000189
01611535000161
21435599000670
02228647000109
12345206000132
61084018002742
14378456000102
04926431000134
06889609000140
73354359000130
11116345000121
84749910000161
16295990000172
83341818000103
23274849000230
67049932000108
15360561000179
07807664000106
07303089000104
14143048000163
41015157000178
04354908000154
10894760000143
12594600000104
10555096000108
06186816000219
13778579000160
08318079000105
63796726000100
11491424000112
06626253088814
13777981000120
09215375000143
04843463000176
18853845000195
15227367000110
09616014000109
06194573000180
19534258000104
26395383000138
17029790000130
30668834000130
05545228000180
13109457000180
10342016000136
15151046000340
04960337000100
09106950000170
05690598000101
16382480000132
08218020000145
07545020000197
30011596000196
03875032000200
02689376000261
07753169000242
27733195000488
07206495000159
02324490000107
01108899000123
04491835000142
17155397000193
18133605000116
10565895000165
04618334000184
11290118000118
11940756000137
13899833000188
18472288000324
28861552000103
01850227000199
25245600000140
01205017000148
07570475000162
04159858000154
01781007000150
61585865072063
12066847000158
08055366001303
21985968000194
00276907000420
00521628000213
06240490000180
25330416000107
02907464000101
22357546000137
50150572000125
13585994000105
20594417000137
08055366000250
28521211000199
05314791000148
04744153000102
84684299000130
03850532000106
04130768000130
33595711000105
03388667000100
13721870000100
00306597000105
00585239000170
02528769000102
06171575000153
09338451000108
09358384000193
07530223000100
20415295001308
03582966000172
03959479000186
27132497000158
04307027000182
05287507000191
00108087000115
05574391000171
01390956000100
13035541000105
00610350001737
22133289000150
07135525000183
00481644000149
01332687000125
03450175000199
55330229004254
07818328000240
68615061000105
84644186000101
09174211000115
63885768000100
68387877000110
41062431000160
60537263033099
02012862008900
10808265000174
77044618004922
61585865038124
01041474000144
03646410000100
13649722000113
07362206000100
55206015000100
03438594000709
07724554000180
00209529000110
11838352000137
46127890000106
02572113000197
10623967000183
07892549000187
13127138000106
10682855001094
07726986000120
00853960000102
00581001000177
11744892000151
18468199000304
18496054000155
05755653000102
15585779000121
08350555001147
15008599000187
11329780000134
07466183000184
01792003000178
21027537000891
04889212000122
14579443000193
14311509000160
61585865040293
27580127000183
24844391000199
07220543000163
02475215000194
68628221000142
64811763000103
75026807000100
77964393000188
06320705000172
16041592000120
04256433000163
07076447000193
35162452000154
72313414000181
96346267000104
91058222000110
07217538000100
15244741000195
08441363000174
05086211000102
05585467000164
11794113000122
21030664000173
05419622000172
04112118005202
13512928000105
09364392000142
72610876000160
14757119000118
02919549000100
08014980000193
33180514000125
04626591000168
35019082000109
17410840000125
00648916000152
06913991000180
33014556062620
09279726000180
08912726000102
11363776000192
07276236000102
76493295000147
07234203000272
10988021000110
02819459000228
10432544000186
77275501000105
93063766000104
11599208000195
04129992000102
23505928000123
08828452000178
85513240000142
13521372000105
13498242000107
24112796000132
03621485000129
06341406000114
05499336000164
10612219000103
28618882000172
12716804000251
07482847000107
05125261000151
08286420000198
02650875000326
27919349000188
01030685000262
05791526000150
58950080000126
05106352000220
18199949000128
06265261000110
12573104000174
20073077000107
10342696000198
07638491000492
03877799000197
17224590000139
08811973000112
22905771000160
61585865140913
01671634000210
11368297000169
07914496000158
13184101000101
19516793000124
14731508000174
05228675000106
05951362001072
28397354000130
72574536000121
10769189000135
02672110000125
83913830000137
05501829000191
03142549000109
14274769000102
14810305000173
33219719000177
39340955000123
20094875000107
07528071000100
09585477000150
03660226000107
03083231000790
27169546000127
00111972000153
00543111000144
01766718000156
08226694000191
02175755000152
82699588001079
10467428000100
08014267000140
04983112000160
03912079000115
04199937000199
04107344000155
58275884000177
08582655000127
04072292000129
11253551000183
74075094000285
76430438002891
04741326000120
52605821000155
14123997000181
29066826000216
10228700000191
10776566000163
05907293000290
04020972000107
14670760000110
11517841002211
08598316000139
20290844000121
04615399000176
17231509000148
85277390000102
03045251000180
09207120000139
05009037000102
03891458000176
54024781000183
03959436000109
06576044000140
00977879000126
87497368000357
12457274000193
13630803000171
07973886000107
21113774000107
08438379000209
03157157000113
11854223000132
17791596000198
03301325000100
73922551000186
09444581000125
02484411000125
34677146000198
04091079000164
27074900000130
00176430000169
19008501000142
05991079000183
01239907000170
03084693000136
10758937000184
24912669000118
08449911000102
10375051000151
00724252000163
39346861046820
04916476000128
86844206000113
05821078000190
10343120000145
02541920000142
89154819000117
17213586000256
88965736000145
36924603000127
88619473000112
05879152002505
00389962000184
16806859000122
16803158000130
09344025000187
07043165000351
11376304000174
07576930000137
05436083000180
02759756000144
26991880000107
07156715000187
00436042009045
09559510000178
94682945000184
09512220000250
19537176000105
10759153000170
09087440000100
87793527000107
19111911000203
04080288000102
16749431000195
93209765017192
02173224000392
07268425000125
10848076000125
07811984000130
05671861000115
47498829000120
07193429000191
13453943000111
20447074000188
05240289000482
16422241000592
02438110000165
17185720000171
22370901000108
04974624000160
88212113007708
11722383000128
03332419000139
01111547000127
86891710000174
79379491001589
06217763000175
09412903000154
76381433000104
05240086000143
02145842000248
06626253058150
79605820000167
08277054000100
10794144000110
41661174000182
26617270000130
01692692000149
06864931000386
03869403000160
10424973000292
03719833000103
05743899000156
04262314000113
61084018003986
04266734000178
02828278000187
05870064000167
02579214000190
16482337000112
04843561000103
13194329000506
00979021000524
01319504000131
08866754000130
15589225000100
93209765040178
21601804000116
10646859000126
00103737000130
34764472000132
72557572000187
11095303000151
07630578000170
08680639000339
49790611000170
16163255000105
06223657000102
18610889000194
06062205000188
07419772000101
24073694000589
08541500000142
07580542000120
07838575000127
05218387000170
03366892000137
03248052000170
13269186000120
03073479000184
59149427000107
25276632000103
02036591000182
23867146000134
32062101000183
46990479000151
13924371000101
03608668000104
04986931000161
06065685000130
04422917000135
15185122000177
01020417000189
23797376003270
12218194000185
39346861038053
06626253052208
20455026000131
02916914000637
61084018006810
04558897000205
07012546000101
18968632000109
40560393000102
06001428000135
23310161000187
33022856000117
43283811017044
03155292000120
03138247000167
07170943006908
90113069000114
06880512000176
25799529000148
05776729000178
10858157000106
01726834000141
95767943000231
05245166000191
13887424000161
21999396000364
07220977000163
93015006004372
21497632000182
07796553000141
09299577000110
10459953000176
00142052000100
05203909000160
03610682000576
22195359000102
03048720000115
03036364000110
22155580000129
04954371000163
01293480000199
12680478000199
02687363000253
15246924000140
38696753000156
12602755000145
84737683000154
06251822000121
02608774000125
01292553000209
01683747000154
17105709000154
07473735010578
07646539000161
10383020000142
04808292000144
62013776000101
15035478000124
02221654000170
08965831000100
05557904000217
04248644000154
59596494000161
85278638000222
07221774000191
16896400000167
33657677000156
00972179000149
04920658000504
06003999000109
16914715000190
09443608000165
75220079000165
13094256000157
11614467000148
50529569000460
07811386000160
02721438000194
19353933000190
04597655000140
20584444000129
08073259000174
21047025000110
04994734000275
10304224000140
04550664000185
02543945000266
30999189000139
04515722000130
20773158000101
20441036000118
04274607000110
20363910000146
05147538000147
01172450000124
34028316381158
96307673000168
08802733000151
18704027000120
13179099000182
25017411000110
08998693000165
24245524000100
09559927000300
02385291000109
11730391000116
01417292000125
17687371000196
25358550000108
19099538000123
14181808000127
50472851000105
11573307000360
34028316500777
38030169001309
56794852000152
00631644000188
01343924000153
08659322000159
21822819000295
22036090000103
05960319000182
71914766000120
03877222000185
16698488000102
15328857000293
23783252000130
16041592000715
04140303000160
34346403000109
06278440000191
17524271000149
15587723000106
03375396000492
07242181000101
15498795000187
08885965000110
06203581000307
11472682000151
20587892000186
11670860000159
34609776000125
23929979001820
63326722000150
20422108000180
04984494000147
07849636000151
16758415000169
07553112000461
04277358000117
62173620000180
02674382000164
05255063000102
15473796000177
17205016000133
78069739000147
10246989001143
12377909000142
04574632000110
71025910000177
27186216000140
26571393000187
16891669000150
01095752000146
27175975002908
12356100000800
24073694006277
27829136000165
07810282000131
83895870000101
24398653000139
10641837000173
07730553000149
05439122000100
08616569000279
07200534000100
00063960003469
08650496000150
48539282000479
24232441000187
05858473000148
03358858000706
70434147000175
01638853000116
17260783000145
03053280000356
08795586000130
00826708000104
02504660000135
01303350000190
51094753000144
12689295000215
75279794000335
02214814000154
03556845000156
08373826000108
13984645000158
01343564000190
17513336000150
12367243000141
14606215000165
07868912001010
06317980000218
28955146001181
05324187000100
73641409000160
09625167000112
03740975000144
75733147000190
66469347000196
41063512000184
56955685000184
77396810000648
07048271000166
26119119000171
07914775000111
02115612000155
23347409000184
64902000000160
05691002000198
07602681000107
02268482000190
11262713000140
17823567000160
24443527000159
00276894000147
06134474000102
06148576000187
02714977000872
05610289000184
08088917000100
02061701000166
07504687000141
08678677000195
26392361000114
64454804000143
92664028005453
03498432000162
19902647000137
02418401000191
19751228000141
17220230000169
01169894000100
03622408000193
05612121000299
02499870000182
19050893000108
06065654000180
01937635001316
16509748000154
04387725000135
01488892000346
04770238000157
15474872000169
19998478000180
19542911000179
03089645000130
11275421000141
03471246000130
15812061000120
10712681000255
14169897000277
05747578000200
39551064000116
24285371000125
13621639000136
90973025000164
03147899000168
17709125000198
18242810000110
61585865087095
31875255000121
16925342000152
11636570000199
14887123000109
07098729000191
31887136000270
10248894000197
04016668000188
08517361000111
42021030000124
21030903000195
61756482000107
07811324000159
13887818000110
12791641000190
17208483000117
22876221000160
61585865178724
13280045000109
06221367000111
11956776000104
11630698000145
04526421000101
26623886000113
10171769000126
05006173000130
21792781000174
29574641000131
93209765017001
09078397000109
05492088000391
14313926000141
82550591000135
02842435000109
12305844000120
04200173000104
33746629000134
20755975000137
08332493000179
18164150000104
40796146000886
14086064000161
04986609000132
52861176000131
07715269000101
04719780000185
03785231000146
03293214000191
53166146000178
05359749000143
33731712000130
83929380000170
83208751000125
06714147000120
35574151000138
33438250013730
01427744000150
02296608000130
89889786000153
04571332000187
00066716001910
11506986000192
85378735000106
10427531000119
86749694000180
09575116000557
02223483000119
05149391000124
01300173000198
16433931000113
01719615000135
07303876000156
03139761003132
19500325000161
66215898000123
05039461000191
35120369000627
01597219000182
07389358000105
04670324000198
09193433000185
15344464000192
78857489000100
63684781000524
20902778000101
05561099000114
73028953000484
23917704000200
03341024000526
00250724000193
43540723000196
01930849000127
11596442002706
03121282000173
05306888000109
14102022000177
19152410000186
17880385000121
08475148000356
78653946001892
03551730000179
10710943000161
04632847000140
15684444000241
37483484000268
14117956000182
09186080000196
45236791002216
25892718000160
08327231000973
33438250004073
55939698000288
08394851000178
01644348000184
13927926000926
09227449000161
33084864000198
06693683000196
04330305000112
08822873000191
16588857000104
11050696000187
07574146000190
12302392000122
06872576000125
06807804000183
07741437000125
11862815000104
11501191000272
02907378000107
11895596000313
26533547000146
15090704000170
07863999000141
44993632016253
03989217002884
97168124000112
01189724000198
03317175000115
80457534000180
10909753001301
00306535000195
24821894000149
79315370000178
28486660000143
17967374000183
07405975000149
10651927000145
63510333000180
12151325000154
21268274000136
05586594000188
14147915000139
04093429000121
91954222000107
09204857000106
06913480000168
10814290000160
15744390000181
18111170000109
10766523000105
07744589000181
20708178000107
07586015000122
70965009000112
09561426000270
12964568000101
09637502000100
08455722000142
76842095000152
05125813000121
02654969000101
77616407000172
01741294000175
08796076000500
06975771000180
61335311000104
01384444000130
06088224000183
07256717000148
16519581000102
14475530000109
17956098000158
05694183000106
20810382000126
08635117000153
03936912000168
02491636000109
19251591000106
09326760000249
08262536000197
79283974000180
01607033000167
17477076000105
21090173000118
12034967000173
06211640000127
07734873000177
33438250005479
16818165000105
85391324000150
22655807000103
35574540000163
21618772000161
12543285000196
03579961000190
14677295000140
04517962000173
09014506000124
00569905000187
05989474000121
12808768000175
03454650000103
11775395000110
05774403000292
07735995000420
24504911000114
02268297000104
17414463000100
61365284017260
00791232000105
23943898000137
17799444000131
17257324000102
12338171000104
04688866000600
26199668000101
37024189000162
00750966000146
73208993000165
28400968000124
16970889000170
07636395000162
75555433000102
33892498000101
01055657000119
14774518000197
08286271000248
00124587000140
03183293000188
04197810000130
03874438000197
11927071000150
22518963000114
10230480002427
17636166000100
05381281001084
94232717000102
24652548000184
79565768000162
17585745000162
13608957000167
08762127000150
10787559000167
06934844000196
00558916000161
02933364000400
13528269000197
12033987000120
67069633000127
76430438002972
04220376000162
05475850000160
04227961000275
69217099000184
12882270000152
47508411161834
05896017000192
11453579000164
16904103000116
13569064002870
12941836000170
04224782000101
23821771000145
06242113000180
07102844000273
73522070000183
02705295000127
05845563000102
15443582000158
08593802000164
10590373000113
02457653000120
12026921000102
68553817000120
15118621000141
14078474000160
