03625700000160
54473160000772
11088636000153
03343856000158
13586982000197
27017797000196
11220261000133
07508419000521
14994621000142
08429314000116
14739338000174
05312860000184
09520575000100
04526960000140
04209924000404
06199808000126
04711192000103
75853788000188
01527691000149
02099769000134
04211939000156
10574138000158
33014556102355
02375771000199
63004030000862
29691805000100
37869732000122
05376869000159
17365146000214
10392423000158
09389037000128
05410758000383
17560793000104
39407317000182
27833615002107
03107222000104
24766224000177
06159664000184
03246797000108
21410377000199
22623618000140
28123540000181
08423279000128
18170797000130
09237106000188
05725096000179
04205262000143
07025795000131
05563610000117
11322999000101
21731415000105
69400802000195
34200790000170
01784797000128
14812790000114
14225985000168
15347973000179
90041724000176
01855248000105
08703373000130
01556042000176
81656316000138
03554739000133
08507404000188
00059527000191
19552405000160
06262459000140
03661393000172
03839533000150
07793929000164
28610046000141
25067976000102
06239994000180
05334497000106
13574594033795
08294322000100
03309048000506
04049497001831
13276864000182
11121384000117
22398831000104
06887668000189
12396339000219
10269014000169
19014269000155
05412096000119
07075386000140
29404899000190
20841656000144
00052753000140
01031948000177
08808474000176
06333746000101
04365786000100
11131817000115
02340825000180
00863958000106
10791443000100
14168516000316
02631143000127
08276813000200
08954944000100
14748168000194
07312806000164
90726027000159
04729364000168
85161008000192
11290079000159
11897571000197
10173767000176
12958444000113
04287600000133
73840530000111
07473735009561
51243616000124
11428505000178
08689469000191
05587791000111
94935715000180
32291429000171
07519782000119
22956125000394
07569099000196
00616831000192
02789696000102
02341017000138
13021219000119
24911157000137
02713043000140
16481248000151
40202970000194
02331076000125
36076776000132
05557430000122
08772863000199
08794589000159
00624595000237
02762810000100
02264796000115
02756655000110
60364130000135
09535000000160
21306932000137
12149610000130
20695338000112
34028316194633
61794038000178
15226125000101
33014556092295
15081075000111
35212513000140
32470564000184
07840372000175
21415171000151
10336174000183
00799765000133
19030381000180
07380440000160
10735496000103
50543248000177
08388413000105
21601010000152
08038625000154
16233389000589
04775940000103
06300299000186
12340333000149
16876436000189
17949800000156
43805738000139
12504187000220
23450373000160
15596789000162
13078401000106
07967220000138
03193650000199
83802215000153
01635993000130
11799606000155
01161677003785
00867600000151
32629644000130
48958144000181
02902195000786
07760513000140
68689827000198
05140343000175
40236820000100
03840986003545
16923420000180
05791710000109
13376765000172
33050246000127
04414216000316
00145531000172
29025606000163
66291204000137
05453233000163
23496359000288
23704349000100
04325027000105
87014353000129
01998433000140
25732785000118
83754234001123
24451242000160
17746545000144
02501185000143
73953820000171
27986832000185
11366373000105
27785494000113
02223966004291
47427653011311
33381286000402
10593945000118
12163524000182
30979742000171
02902707000119
11386443000189
39896196000180
19720168000108
01536374000199
09208456000116
01869728000540
04788629000107
04089845000156
02230868000103
10330237000194
80934375000168
04156660000117
02792640000107
00214324000122
10359964000184
03325541000188
00194809000100
10773984000105
53153938001856
19457386000193
23201792000168
10591290000300
20816073000163
11657548000125
04592310000101
04069186000196
89587786000107
17968874000130
47508411215519
01695053000137
08033253000840
21121429000107
20077506000106
07451844000106
07052149000163
13789046000183
09275542000141
62959697000180
07107595000128
07455651000115
03277361000178
11595676000191
04780585000160
07240641002106
13772792000407
16686580000152
05640017000127
10265168000182
08648333000133
14808720000192
26460950000192
02921872000118
04029393000117
08399566000735
31487473002213
11632797000166
01867600000114
09517662000108
03888814000100
05741515000166
23319493000122
90379215000158
00851563000193
05247249000110
06928713000104
07669889000143
05862287000182
11363234000110
08166424000132
25806779000168
04840279000172
07937516000106
92304831000175
69439370000126
02958035000163
12499984000186
12334104000111
07176624000103
05773243000429
19115032000160
03681532000120
01453394000104
10650738000158
87378428000312
10993872000151
18750349000106
19026021000104
05368288000175
08735860000185
07567438000103
07576376000198
14140639000187
40432544043385
06198211000167
05951362001404
09158100000115
71442842000141
09643058000128
06047494000146
13293682000110
11312656000166
00932299000112
27188838000107
15399930000137
21265871000107
15084913000100
31782162000152
17957382000149
26349902000121
10797987000170
11383185000187
07612985000155
44879211000111
02562900000158
06094186000171
45007937001522
09006570000163
29394707000101
02632274000129
04899316014097
04725933000105
94846755002794
06085603000110
15377501000169
04927481000136
03563214000164
73642027000151
10452343000140
69354611000215
28138113000509
20813275000232
11284078000100
27069989000146
14304027000182
00510282000177
08184364000261
04260232000130
03956381000175
07805901000108
06103440000150
42226621000138
61549259001403
24073694001631
04105467000157
17950507000109
29355583000155
02827722000140
25420340000100
10560550000119
07667605000180
08397756000128
13429069000187
00606068000119
03476811079823
06001841000108
19860680000141
07390831000166
06014517000116
07038754000180
14400609000162
02878177000110
24748394000129
04382905000396
29383130000132
11285589000138
22210947000160
16699483000102
11838853000202
18534624000154
00467660000187
10455438000118
02403946000124
08685626000190
13073756000102
00285753004340
22431573000102
14169333000153
41980376000197
79953584000170
32285959000107
18913385000143
08901755000179
26897761000181
42834119000100
19670186000114
01784432000284
76321215000176
95432654000109
20939127000420
01202428000180
04224401000186
08901191000174
23815235000137
08656649000177
09439526000147
93272839000160
08807395000140
41998022000331
20398269000185
07999124000171
08711042000142
78549680000194
11185159000144
10739227000107
01245156000103
03995515006017
39694872000132
46579264000142
11398020000189
21170462000127
17968772000114
13569652000193
01591754000126
00003252000174
00240776000189
04214554000142
03296781000282
17971793000199
01938453000126
12856794000179
29506079000109
28174613000164
13410422000187
03609754000131
39814835000544
05844579000273
05643775000107
07342785000553
33082249000142
03556938000180
00727406000170
05272459000168
14528852000160
08170322000190
04080033000140
04373039000105
03019072000179
11577160000114
01261787000108
01964161000168
06134995000160
11242626000120
14440132000149
10467123000190
21887691000167
19995901000199
03543479000109
01751671000157
15026234000185
42335141000105
17312841000137
44144343000103
13065774000142
02629256000198
01283600001068
11744849000196
33438250046906
00243963000116
22210990000125
08957317000122
05910109000180
04357628000108
03984674000166
19955346000171
35362367000130
08248408000199
65187551000151
25102146006452
12659502000299
07474363000108
06291423000194
03921301000146
60739414000169
17159037000160
17560505000103
92757798000139
33882861000108
05545993000109
08896162000161
05664298000158
03420655000107
11093170000184
24261042000144
89237911012580
08326479000162
61412110046813
01721250000183
34458240000156
24621237000158
09325257000198
05471255000156
84621986000107
04240816000143
03715058000100
12066865000130
08496603000138
07435689000126
11090025000140
13564042000105
05258453000136
01718258000190
12287713000167
02748512000166
01703806000109
09269046000185
10425685000171
12305078000101
18658636000190
02614263000116
27019108000182
62830534000100
04469147000186
14234583000120
12593215000142
05618752000134
01539659000183
00473031000160
12614598000198
03941821000110
10833197000101
32961674000149
13381089000125
10246433000185
88985734000118
02570593000157
03461437000200
30940612000125
10917097000155
06194143000168
04335393000145
13851409000163
06350483000130
16751958000235
04049350000101
01714544000188
25834847000607
61121935000110
02564891000134
05735714000161
60872306005471
17071504000103
26189956000177
86783347000173
03354828000136
11668805000124
17041173000150
96762190000153
13775339000101
11976239000118
83240333002320
10901624000133
06891105000598
18416163000115
15126457000114
05999148000103
07947921000296
06110817000107
03222769000142
04677899000132
11407619000131
12613735000170
88105911000124
12996025000176
05836676000214
08747367000185
01731106000128
15537192000147
07207034000362
10298695000193
11114284005637
04698642000167
03910499000162
03706043000185
88201173000119
16836584000170
02074804000160
06251108000133
20138721000170
05505062000179
07876640000109
07447024000132
77142065000104
93489243005185
07188910000199
15447775000187
18297032000166
02928341000157
24882872000199
08529025000199
10998044000106
04119048000174
22431445000169
60048717000488
02598576000128
20604518000222
20548410000189
84306570000102
10565310000379
02955578000127
88630249000121
17286165000174
04429951000131
17475353000140
02062066000131
02884580000152
05210324000178
10719616000170
03780783000161
03790896000490
01901199000191
35729227000157
35757244000106
10788677001838
18182667000118
03656632000104
10882131000799
41109828000160
03647197000143
88908793000192
01911324000144
07490618000126
17174424000175
08361838000112
14622669000120
16699269000148
09429407000103
00891899000180
13004510025769
90740754000502
10307366000161
00100377000112
31565786000118
01826519000196
05662344000180
08279248000145
18025980000142
92665611028853
45007911000189
78457538000117
11191618000100
52476850000164
11718867000101
02231490000162
07000707000228
70087994000100
26746049000181
04111175000208
15884281000160
04817304000105
33727363000182
05652173000299
12648740000118
71651574000178
61264917000198
00347568000345
06150169000104
03631578000134
04773048000193
04846757000232
14068592000198
06326911000190
07544373000172
02993670000181
06880330000103
10756523000116
11926935000110
10657063000179
03587383000134
13975699000157
13811690000100
14569945000133
22069520000355
07919215000150
17249593000127
78901915000246
04032032000120
05164605000131
10659134000172
04976671000143
03092924000234
13495460000180
08958435000155
08023227000164
74629643000135
14860606000101
48977557000103
09047323000296
33438250022560
03476811067817
16594855000128
16239733000113
08211008000109
08476271000200
05402960000100
60537263084408
18320506000143
33438250028177
14641518000119
09912137000197
12001567000161
05743613000132
01924820000132
02677989000106
03944728000160
08496691000178
23076563000169
42586818000188
49359243000100
10838497000175
13207867000164
08234902000102
84311190000158
07256276000184
15440238000105
62496195000160
05416077000160
13007752000126
08718431000108
08912805000113
26896730000106
23088508000199
07521541000104
40820128000116
84683481016332
01116583000183
15640034000118
11025506000171
07324338000148
20201265000165
35401470000141
43731926000160
00605651000105
18553512000140
19617397000193
37504289000196
10539157000143
06696107000100
28080760000175
12560498000126
96816855000164
15269542000131
04751088000134
81496754000186
03442968000166
22400449000180
04458156000171
21223835000180
02451195000111
07225861000117
32639221000109
03714602000107
09599666000182
10466576000100
77964096000132
10547011000140
17252400000197
42984989000165
02331276000188
03586889000129
78389657000180
34028316794150
20125569000190
00699228000111
02513158000190
03887250000183
18910084000166
40982670000175
02761269000116
03703181000100
04540173000234
05033973000140
00290252000100
12829334000151
16950860000126
08830230000190
35574540000244
17933428000190
89897201001380
16989379000144
05819173000150
04878741000120
00712637000100
77891315000109
25168954000139
05991131000100
18649793000130
07448531000433
06286531000179
03995700000151
17322807000224
03607420000129
17705289000570
20415209000123
00180352000176
04279334000105
12382502000103
00990950000100
08543539000107
12539517000132
37301082000114
08611084000101
22208190000170
10788677000602
03875385000129
19692468000112
12131944000187
33098682000176
00310282000123
05145411000199
10372482000164
10774443000193
60859519000151
26791931000149
01481797000159
30118996000103
03102779000144
11596442003001
04511626000113
15548775000173
11573255000160
56493356000169
57432171000107
17062800000130
21050087000181
12577119000100
07278378000109
18836036000175
19023259000186
26081406000300
87305850001581
05336324000119
88489430000160
02754975000130
02697297000383
03150352000111
13839092000140
00749145000190
34028316308400
11294862000190
62897780000171
16977561000185
06970402000103
30395867000154
11111696000140
00299495000100
06104481000161
81716060000107
50348036000139
04035410000129
03880682000162
17176561000149
86706868000208
03356982000147
61602199028041
05408046000168
84477215002565
11709675000120
13954961000187
05795238000174
08031980000100
02934762000190
22964701000183
84425321000390
07333810000109
76759349000173
08217685000134
16582135000142
11613470000147
11093764000195
05252941000136
02083240000122
10513291000175
11855273000134
04930834000157
72542004000102
13353734000104
17620171000116
06609259000110
15485474000148
08809538000153
04909473000167
00447821007507
14087248000146
36502375000105
00924854000164
02379883000118
11838261000100
11083069000142
19525302000969
02367796000140
02202740000136
13223559000122
03568072000128
06092384000104
12808015000160
14294350000112
85089886000144
01978144000180
57323636000191
33203691000180
23973303000196
12130771000182
12023966000395
09345937000173
04270761000114
01897908000102
59692921000105
09032286000161
02004602000142
62889910000124
08573268000124
11004404000170
02798458000163
39346861033256
02932641000100
47427653014094
73987323000194
06879899000140
87397865000979
05386153000132
03023665000109
75307041000124
11078678000294
09440125000107
79056669000155
73230708000102
09400689000116
34981852000129
27850809000169
11965515000304
07002544000131
20386692000165
01766034000154
10789856000141
16163057000303
92665611015018
00539712000183
02022615000144
09212627000180
08496999000113
08971526000120
24536385000174
47508411176351
07053125000129
05728494000149
00395875000210
21218823000168
16961230000157
02698557000173
00306597002302
05755911000304
00521331000258
05886792000167
04808268000105
05619591000101
33090721000199
09001879001485
09583804000135
03428064000186
08729471000147
02501006000178
00139583000217
10645621000186
14633416000151
10405483000168
16887107000133
72211857000161
38000329000125
08789973000163
75017749000140
08774873000163
23811333000104
35400076000199
17208086000145
84152347000140
02178087000117
03809767000154
08373156000120
05068175000154
15449801000106
18796264000169
16647881000177
01464045000180
00680004000168
10775769000135
02353738000591
05393322000161
02618563002117
11746572000130
02628355000155
06346526000104
04601165001060
05584329000160
18058430000120
12272760000137
96730874000173
16605366000124
00917014000174
07972510000170
15822015000102
61585865034307
05040156000110
15561978000108
04729767000107
05199852000173
01338470000203
13037865000174
24088924000150
03015590000114
13035359000146
03466563000168
08355782000193
10375474000171
08725767000190
21963149000146
09582585000170
02337524000289
02976787000157
01740627001385
16672487000199
01552081000103
14239832000170
35661743000278
39346861019423
00459363000190
05458154000145
03824646000424
15358516000180
79379491000345
12963990000142
13357403000134
00057092000146
17764296000381
14533462000189
33018599000220
03848706000104
02738179000104
79922571000133
96800156000126
04220332000132
10443502000140
04563672001480
14527524000140
07455471000303
45543915015537
05802911000156
07573608000154
15931256001404
62351341000169
21291300000147
11049108000195
20984992000146
08995636000122
86471950000209
18167688000164
12020493000100
06959804000107
12025584000139
00953540000190
11212152000174
02449992012332
10384297000190
80934631000460
12469694000190
04537076000101
03983153000194
75124008000320
01648722000110
17506419000112
07888494000131
03384239000109
04958589000196
08829828000240
18366825000190
60500915000198
04976718000500
33041260018616
10410557000154
25713322000109
23162530000131
08225043000187
01356549000186
15378624000114
04139124000103
07461433000193
09075501000101
07945867000169
11028430000138
03327568000100
03255779000184
01507437000189
09486188000102
12709598000171
07136127000181
06999507000187
06057223031727
29467161000171
05267406000230
04546796000133
11716647000130
02537893000134
20888923000139
39530688000157
18683994000153
34969576000183
09303275000179
06234754000192
05133523000120
34569806000117
04020339000100
04073648000149
05208167000166
80953920000163
07259906000174
01415233000118
04228845000190
16624611025305
00455588000178
32951535002269
22408457000172
15394611000139
05913219000103
09577015000191
60529617000120
09510366000266
09150462000160
40870891000151
12659041000173
26119800000110
06556397000189
10504301000106
07422103000270
21449739000155
05584369000293
01679793000180
08293420000115
14067110000185
05700441000110
18563497000111
01426949000897
10763623000170
03481113000144
33413022000132
04388947000172
05846958000111
12586373000175
48398341000193
05958889000138
14452238000162
28277925000101
17703594000108
04190999000300
11497712000184
25315767000130
07662790000110
06867610000173
05112178000148
01612286000129
07860097000313
17256512002593
12522083000168
05394853000683
03817826000136
16805755000284
18089105000124
00205843000124
11744377000171
28824803000180
10898349000146
13649146000376
02240308000130
15042047000195
03365404000177
90446618000253
00168039000112
06331431000117
08331109000113
93093714001306
22739873000153
14093353000198
21021038000110
19023212000112
02032610000100
17293339000126
18358512000190
01047035000220
63884373000192
84840834000103
06990122000159
33209836000150
07221613000289
16945431000160
14687202000168
02990003000145
03535428000127
29807385000185
10612896000113
10867082000120
32305898000100
35626084000409
08497302000129
02365733000155
02292766000112
53868626000180
11926850000131
00448273000101
09098473000148
03597298000157
01768652000133
18011315000280
15524356000100
04057386000129
57943540000126
28997034000111
01661212000182
01882149000104
10816928000100
01060789000139
42180455000267
13711868000141
18647619000158
02942401000196
64428634000122
05033148000146
18862737000189
83740456000549
14409498000155
80082555000169
14945729000145
00233854000118
87290086000112
12041232000177
29459047000108
09200725000106
15139301000178
11466090000127
12295090000174
07335769000100
09389929000129
11905809000189
17671241000165
08746932000190
04510107000130
18250744000120
07328375000124
08345490000250
08250016000164
08014366000121
11649372000160
09469418000117
22842249000187
09046297000109
01278994000175
12459476000174
11556817000167
09008399000474
02422938000125
05137792000164
32111699000153
28453945000188
97526586000164
61343752000140
11780511000190
32614802000188
14874720000190
30367510000162
38538633000392
01524192000440
12746386000164
07497916000148
31175303000179
21944968000146
44884658000189
12113804000186
46068862000157
03144408000125
10660639000157
62797899000172
09001879000241
07008630000151
12640810000191
08617121000199
05054863000165
08284702000156
19202386000142
33136619000187
10380239000198
08793302000176
17228339000142
11041538000160
35395532000150
84586205000603
10335652000130
02971735000198
00097626000320
10320969000101
90293390000128
84467307000197
06057934000227
10347969000197
06225621000150
08250747000100
02442409000193
24711095000110
36117950000148
26927222000148
19757746000172
05357296000116
16104031000475
11241543000117
18696042000174
39136643000100
16366528000119
02527375000130
20987954000147
22654662000118
80561582000114
13691879000379
09305686000101
48965487000173
24061922000177
07318158000153
63598056000100
18350838000170
10821336000179
15231301000101
07221613000106
16737352000164
13564754000116
14302603000152
10260151000132
33041260099438
15189370000196
24188856000109
04961231000112
19222950000199
23392341000155
10740196000104
02301713000110
24314775000108
26199912000128
02077182000124
05496011000128
33291956000149
06626253030735
14655758000172
00915086000182
12917461000102
12224907000113
00197999000100
11288588000147
50970342000102
28608932000130
08112156000176
25102277000156
32590002000174
08574199000173
01924062000152
14072467000151
08456785000113
13611960000130
10340730000195
42702902000110
26663290000147
72211378000145
01513145000159
07874481000103
23929979000182
06318262000185
03555516000190
14303080000169
18018795000120
72935455000100
39062831000123
97360291000160
07535695000155
48796254000194
11619912000162
01755451000100
00262666000118
13912071000102
15186479000170
16675912000101
08732993000106
14757442000191
69665560000161
00296960000140
12392781000196
35980291000106
33562638000175
19425079000120
60829264000850
04458682000131
33466473000138
61585865116028
71774210000185
67056028000111
39219001000167
03161800000182
18029074000116
09631455000180
04665167000122
02423209000193
12672623000270
10754458000190
57304479000177
05355411000113
02107456000180
21560291000142
08073528000100
05889111000114
14057324000170
10540204000179
26555099000181
01798875000224
14059953000130
00150197000145
04153544000144
19089205000113
16853712000274
08804741000137
12016462000186
02684828000131
04145038000103
12299892000152
65533606000138
61496899000170
21249768000173
13840609000110
08810652000101
87358859000155
27076859000130
56425267000185
92774017000114
06107768000145
11825978000109
50334929000125
26822131000148
13572141000120
23778224000124
05461414000131
08474705000152
17329080000126
29042512000100
17953551000172
16631960000190
14187025000150
07763745000151
05723962000192
07821098000197
04682466000175
06204131002030
00919741000170
41516071000129
85058675000144
06236854000158
29403201000111
13433905000105
11522458000127
07665741000130
11610914000190
08750184000119
05138161000160
07904776000185
10514804000162
16776699000116
01994095000179
04864143000100
13509470000127
10554176000149
08314507000393
18171574000198
51832046000299
21301699000108
00151725000180
82237058000118
15370617000176
02895028000755
10883869000185
12150269000133
50254754000146
15491208000128
12062629000145
02921852000147
73951485000172
14629803000114
05372547000131
02906878000116
04197152000187
07716371000113
02181819000128
16584118000144
14572410000111
18814376000103
24933178000153
08357058000107
85072098000145
04718173000109
01977500000140
37173127000112
14054438000167
05653849000188
16895964000185
13427385000110
03119918000304
28319978000130
22122549000191
92686104000110
39267349000120
04775185000167
27997294000124
01390442001630
27947704000122
66766841000112
02500196000109
10600729000152
11439090000138
24878936000188
09277305000110
08632582000130
12181996000168
55973291000196
08009782000131
20162970000524
45543915013755
27360620000198
05282433000281
11356195000123
04366272000160
03858274000104
11509263000147
41185455000963
76522267000100
63661748000155
65222051000103
04425337000100
13795085000193
08160881000110
10636332000110
02862352000181
33010307000122
13157415000115
33990128000107
07299676000177
31360028000163
02247458000175
10530778000166
02003591000429
49300205000181
12795394000109
12672380000190
12025556000111
09331149000128
01648029000570
23056285000188
06567051000186
03157140000166
13398906000158
38469680000160
00819295000122
63803290000121
00180099000150
10433853000170
04614430000154
07821605000192
00828824000154
04097889000128
09155934000177
13749779000194
03197377000170
07667659000145
15442461000191
15408858000167
24564497000139
07876896000205
08869203000120
01514486000149
03096846000165
12305387000416
06242364000164
01008713004151
17311232000163
20605234000170
83576892000109
04344301000193
08530351000116
06201744000150
07469375000144
77044618004418
04745838000165
07574752000105
04996332000129
09583529000150
04143008002888
16846920000165
23957236000205
03765784000137
09264873000186
03965454000195
02600009000169
77653434000115
52955911000176
06885400000108
06235064000158
00976581000100
04886969002610
09235446000170
88838479000180
05841073000391
09388275000119
05863242000122
03249483000150
13755257000103
04283113000100
14587996000198
05339319000240
15550091000106
07785560000148
07327332000124
02988564000100
20150491000164
26743803000120
13385812000144
07314044000135
23889310000104
06615306000139
04952798000122
02171140000158
16735032000175
76189406001955
96738190000207
32280935000165
09371102000198
30997169000129
16382791000100
46014122000995
20983972000150
07032862000145
00505515000143
12260602000167
07718633003447
24920581000148
33725227000153
01092603000123
02016460000133
03104563000118
04622645000117
12756022000165
01988207000189
02381320000164
08906511000189
31578875000107
09234118000159
12621455000103
01791324000158
14194117000168
21406598000193
12941463000137
73809600000179
13230505000194
04130919000231
00713167000108
26366519000181
33592437000110
01685127000154
11894472000151
00741470000106
05097561000174
08824904000305
02921441000151
04151872000101
04899054000191
15218636000181
19434138000127
20506481000119
00749616000240
06062263000101
03989180000174
02929560000150
05483725000100
17874936000144
08939972000158
92193648000140
04596004000135
03657403000104
27270104000172
09018249000107
03005255000135
07170943002589
07193202000146
11013396000128
17784231000136
26588924000144
15221432000108
76055177000157
07321468000127
34942193000111
21399030000192
83307926001123
23134554000187
78515624000139
17690622000191
31740821000198
02451857000153
04035581000158
11368511000187
67331538000150
11887782000149
36419778000187
36495299000140
54588108000176
97749295000135
09176226000112
35596501000167
16865931000192
19577314000180
90804154000129
10391522000115
17018089000116
11998813000139
14201481000108
81725970000156
10565880000105
03840986000872
08038545001170
96589551000454
71007280000108
22266361000117
05119637000115
13075891000197
00245605000142
12240242000131
27179753003269
61412110089628
00183135000130
07056052000129
01820806000270
13029698000110
10724491000177
05037582000102
11181068000130
26910700000107
62065537000197
24109437000126
03366924000102
12689130000162
03900676000120
14123573000117
