00715765000108
00571567000118
11091418000178
09058794000119
02737743000174
11574210000100
06222505000187
10651014000129
12856422000142
05992251000113
01288673000151
03936074000203
40197279000160
08156741000178
16050775000101
14692269000190
64491921000187
63427777000157
06290211000192
21944042000150
05019107000103
06329652000150
19720549000189
03327908000283
01750494000194
78728359000177
04173910000127
27558805000101
20696343000140
02129877000102
02557484000108
19713123000106
05687485000157
09166467000180
41907304000114
90813510000170
12263338000115
25734807000189
01711005000195
34502823000137
08355314000119
17988927000184
78807617000100
14351100000177
00893767000197
94922747000140
36222487000102
27473669000904
92372382000100
14259331000155
04634511000116
63473235001516
40293839000180
04193088000166
13553818000183
04030041000181
05921366000117
00810161000140
75864728000160
19614800000120
01941216000203
13554924000181
83148759000658
83488882001347
24637251000140
05757229000199
02535956000113
33438300000106
00285753002649
04826901000198
06626253012672
68088962000188
28052023000169
06949667000200
09067201000180
09083620000106
05584369000102
06988972000112
15009614000101
23435441000111
46050464000456
08037277000109
14047510000129
15103070000657
01080328000128
03008841000133
08297622000135
24873523000100
07631205000114
05868574001252
15831659000167
11157058000160
27075753000384
05145037000121
16799454000104
16632622000172
04198047000162
03606134000149
00013631000145
04395792000525
71881239000166
15039118000109
05938237000131
12953578000141
02994215000109
41550112004433
66701418000134
02671286000162
07560061000152
63619613000121
01647152000143
08380133000142
01963040000444
10944863000170
31587959000107
08044007000117
68822154000100
04481758000140
00070135000123
02612691000100
10468621000158
10241793000194
05937132000168
11778289000190
08199021000190
12086197000102
67597237000172
34538850001050
14596210000107
03684485000178
31692478000404
07471369000121
96822911000173
02895483000165
97079289000118
51174175000156
11502231000110
07208829000123
27058336000161
15922776000136
10228231000100
40186504000162
10990389000113
10467752000110
26404731015207
11792632000151
05514116000162
07469117000168
04541522000151
78116670000408
32220488000159
13769966000130
09400118000181
04566519000192
00871985000120
19227368000115
27381052000101
14713644000131
33999095000158
12457038000177
01277085000465
24571510000187
11376419000169
05675692000191
04661568000104
03393484000174
03679169000108
84847300000109
00905667000214
00840527000124
01948858000145
07550388000143
10573473000131
05653389000198
07362678000163
70097530000347
39240791000162
03232675001983
17937824000195
15340182000117
13386961000128
00306597002574
05009925000117
08835826000182
04907393000172
04384908000105
18500301000140
76494327000200
11242048000122
28359784000168
13574574000115
12123912000130
12783421000115
14166536000196
03739258000100
19508148000160
26544194000180
09160415000105
67385237000109
11475176000116
13219693000230
13928169000158
21018822000170
19224467000143
33075888000180
92665611031994
13829917000145
04046635000180
13569064001555
03139181000120
21844531000130
13128763000245
03812590000145
83488882001002
07430734000150
15612425000129
08121402000156
02398689000180
19046218001500
01635764000116
92392000000100
15064664000191
16726916000163
43358258000177
09264642000172
14209956000102
05039674000113
04022911000170
04009378000107
13380279000128
11764958000175
01435318000168
97402010000195
11485330000130
36907939000181
02381635000101
02814354000103
03763006000109
04757355000180
72642614000188
21287494000107
03465686000184
06083017000136
07169482000157
08023331000159
07624709000107
23919196000118
13139562000162
05462748000120
70108238000110
01618146000591
63303721000190
12327777000497
52526852000110
20697013000179
83934570000267
09527987000171
20722009000113
08919030000108
07469747000132
06864931000114
10956269000108
13614030000130
09001879000837
14362068000125
13042882000108
03997783000118
10741086000167
14090036000118
00818060000116
04349891000147
63380828000132
11079184000143
79635728000573
06573638000106
07784418000186
04693020000146
42277483000116
08909963000114
07976147012096
61585865050256
10792234000172
92660406000623
03419308000164
90927906000149
00359698000136
11216796000130
03943823000149
31129240000114
33014556086805
11490318000114
00521814000252
20168039000120
07513672000140
04528734000107
92321785000627
83305235008365
13007828001276
15722933000160
03353353000163
64358575000163
00541982000129
86794245000153
08064809000199
13454806000100
07038685000104
23426166000170
93209765022943
10992130000101
09196603000185
17891378000125
13857922000161
84637073000189
01456467000103
00243441000114
15082056000100
04198082000181
23982563000209
09264840000136
16912857000118
22354971000172
20316277000216
10466146000180
12165870000108
17739119000183
37432663000195
04117525000162
28157250000159
07140249000141
93643807000123
07240641003005
10555153000159
05019721000167
19693367000166
18595179000213
16930376000135
12320229000192
13509849000137
02678263000180
03339114000159
10486013000176
34028316436823
39616461000129
20043000000186
22269160000173
14364528000154
09223844000176
37166915000181
32622766000102
15508682000115
02814573000184
22990218000173
16835635000149
08808809000156
02457157000176
07852115000153
22494036000101
11664735000136
04434234000106
07773134000194
01264344000170
09517479000455
01611372000117
28996478000213
24285017000362
14690434000175
09221619000109
12985473000174
12599757001013
22075552000100
06328164000129
19003734000152
18431018000103
66643982000148
21227733000133
09207728000163
01706102000190
17765790000107
00497262000103
07144299000105
34274233001508
10838224000392
04017557000196
83207902000120
12342642000158
05770186000181
03838757000147
07629865000160
04114525000109
66815606000193
02998953000116
15701050000173
06343899000121
04293683000335
04398333000171
02494707000127
08742012000101
03356118000145
27613835000173
21475263000127
00602691000101
53837928000191
01237602000120
34682732000473
37994092000182
16608391000161
09070556000129
14292965000100
10455182000149
00477589000202
03157162000126
03534230000129
09141885000113
24614927000180
12867576000130
07447487000102
08829552000119
09616234000132
12729382000178
05051182000143
15968167000622
26729295000125
03476811073469
21434576000137
07233594000120
21534053000162
04065923000182
15112947000161
13565398000155
02334481000105
02028527000150
34028316598130
15034878000115
08266729000116
18684370000150
12126540000103
73722191000179
10605326000104
03394157000137
87793121000116
13668913000122
01138341000190
01210661000104
08117133000154
04339901000163
11373238000189
02027029000192
33397639000101
01396637000101
63270011000101
07056673000293
23940240000171
15021132000177
03204861000180
17679375000122
20256456000124
27693461000143
41788019000121
40323883000195
71319438000185
24650129000103
09390455000135
14921862000161
15059258000130
02654173000159
04372903000154
01514173000190
10809642000270
00438847000152
10174014000185
07244055000196
10362426000149
03570840000188
07738218000197
01882109000596
11106926000182
02298415000119
04245679000130
14151569000162
05195188000194
09417791000124
15484078000104
09639542000183
01961119000193
07192141000100
36563799000171
85244168000871
14544955000114
07628673000130
82385220000145
16058034000177
05748473000195
14861706000152
02372094000155
13186918000119
08606537000101
06634414000159
11095515000210
12420744000144
08832469000107
11252603000105
07175849000145
00477777000141
88153119000650
16747966000127
32102667000191
02837015000134
03166277000187
13641097000163
04069689000161
33593112000152
08686207000173
05084120000138
06258715000125
29383878000135
05425106000150
36370526000100
30160966000157
30069314001183
17309884000163
03802460000121
08488460000112
47454855000156
02581409000174
08851925000158
08398748000104
13716039000151
12064650000180
03129849000158
22353924000104
79430682009502
61585865025499
19757796000150
06867180000190
19721825000123
25446745000100
37061769000120
81428807000121
11773431000107
09477039000179
00618049000102
70595533000149
08969202000158
15023603000186
09657011000113
33014556014499
02243949000229
19776513000117
71884852000137
04843291000130
02266652000106
06626253033246
05640268000101
25418179000122
47508411134438
10519611000102
14769955000112
07613294000176
08327961000117
86466513000108
09122196000161
74853433000126
20459198000183
05038846000134
15103047010625
10249951000314
36446672000172
27680333000165
02080798000316
79430682006678
10319375000334
04703364000199
65284291000132
12542041000199
02763234000116
21795942000183
02673228000178
34214809000138
07837483000122
17636491000245
10488006000103
24601526000195
78421047000116
11575930000190
04153687000156
92371863000193
00909913000206
33542531000165
25680117000194
09060964011720
76189406004032
83686238000140
10977852000197
18472288000162
10278271000167
75105015000113
13083621000128
18839399000164
06910557000146
19101449000174
07821722000156
42591651146431
00033241000218
82931551000214
06321359000147
13712435000453
16655394000156
10779073000187
09239228000103
87496055000112
07393287000106
03265910000194
02170231000179
10659742000187
15604390000348
00296565000168
07483168000144
41224791000110
67788307000170
05927294000115
11612835000119
06191794000102
11000393000150
01338470001013
17162629000130
82373564000134
13973863000197
89510838000139
03383669000106
00816369000177
07187563000180
01897628000102
32957540000154
13758812000142
22930095000185
13988100000110
01781222000151
80428790000140
08467784000174
00496094000131
26918955000116
22363117000172
02034277000160
09280520000331
02885153000199
10909957000109
84713262000193
03238559000142
07960063000139
02783865000105
06626253120645
15151046000936
02275916000180
04447995000194
09254164000110
06057223032960
16520105000101
07981695000189
13332593000135
02357604000115
21439921000125
05167958000195
04219316000120
20385107000102
22922989000123
07232997000154
45236791005150
06135929000104
05504677000180
12337480000160
03362501000106
82662875000113
53172144000191
05846424000195
22094230000108
05808561000135
08693517000115
11510884000140
03355418000100
10892164000124
05208559000125
15053337000134
21681677000102
08228017000102
11707169000100
07926265000164
07657047000171
97532932000117
16915215000172
36007128000124
07725176000150
04039146000100
01587150000106
90008111000137
32437881000603
11348039000110
17138551000380
11193431000138
11596442002536
33567231000211
04130692000305
02359966000226
13100197000182
20278105000114
61719761001083
07395842000139
59128819000181
15166141000156
13165437000208
06319847000110
09441686000120
10750894000190
11418445000102
17322929000130
11980310000136
07473735002800
87342879000138
17200355000208
90355561000104
17159724000185
09303030000141
10473437000104
03084415000340
15619887000178
01189529000168
33041260065290
14598219000149
02700176000181
09813204000116
38006367000195
38143806000101
03419681000115
06626253056700
12144145000145
02012862000402
74159328000191
24774390000204
64073596000132
08985382000161
82630492000163
15551092000175
18441523000139
28287522000135
27881408001300
07190865000107
39310883000171
10907881000182
05453613000106
00262910000142
06028040000128
13162457000144
10934929000141
33014556065131
04054624000223
05649762000137
83448647000108
10239649000113
07060621000100
04871262000182
08836658000140
11574921000184
83310292000196
19227944000124
03988846000170
10796754000153
16455330000101
23255702000111
02270703000165
05816887000104
13979482000115
00725337000166
94142957000116
03030859000131
12829757000171
27493287000195
04783581000136
04761645000106
20246287000141
04539775000190
07703034000191
03539742000188
05652865000156
04027642000135
05678734000148
04846431000477
61098190000116
75981183000172
23890178000150
01648029000309
18604271000111
06182846000176
04661353000274
19027832000120
04531806000167
06983949000135
08061527000138
02039756000250
04574203000142
83289199000147
03922066000127
08585423000122
00244056000191
23886054000100
07231503000117
15221836000193
11031335000193
89835672001011
13385055000109
40926263000140
81193963000150
19123904000132
05989174000142
19409015000136
09238758000137
09324813000101
04915802000182
00268677000296
09233647000138
10424397000100
10476861000102
42010298000160
19036219000179
05156741000180
10757521000141
77941490013052
01589155000178
07177606000146
02916938000181
07959537000122
05485863000110
11843956000171
14132421000180
01266063000157
02422211000148
08776578000146
05802116000168
25696352000154
00102982000122
77374924000263
16770752000171
09157508000172
26550424000113
83088252000141
03988602000197
85332799000176
02332098000100
13119729000123
34029967000975
02449611000147
03551935000154
71458764000173
22523977000126
02893231000288
04366264000114
14489742000137
13640925000149
08003036000130
00780448000175
10245704000188
31437123000118
02331891000194
07257767000220
06170611000164
10935655000105
15257473000146
10860783000137
21987147000197
27122824000190
01966262000178
05147669000124
11298856000101
12635558000122
16857013000200
03826127000152
02328112000100
18088000000150
16382387000128
08360517000101
71322150002294
17957828000135
73393704000145
31740376000166
37131364000110
27437644000106
15864941000140
40200115000144
07730780000255
16492994000140
72248859000125
02012862001565
20899136000192
21665339000187
11259382000199
11548272000147
01928075006211
13393454000111
75747451000196
07606631000106
20140578000150
10333703000195
08210675000177
13184208000150
00760585000148
20746321000147
04095236000100
00573107000129
63639421000187
04217613000136
14444119000168
39283890000121
10990964000188
02404739000194
04248975000194
23190291000123
03862428000131
06967092000160
10889803000100
10745223000131
05261158000139
04794397000191
13075662000172
07169449000127
63885313000194
08943137000191
14617558000125
08319879000140
27853416000109
07801078000588
20191155000402
08645736000129
61365284010177
24434324000104
07820946000143
17279068000154
37435328002437
11571042000107
04617279000108
03840986006560
16989298000144
00243816000146
01618394000109
10803492000107
10594354000165
17987411000115
18625409000169
27361863000140
06146589000117
05619736000166
07414826000146
08944782000129
24349453000196
16953156000127
86538964000103
11606697000165
11423799000145
41221623000171
14959879000108
34868422000103
02575922000152
00663127000190
01374174000187
75262279000180
07837885000127
04491364000172
08372694000108
27061196000180
24807042000105
09662961000136
14279980000118
07914216000101
45007937000631
11485115000130
07507224000133
37487873000180
13868245000187
07373451000113
00167723000180
27637070000101
04266141000101
03590418000356
08398483000136
24592696000150
16233389003847
14164966000179
07023367000170
08884594000152
52086386000108
23579303000106
30065703000169
09494112000110
00234658000249
11040550000150
87357109000169
01897255000161
30853378000107
03995515004588
93272870000443
11617045000126
09650249000117
44507002000147
96488564000194
17833301001502
07251647000135
10352042000145
17327163000186
05098712000109
00113779000151
02787928000193
02242099000163
11819035000173
20472744000116
03306578000240
03920161000191
31634783000199
10496936000109
01843667000119
34028316675577
01271811000190
71870331000120
80282759000143
28118545000116
08403776000911
03075151000105
21713669000109
28143493000138
00306597002655
08925691000146
05435153000185
16373722000121
14515047000100
02265615000175
91036947000108
04167368000108
13004510004419
02869826000117
78754538000189
40499527000208
18373976000175
56136807000100
20916364000123
03071256000188
10909469000100
82236514000105
17960249000141
12942002000189
07011024000195
05301712000164
04256240000102
34028316754361
01325860000249
02764087000107
37836319000161
10319375000504
83442061000136
17099574000161
07987314000179
69705341000240
28128171000110
05950477000151
03747982000178
11928211000105
01657050000109
45543915000858
02558109000506
06043211000198
22008475000167
64553050000189
04406271000100
33802885000100
09021537000102
05270385000120
00392881000133
15548365000122
23510282000172
08020944000132
25403108000156
04942663000186
00761877000103
01439374000170
02896815000126
05093191000105
03871577000167
33132333000123
18605502000101
34028316453833
41416793000101
05428111000206
58893405000186
44317105000144
07420341000165
14311993000127
07619021000139
80977556000171
09388567000151
42811539000251
17583196000197
53957411000136
07616764000155
01915452000166
35714245000165
35166883000199
07469165000156
58996281000164
89897201000651
28653152000102
25051612000134
10915764000160
06064298000180
13303330000106
42011486000103
79034153000100
05315347000147
07341610000106
27390795000148
02184852000101
11242384000175
70310883000111
19061071000122
01711005000519
17695813001118
04188383000124
05553336000103
05032870000166
00593201000140
04749227000195
03921349000154
28272896000187
05574053000130
11141104000132
24952965000142
10585765000194
19119433000199
60409075014706
02990335000120
11677115000131
78517737000335
34028316107099
05631210000100
08943004000115
04683341001301
33333162000524
43708379001173
07288366000157
46856217000107
07995566000140
08872131000170
07423134000164
23910300000103
14259676000109
02715976000176
11449881000149
01383159000367
15705050000141
08834231000102
75291245000114
46325205000148
09338838000164
13382992000100
07792615000147
62972492000134
18252721000154
13289240000108
05758858000133
11149076000108
02462250000179
01584941000182
22087463000175
18357694000184
14801074000131
32617243000160
01421997000116
26136454000188
32495616000177
83573212006630
10666090000108
02353432000101
58621277000111
07934500000140
08266975000178
14189895000169
02902195001081
01397430000151
09150216000108
00477603000189
15486821000157
14202884000171
02906119000153
10373205000176
06346272000124
30128193000121
16682447000128
45359411000106
85789782006000
02823320000177
63433353000103
04777345000107
17709123000107
71057905000146
18512610000130
81034993000890
01316608000192
83240333002835
00095588000104
16936818000150
10312178000121
26173510000154
01795338000140
13646054000170
01966499000159
05157777000188
12966558000105
05169848000162
02400246000186
02106579000440
03160004000125
09459266000171
07373500000118
01419417000156
74160656000108
18010013000107
00160018000150
01011748000152
81326258001318
07833487000132
21843716000120
03498534000188
01973082000113
03318357000100
40405060000109
00136289000170
18295418000139
37826484000132
17414288000143
02107803000507
34314963000181
14954630000100
08799993000115
78288354000170
06950043000114
02918639000186
18445654000194
18268316000124
50970342000706
07074091000159
07174940000146
12598837000163
00819201001197
08632253000190
03137469000165
03835451000137
07113481000190
22563329000101
08309253000153
01604145000164
33014556060768
00312700000111
07473735009057
04800712000146
09289518000161
19709344000283
10785362000199
73411936000189
07129565000112
10890199000124
85776441000132
01456029000145
11364071000190
09268316000133
05387673000160
05513384000402
14080734000132
47508411139405
10958327000124
14860698000120
13704207000199
07880935000159
01574050000145
09561910000118
10156852000126
10213890000505
01993183000318
02064172000154
07092263000117
00242376000102
68852599000125
08096793000104
15440834000195
05509687000109
84683481032290
14579784000169
17064187000190
10898942000192
16894543000130
32175499000164
13167103000192
03979763000114
09570944000179
24225329000119
22712108000140
13303720000178
28361319000242
11109561000140
02778155000189
11344907000194
15392265000150
08053780000140
03980251000178
17709294000128
25238053000176
11174594000688
04899316027903
04415928000198
20616582000142
02235813000196
67379743000195
16795456000125
05107162000147
07573769000148
23395767000162
01286941000104
20594674000179
54187851000114
14855232000136
02335006000145
19602000000190
14554667000140
06177261000168
02465981000178
07214078000158
09052345000163
03897635000121
31134802000118
04451758000105
05906973000108
26805655000120
05218706000148
79695086000174
12200741000103
03058631000150
03467755000199
02802124000116
15245076000154
32296378003943
79632923000116
00574587000142
05953057000129
01585751000180
09391115000129
11889754000160
10697030000152
13352439000125
16886423000190
27590920000163
04792153000170
01995642000130
24335051000132
09624822000118
15299281000100
31815277000368
03278569000101
06033524000165
59712182000176
17030826000104
15393341000141
06866261000175
67797407000162
07958330000133
05331411000183
09453466000117
61099834017590
15004997000125
01576881000156
03914236000121
20991236000144
07388894000188
43283811014371
07099338000191
20551749000134
11418949000122
01162875000152
18920797000100
04253182000163
28544449000130
25867102000210
26969337000103
63878896000207
07646567000189
41019738000188
47960950049058
09196729000150
04381362000120
21385135000192
07349150000154
06199813000139
00105623000129
03270787000108
03349326000117
40859233000169
08582723000158
03861509000117
11792459000191
10481063000160
93209765008797
13458098000177
08647303000102
02883878000148
23448810000100
06187626000135
05818952000130
09666258000104
19851238000159
09464908000392
02431917000176
94568607000540
30269384000103
10519452000138
04071053000154
27744333000858
34028316066716
07247223000105
08042557000369
06907568000509
01065527000167
08952749000140
08626050000190
12959789000191
07885690000152
03175297000629
18587545000101
06368745000194
03033350000142
01183714000226
15629264000500
32395063000180
02730992000138
37222239000205
01277666000154
17179833000164
05604812000160
29843599000107
22578540000190
07331835000173
16944519000168
01050029000574
14209829000103
10509268000107
04075165000183
41395559000145
22991077000103
02294748000170
57633562000190
15336903000115
19767556000136
13221760000170
26958871000106
04330358000133
01030287000165
11816156000161
19931977000150
04663897000194
04724125000115
03250598000165
84586205000352
05491515000155
82596826000120
09242557000103
00415603000154
00604902000137
33014556019539
04155302000190
20883666000142
60342425000100
10342948000189
08768157000173
18182680000177
44652568000162
20242490000140
03497158000107
07221070000461
11118768000180
15193140000109
06225442000112
03439316000687
08897338000108
05302421000190
03840986004606
05338275000153
28721514000236
34210690000125
10508870000120
09421391000192
13770573000146
02384516000102
07077887000165
72286628000297
26476705000173
25398116000151
12539252000172
11696367000108
04338054000201
01455137000101
04451153000106
15763500000152
11623188001031
10273002000108
09022741000148
04528706000181
17066652000121
26284299000147
11984323000183
10401413000131
05798617000118
05336303000101
09279329000299
26300855000121
59567396000104
02707275000195
14524885000132
24197104000104
37152584000120
13529201000122
02485458000103
34707687000111
11117821000129
00071675000121
08990607000259
00360990000179
27246115000117
23883576000140
07873572000124
63800890000136
10283831000171
17305596000130
10914181000115
88687736000120
13244104000193
33438250015008
10403031000147
02992871000164
01109184000438
11474514000286
51893055000109
04773746000199
03651923000100
09630423000160
02989681000198
07527707000108
35845338000129
04568254000161
02290489000109
12512430000252
11160483000108
01570350000156
06033939000139
17739332000195
84058734000111
01641602000190
02897361000108
20611225000191
31035092000179
07248825000179
60232162000187
11228519000148
05902200000153
07444957000176
05937140000104
82634163000190
14481170000140
40275745000188
14849539000124
08068468000120
00866752000130
09311286000109
15254379000133
06183733000195
17128663000199
82451154000164
00306597007029
02377167000100
08389541000165
24486546000162
07347238000218
43283811010384
02464607000158
56148943000110
03742945000177
14404978000123
05808101000107
09625502000182
04042084000187
07066237000114
08203482000199
09104024000165
08407623000195
12331053000174
02904967000123
29149499000185
24608038000100
24706364000400
12236320000124
11598127000170
29018486000177
13850884000115
60727203000106
40626749000163
19201832000102
72544695000183
86819653000112
18334898000108
09382750000140
08667756000109
11037342000100
13250916000141
10942681000160
00475610000141
03234245000171
01387788000101
18739540000157
03996474000123
30948711000153
07792435000165
17939639000130
04986571000106
32991655000165
00366681000106
12070974000120
97538485000103
04027496000148
08586902000163
28182508000177
10789980000298
41988882000122
75079186000115
77177129000102
38742011000110
18192165000178
27391911000143
11589670000101
22122645000130
58890252003058
19479009000155
21279775000118
03175675000160
63540322000143
14303706000137
62000013000118
07744618000105
19560788000119
05091898000174
13440067000199
04105675000156
12907085000175
10465307000111
10501101000280
12965063000161
16433148000150
12107729000140
17990521000136
84654102000110
00525725000101
17247933000180
21852006000167
23237767000134
08434679000139
16901689000165
20982443000132
04383146000114
33582933000193
59690537000173
07553442000104
37572203000162
21625728000189
08430021000159
04411378000139
07193562000148
03726282000105
03912567000122
13030308000121
32441776000133
11964174000190
80224173000122
03989217002108
08448074000105
66226556000109
11362964000104
61234985012706
02934275000128
04444692000118
09370196000180
07663077000271
04963841000155
01332698000105
04331326000152
65897910000164
25275620000164
97549042000118
19696794000106
01700836000161
07525369000167
01608481000185
88492657000164
09029375000230
05369749000124
03119682000144
13097550000112
14851205000195
00779394000128
23066950000114
68757145000175
02618563000840
04181281000187
11780933000165
03366311000167
04222838000180
10800237000100
06928059000120
05202077000249
14309817000150
02507787000108
13748838000100
48681019000177
95788949000104
15158948000147
07190800000161
61955928000114
10849168000120
04818076000180
00136929000142
15121581000197
20717440000171
11471996000210
09209138000170
12942976000162
05091924000164
19259561000138
33014556045530
47508411240700
02921102000175
13794537000112
18952371000139
43283811008649
47508411250004
27580720000120
02929277000129
06664585000635
61549259002558
01566431000182
19039401000183
31861115000790
11466683000355
38540506000166
07002071000172
16233389003251
05780016000188
53854121000167
21820153000155
92974351000111
00406750000168
04873031000108
00437811000154
08669024000140
08111181000135
24362372000126
08948186000117
24253771000159
60344348000128
12785956000125
