02593374000193
11983351000186
00829352000154
04548678000164
05702079000116
63614671000162
04698548000108
04921825000108
11149024000123
04344941000284
49764533000139
04542410000115
71192074000115
32957961000185
64178312000172
04273067000231
13992501000143
15683244000193
26609432000198
06339284000121
97508915000225
04563075000131
20368539000105
04594351000129
68092659000159
00000802004350
09124803000122
13536726000195
03913585000129
02984944000176
00620076000110
03955469000172
02382640000139
15293030000100
59662429000197
08719835000108
04594815000105
21473234000126
02480681000168
77593564000100
02139199000169
01667954000115
02449343000163
08679984000190
10610403000106
20046736000108
12215021000103
07099582000154
04610978000126
89835672000120
01773614000179
13320579000111
11042222000193
11011584000117
14649770000174
04289755000109
21027537000115
18161324000177
07527553000146
03228240000136
00993785000140
04956557000151
93785210010267
17321741000177
27285053000152
27159748000198
11163261000149
05545381000108
84683481008232
10787552000145
18723817000153
06071741000140
03260631000138
17256512003999
07335667000194
25190934000164
20540536000107
17586870000197
24310384000107
28863371000116
05952876000151
60537263062358
07781007001885
15373066000102
00317220000143
08563651000100
09176861000108
01991461000993
27621916000115
03839230000137
27067909000113
10942819000121
14992055000130
08045826000189
62616222000190
26466219000174
12275862000106
06321821000106
28285831000338
20353582000105
08512719000113
00177483000102
04083582000178
08609764000190
34946392000106
02038025000371
78618865000103
24205271000141
15048163000111
18600632000151
31395759000144
74072513000306
24925409000187
17984390000184
03004224000160
14739053000214
19334593000150
24644790000106
10212299000100
25017286000149
45938701000104
04715023000133
83018879000207
01008821000137
89117907000149
20454170000153
04863475000162
04206050033356
34800557000129
14405146000121
12275594000122
29387149000157
12486809000316
07755462000168
08636450000187
41036542000100
04242399000178
04339022000131
23382091000172
84449024000201
24088518000197
10757936000115
07469185000127
20955931000150
07867772000255
04588580000130
05976156000126
10249334000157
01885618000149
17249111003235
90102385000190
04961002000106
12781233000743
35767623000179
33685520000134
05756905000100
05584976000172
04620772000187
89900401000101
40432544043628
14110745000118
10720086000180
66707944000292
03347368000119
07139125000146
07087027000102
66135393000230
05165273000100
02099322000165
10803085000108
32570558000107
05736697000187
04263553000198
00713734000118
04162264000100
12980892000113
07347575000124
14489625000173
23276159000139
07550280000150
04113704000121
61121794000136
03771831000155
05205463000707
02812153000169
01236495000115
05807084000193
09033742000198
11898933000164
06626253009299
09361051000113
19411107000150
03432208000178
14524959000130
06339675000146
06304880000176
15783211000115
02909827000148
24957156000123
06982796000101
66100322000110
03172415000130
09232465000142
01789822000166
43213610000186
07263761000185
06980587000129
13007828000385
12680105000118
04008042000120
08787397000115
02786090000113
77804599000140
10739860000103
86551660001077
02871162000120
09379278000196
22182081000120
00152143000380
06233434000118
92226323000116
20789230000199
05137609000120
11071269000185
09062820000182
13167470000196
21961912000108
00496655000100
08502737000114
07518349000169
20774935000132
05988578000111
08855684000115
02469456000120
02597003000180
20962687000153
56840507000108
00308869000106
03949377000180
42018952000778
08240516000115
16639437000100
03891396000100
02527341000145
09195467000109
00303818000183
21061742000105
03995515004073
04681567000121
25885468000131
16949585000120
06157213000108
08275548000156
01349268000104
06152626000108
01569967000313
01800397000169
97009377000143
07282225000127
19570163000138
71391809000130
83754234007750
12086978000105
36169977000184
02540355000107
06626253079319
06255220000142
15775763000181
12307187000150
05773377000105
41303728000170
00089380000182
23761293000125
13487667000102
03152780000183
07234020000176
36186088000125
78945730000314
33540493000101
42340935000167
07373167000147
14002130000178
40781015000159
36069136000103
12879718000260
95412318000196
28726543000100
13393034000135
16233389009373
06057223010649
03293997000103
26727187000113
21218447000101
28749757000100
37299690000131
24799451000107
07152218000100
92916360000156
25112911000131
04705092000166
08810726000100
04336366000197
17214149000176
03790896000229
04744381000174
05194889000109
19071543000128
16958000000139
10864378000197
06626253049673
10524491000123
13146413000120
21002937000176
93210573000473
15013713000167
09480728000132
06183356000194
20948200000188
14623473000150
06051506000106
30571202000154
11461218000160
01559046000450
13036825000108
15284481000181
03249672000123
02277134000180
41290495000118
71421838000105
05082661000399
07269295000145
04790900000130
11040485000163
18176914000173
07162221000105
60872306008497
61099834040060
25070872000157
03106624000186
13152851000100
33759218000183
75217034000131
72125180000149
30740856000164
05651631000194
92715911000113
11216700000134
11297122000108
08318561000145
07373673000136
30461792000162
09662464000138
90234659000103
17355051000139
02250584000189
10764227000167
03262382000110
07734756000103
08378613000179
43283811006433
04580212000146
03655538000718
05385875000172
05976934000187
11015007000101
00263757000178
06851466000187
01211215000114
15569643000209
09029375000159
14719029000132
03207894000850
03686491000164
23005533000161
05067767000151
90948944000188
09407365000100
91792655000103
24736262000187
22706729000110
06239786000180
11060552000101
03822787000165
24022569000116
17245317000190
68825892000101
11511317000109
54018684000188
10395229000126
14067423000133
06093114000100
10373930000144
37259611000320
04150555000413
21924295000324
93454783000164
02850879000196
13712665000170
08197731001900
04601597000180
22396123000126
04836260000152
33014556016351
03525685000188
12557236000102
25452034000148
97422620007830
12292341000167
12826803000189
18269802000167
18157735000199
04767058000116
00803485000151
33200056014018
24754041000131
00286675000149
08434903000192
07321058000186
42170134000109
01963678000132
74717034000138
16750492000172
14456238000211
31273663000103
82647884001026
05811157000110
12350690000198
38558946000140
10606061000150
03125831000269
45987005000783
63344964000177
17575499000168
05942795000170
22845137000180
06057223015950
00834279000290
26248880000103
01392194000180
04861544000107
20169306000183
08900299000142
39813886000128
09012724000120
10978518000158
03863744000128
04551477000116
12404915000141
80356082000140
29178001000102
04436134000100
06106311000205
04020521000161
10606126000168
32461006000152
13167781000155
09420997000103
23596457000106
31320628000106
09457261000100
07120373000145
05505982000197
27833615001399
84683481028004
10361343000135
01720891000113
30905345000155
15936982000103
04832166000125
15459529000145
84704410000456
01010057000134
05160498000173
08418303000130
03594344000164
82956160003431
00897641000190
05357715000110
26489856000166
05872208000114
14045296000171
10397176000182
03028530000136
11953109000160
05137209000115
23470925000100
02301164000184
05802316000110
11953388000161
21521231000110
17325253000138
03463364000104
06556408000392
05074278000127
65385965000195
05725115000167
00647879000672
56671985000212
38020285000103
14256616000132
04213949000120
20768354000198
76554179000190
32598427000120
16933918000123
09490378000195
14494456000160
01330764000108
76472794000158
15103047016070
08689559000182
32718256000125
09438974000126
31103864000162
20009901000151
95087466000182
05475850002103
02569360000215
44865657000600
13678588000189
05627857000150
16523326000133
23391646000142
03372256000118
87487567000112
07033776000157
04078652000108
34636423000114
47508411114402
12623162000165
12626778000190
29588241000509
10792497000181
08188573000100
06333164000117
04888371000102
02515378000587
02645341000140
08202486000152
02122563000188
00542438000100
13406285000107
02654571000175
16422865000186
09581079000166
08435676000110
04031988000107
15632995000180
07060690000113
24453597000198
11804206000190
14944668000100
05683331000197
39346861002962
14752610000156
06979556000158
09172822000205
73242968000106
10704843000122
09539023000143
13052503000152
04851898000162
06046899000160
64751266000159
93660421000120
41798398000130
08992446000151
15821545000136
40263220000122
15621640000196
71547426000108
14117454000151
18578429000126
09423134000190
02005020000180
01021870000100
08635248000130
60519634000187
72103302000104
35461243000292
01270349000106
10869149000165
13655587000119
07060432000307
97543742000103
23947472000151
92193200000126
16757571000105
05543524000142
64178171000198
08711353000101
23248922000118
33380510000190
32485544000187
00379291000170
11825802000157
04006471000168
02092743000164
01964486000140
19016994000162
29789877000195
95770228000410
17450031000147
17213586000175
11114284012099
19914556000111
00002062000132
17938757000476
05947929000146
06229344000153
10937474000118
86629185000113
03496130000155
05302972000154
57989881000132
16632455000160
30297492000190
01840775000138
22044472000189
61585865164189
79438826000197
03874174000171
06196999000172
82108283000154
23517895000131
07417510000108
01568034000140
07207863000930
01868696000135
01918690000125
96597398000164
16435986000162
05841257000190
01375465000190
13479711000132
10291932000194
23670060000117
81715385000175
02947955000348
26631566000105
19951297000107
84598382000197
19422072000155
09126822000198
02530415000100
10897155000126
43283811014452
00154187000188
02757260000131
01290290000118
89841613000246
00994883000100
09365067000102
28502066000107
11069642000163
04700567000121
24385041000101
13428185000181
34028316196172
36900058000139
13701949000160
43188101000140
08738695000115
34538850000160
01322884000163
23184032000190
01982960000167
05065447000162
78085156000100
14189881000145
19126185000103
07303955000167
08654296000176
12390701000163
28130033000175
04761267000152
34078618000196
83754234003762
19172031000158
42141358000184
35141993000104
11023142000190
10461369000155
08421990000305
82495409000190
60347465000145
04492589000143
27322004000142
14469836000144
06260075000198
04758482000102
23104335000155
73753048000144
16803298000108
01654141000190
83240333001944
24073694001712
06081319000175
22041386000112
31302599000141
08033253000173
63345003000187
10392536000153
00246872000134
45543915026571
61585865094202
11833866000108
02161339000103
07043604000164
12908842000125
03369379000108
10619011000108
01028987000115
11674691000125
15546937000134
13625258000125
23572199000128
02816232000148
04037806000296
61099834019029
30143974000195
07743501000107
43283811002012
33447954000104
09325005000169
05864465000104
11122664000140
02644577000161
20819723000124
13153992000139
02306745000109
10269999000122
30296883000190
87270690001400
02261916000120
06978856000112
04069355000198
08347550000193
03131335000137
26050436000189
00096270000148
00867844000720
26551911000109
09632228000179
03415599000112
97544995000193
09005707000165
20671595000114
26991760000100
04728699000161
11463578000109
83314377000142
03897366000101
92940709000195
04952544000104
07752627000148
04790451000201
10388845000150
07551853000160
10987133000157
07066408000105
05669511000114
05799706000189
08011505000163
00710209000149
04431847000181
62429436000158
16936368000104
10488290000118
06103208000112
01602075000105
28548873000314
02067975000162
05935937000172
53663043000113
05878500000144
09254545000107
14059254000190
29500206000162
09597026000133
00797514000110
16670085001550
18169494000106
90258088000139
19290959000137
09539558000114
00174895000180
16777693000163
12385063000192
13126436000173
05508756000160
08719545000164
06296764000152
06298238000393
85246718000115
14170112000103
00326250000116
10788483000194
01684865000187
19328467000193
15847874001047
13505496000105
28879981000108
45605755000158
03555728000178
04700516000108
05793935000358
28831412000192
06049974000308
04762226000180
17684613000198
03769439000171
27891283000165
14238871000152
12831127000131
04060009000149
20879876000167
12356100000304
10176265000107
07413643000106
02725233000187
02745281000137
31656168000183
05677591001202
48322127000234
10159232000140
13937183000118
07738235000124
05322280000178
01532967000187
03045691000138
05828884000190
07148877000173
14381352000149
47508411005115
07367539000122
01213372000169
10646557000158
05768294000110
12774998000160
47508411000318
08267095000116
15238660000182
28903136000120
03865902000189
04686737000160
02726146000144
00807460000126
91848085000118
23561219000165
10465431000187
07874259000100
11492065000118
06242778000193
26754297000174
40612251000141
40944845000150
41239781000159
63991954000123
08035813000129
07531512000123
18343849000123
02012862003428
07396885000139
19784434000158
03405914000120
07652869000160
22389024000117
07240641001720
09275132000109
17430961000139
08722967000199
15726245000178
04759987000183
08438379000128
23552847000184
01802189000107
06051997000195
07672259000128
01683629000146
13221077000133
03778535000186
08040502000158
48131890000105
21553151000147
11594193000172
09393501000150
10481509000157
24896425002566
09461647000608
03384787000120
10987085000105
26747602000109
79353231000139
22087091000187
90873118000117
12670936000109
02335200000201
03286217000106
01618895000195
69297679000200
05024958000136
17754733000114
68743400000120
61192522000470
07129829000138
63380703000102
03628558000104
41950643000183
23401364000189
06887516000186
31707656000172
05282433000109
14534627000137
61285870000149
04709632000180
01754239000624
27915016000180
16678563000173
07449030000986
00272583000100
07188236000142
14062481000174
79115358000624
12539517000728
91393645000278
12771497000120
04276377000129
23304188000167
31487473002051
27280484000126
06171272000130
00649339000113
41797622000170
94541513000315
30069314000616
20459677000108
26592034000106
24048886000101
50948371001301
08968365000116
24920199000134
19217453000100
12452965000102
07582179000181
28528388000117
86394459000132
68836741000140
14962237000168
95815114000104
28651778000180
06285009000172
10648044000267
14471877000175
14355934000150
06317099000136
27301167000149
10280765004920
01887122000376
88212113004601
82552746000172
21317930000143
07498233000105
83054395000132
21658410000102
26637600000159
16951226000108
15320225000100
16552817000102
00188004000145
51307106000173
07453243000124
08022064000103
06182867000191
23074843000138
10202853000160
70318761000171
03978085000175
17255772000177
14182111000170
87039350000140
03480287000192
09302248000181
22554173000194
12107466000250
08894615000110
17045964000159
13900065000135
07611070000125
07222822000166
11519513000120
31193006000156
00404277000180
33438250028096
43283811019845
09441115000196
17985158000160
01042907000186
03747723000147
47508411172798
09138483000160
10675815000124
07414941000110
04592817000157
02417522000119
09464135000182
15098183000105
01213281000123
84419035000150
14312338000193
21794602000138
61234985008865
14164363000177
01891919000185
60406725000700
10335902000132
75274423002061
47960950073005
08130668000165
20372734000109
22254140000129
21691371000137
02862352000262
04122615000141
39346861027442
07409393000130
11908178000151
20083366000693
05288932000103
79379491005495
41687484000176
89848543025404
07124712000161
03743908000183
05429222000148
17334109000168
73244337000118
17117131000156
12082667000160
07853239000153
88709563000102
11008953000112
09478070000124
22991939001684
03479760000111
21405551000105
10763815000267
06134588000152
25834748000110
26832808000129
03111221000125
28573219000107
00546303000104
06007033003165
11644905000110
05943497000103
13584708000189
04483415000114
01855960000104
01707872000238
11058956000241
01562648000114
92664028005704
05621540000700
83817858003862
16850338000172
34028316071124
08066001000140
68095793000103
01907433000198
13895848000178
73805731000188
93896124000188
03656780000110
16966709000186
13004510028512
93379840000430
05274286000117
13693539000204
08808826000193
01954755000198
13569064001121
03553578000163
09480074000147
00797825000189
66170853000180
15320050000123
15749976003073
03126149000100
03795537000183
32755738000155
04430044000102
10591363000100
10479522000171
05316040000160
08666015000103
04829666000108
17379237000128
97426811000190
14894293000102
12688033000155
20807906000120
30933311000174
06370823000195
06151829000252
27619572000100
82971078000118
05456944000191
04205350000145
58424623000252
26174008000168
06348332000148
03751727000107
22182729000169
82956160001730
08940206000103
11816926000176
21862761000122
79845566000174
09351737000123
11834304000170
00246428000119
05687775000109
05761054000274
15045963000189
12147445000188
02942353000136
20220638000145
17315110000145
23284144000201
16359465000173
01639573000556
00504970000396
13617657000144
05807200000174
15113214000141
05044367000201
20600920000158
05435244000110
32285454004059
03995515000167
09305178000468
19636021000126
05511768000143
01904245000106
12001483000128
04835954000175
93694016000122
95842621000129
17256512009849
02017284000154
08326810000144
12781233001472
09366743000154
17804880000151
70056221000167
11350063000194
10736109000145
26543827000135
28768927000195
04547908000170
45543915001234
12856945000199
07658990000107
00480261000156
01475750000182
04978358000144
39346861040899
05419391000105
25177226000193
11980924000118
89897201001119
08234009000179
14666113000135
05484571000162
73778219000190
10738012000171
34486860000107
04967292000197
07478329000101
05806033000147
58731662011318
07183102000139
12391093000101
14908116000138
12145475000236
32918351000172
03181925000174
26269585000133
16762049000111
13377030000163
05054671000663
13909592000100
24667685000192
55299440002208
94082237000102
00891351000130
23037695000343
19080967000159
23311069000131
10897053000100
04520980000104
07975301000180
08935610000199
28702314000155
13766853000180
01594635000127
11048901000170
45543915019877
08879364000286
01426949000110
04862831000204
33881327000250
02232391000103
08189148000128
03905630000284
13353196000140
16798796000100
01729938000100
69427342000199
02235792000109
57600595000133
30440903000154
14129418000108
10613038000193
63280002000100
00289305000165
01080408000183
00748960000134
17747339000159
08720774000107
24626997000158
10348159000155
05726789000186
37554755000148
59965038000818
15822149000123
74179151000519
02850375000176
97549727000164
01291055000160
04112118002882
01286042000101
05950877000167
05811935000252
08337178000134
07071780000100
11426166000190
80463789000156
05878461000185
15104417000171
24742972000110
17806555000390
27384647000110
07015524000103
37404241000106
00447821003943
09402237000173
13592771000167
11369977000105
12119287000152
02795957000105
79819694000143
21422808000137
06165198000140
10775033000167
04342666000189
03504465000178
17209142000166
23680133000151
11669887000121
10438732000111
19274789000105
15734195000170
96418264009357
17404571000194
01769241000162
05033214000188
53087433000192
04487514000174
07465145000107
09189711000120
24356255000150
41245127000158
11556790000102
00335134000163
61412110061456
26427617000181
08682585000189
83853655000130
15493415000111
13740354000114
10685380000107
06334922000111
34374264000127
11099460000135
05302222000182
00217067000182
07525174000206
03563142000155
32751935000104
19488105000160
33014556053206
14794059000103
11588992000136
74064965000184
22910113000167
03830667000100
24270027000162
18936251000148
83525386000344
06127992000107
04005925000186
09314539000190
08117477000163
19148119000134
17657095000113
15635969000106
09361689000154
37824042000157
12336625000108
57804213000193
93015006004291
10267972000109
13353459000110
16417658000133
19589584000100
06325665002014
13497953000159
07991297000143
01489335000188
20188991000357
07189779000184
08475533000131
07170943001426
00006358000121
07683741000163
05796755000168
54816996000137
24186397000116
15536375000148
24465735000159
05261317000103
81845992000150
09419392000445
03648026000139
11151592000169
02316635000128
90059726000192
23329227000180
40995052000160
14572838000326
18148531000191
04170946000157
07030674000188
04082624000156
77754174000174
00187790000166
30933923000167
13799101000469
04411911000162
70176813000112
03091180000152
08600163000117
03543787000126
00734401000175
17315433000139
18038143000158
08197504000155
20488745000159
23118829000199
73992448000455
06605653000180
05964826000194
02420390000184
03392479000147
69043867000120
83740456001278
13121556000188
05624778000195
08117199000144
17498406000149
18618224000127
10209140000128
08460192001011
15112196000183
70947379000127
07774644000186
63878896000479
10437808000194
72085673000100
17201840000115
32942369000100
14592601000145
18792643000180
05910590000103
55696538000174
23687896000124
04733623000124
13850516003273
07484622000181
09408270000100
13569064001474
21688114000146
26475384000192
05307007000174
05982180000178
64416928000134
94197415000140
14342659000130
04986075000144
00149731000101
01692224000174
13212722000151
18111277000157
07716767000160
14097224000178
03433969000144
01434585000200
45543915021189
94201985000167
28245298000119
04886018000193
08277717000510
08796284000267
02700115000114
10597486000140
11044465000160
03995515000590
02846220000166
16605769000173
03602329000544
12816072000190
16717090000176
17986489000115
08755862000136
23132007000162
16860511000113
77941490007753
85043826000190
58759994000104
07896458000110
11682928000110
10857801000121
04007977000191
05401230000186
12257462000178
14554497000102
01478323000158
07280573000165
14968897000156
15494813000152
13224434000117
59543611000129
00819028000155
27602183000171
18153894000115
40620098000102
22002760000170
21591353000183
11117346000190
77396810000214
05394380000100
14176788000104
02837238000100
02509155000183
12702241000242
17081463000632
05057143000153
92028224000804
14706698000170
45543915016509
01351837000148
01199318000106
17037656000181
05662861000230
17851095000150
07972378000104
22583480000101
08281766000101
10717535000131
03042845000138
03064495000100
24383622000104
05022160000155
06879118000118
00965643000170
08370437000129
14486153001843
03117473000161
01327310000188
59190256000151
02233046000186
20870791000118
04917296001132
20445234000150
17574847000182
71343644000120
05926419000192
02168148000165
16886919000164
13517030000111
94089398000128
08865877000157
02645822000155
68584077000270
08328248000198
03708553000191
10875191000199
13018536000771
00806074000110
12424030000104
05521806000149
16670085016663
15506857000155
24597290000160
14812756000140
08296266000135
11979812000147
10863336000131
11479802000142
09091567000195
07446810000115
17256512002674
51972396000170
20593933000147
28527416000181
33327313000108
05119132000150
18162683000220
05655969000114
21531876000134
23759856000140
09305931000172
05730257000201
11400446000120
03962496000172
10497869000147
05371603000113
21649641000141
02880801000114
00351638000177
03236349000115
02098041000198
05054543000105
30799456000124
05726021000102
01813317000100
21465408000109
02118251000109
06133632000100
09942838000179
09250573000148
11472842000243
01940720000108
20064552000170
05512362000185
05730257000384
15810269000100
18553918000123
17158720000182
11633789000134
07544059000190
28318193000142
13677545000189
01546156000135
00223623000123
03565470000190
03619654000196
12372331000131
01008713000750
76430438003359
01708768000187
54559729000121
13719202000130
00916866000147
07353102000130
23361264000257
16805235000190
12416326000183
09236705000187
18072839000109
09547773000167
68681626000144
00306799000149
05402595000125
00487839000104
30937874000130
19645707000183
03781309000154
07428384000197
20499493000163
80082258000113
11622119000112
19155443000180
32918245000199
13004510017316
07318468000178
20315404000181
04278996000152
51096899000129
05931496000130
04268910000100
10377758000105
62453709000108
10361662000140
08868674000114
13771693000168
24004217000138
13868225000106
69952844000139
21145153000105
04940620000161
84646934000780
03235908000172
07560623000249
14049926000186
02859296000126
13665618000112
05991498000115
07661027000174
24725017000336
20378170000111
18209057000160
64481955000190
17217212000128
03348254000193
21020224000135
34613380000313
03382268000123
00426829000150
10516083000120
15613391000197
08768454000119
34878249000116
56291552000150
20147344000135
18487810000260
39621867000361
11934186000253
06012706000150
09581720000162
10534926000110
73817892000191
14842447011076
06249677000225
24047847000190
10205416000108
08257633000191
25322401000199
42313056000146
09225508000243
69986842000160
12103728000128
04884871000176
07116969000848
25833203000190
79188439000140
06985198000196
11162418000111
15612167000180
03399820000196
13256127000118
07550488000170
04177386000162
03175867000176
04877041000111
04748174000198
02563494000148
10303084000277
07243409000188
05623195000140
03347734000130
01658840000109
02357588000160
07197122000673
51348654000141
12721271000115
03795295000128
05959641000191
78945870000120
05117875000191
36153542000141
11892443000150
91687160000106
03900078000150
00727638000129
08920547000117
26222296000189
01172467000181
08071481000138
16844696000172
06912516000199
07330108000191
11016810000152
87107033000113
03361816000139
76430438006455
82729773000178
33088436000133
04064161000108
05079625000104
05744711000194
03932800000210
14152403000160
17256841000167
12542729000179
85035343000144
00514589000146
10605988000176
02814097000525
05362676000149
26391813000143
07904575000269
09675222000189
07428013000105
07048261000201
21590888000130
05268780000179
01797812000172
21026027000123
16705735000150
53487567000109
01404635000117
43130186000106
87140158000145
00291784000235
33176090000125
15057331000135
09479862000113
03019037000311
20141700000103
28434610000112
26416301000194
20188431000130
07489517000135
18003241000150
14694945000165
01241313000102
01212540000100
02014008000132
08677880000147
05125261000232
65738155000175
23889124000175
20766003000148
03960741000102
05855210000185
64308299000200
16682368000117
83754234001557
72575970000126
04330983000185
10888937000107
05686593000105
00806195000161
80816465000154
07122368000171
18902431000109
88630413000109
10816150000121
08594928000153
45543915007194
01926006000157
07515089000178
14688999000118
20531319000150
