07152482000144
09501323000133
18025860000145
07674334000270
20119452000102
36914059000132
01438784000792
05518548000141
04899316040179
28347615000108
00810146000100
07844142000184
00371940000197
06814676000103
17066549000181
11511754000122
24031474000169
09579673000112
10289608000131
13731411000107
34028316594909
11034772000160
07245932000143
04223492000135
07157239000119
05899997000187
10361645000103
11715886000176
18005609000119
13659294000100
04445422000121
09517132000160
24659912000219
15365424000127
70356746000118
18932829000198
18826658000112
29902195000147
25557208000137
01235554000130
22760285000100
15295922000140
33014556019377
63004030003454
04715469000168
35896646000183
01649646000590
01806196000179
91491282000122
00238837000173
11331304000158
02366787000135
11867991000120
24585153000106
13742083000136
34028316335202
01672670000117
05709100000105
02741657000135
03244374000221
59603977000499
11621011000105
83340026000106
76581958000185
01429112000125
04267686000132
00190441000101
00277178000184
07595175000138
08274692000500
21938501000193
01952286000178
07017009000154
13731629000153
05054633000104
23493670000192
15438785000156
13519049000105
14888415000158
05135654000146
06626253012087
09395341000188
42013862000107
13162809000161
07412076000173
42431585000144
10523549000114
34028316004605
03479372000130
73779357000193
06334590000175
37505757000902
78413325000355
61365284014245
36371920000163
05793586000102
24094340000197
14011106000103
21388934000112
82699588001230
20414066000569
04973159000143
05940345000149
03409689000109
04205760000196
02903625000199
23200178000181
11468773000113
03175736000199
75041715000191
03209283000174
08290508000183
06180234000144
02272572000155
09557442000108
04648736000121
08442955000100
10553090000100
07610743000122
27123868000135
89248223000186
21752738000266
07685177000207
03001428000147
55859813000123
04676768001021
49226749000817
01110716000104
19156619000118
01093720000101
43152420000104
03358309000146
47508411243563
84473859000108
60187853000106
90034364000428
01941841000166
72207509000110
10587334000167
24490401001450
03805145000158
26022321000180
00370783000103
05074994000104
07314218000160
29180828000150
02742307000193
68664879000100
20736591000177
12000207000145
05535856000185
04322661000194
18785032000105
07391345000162
03830288000209
02947841000136
13560873000109
02904053000162
02828851000152
12360895000154
14726280000205
18301306000143
19852144000102
05208138000102
10726235000119
92493089000193
12076583000113
79565586000191
07662708000157
63201867000125
50337104000164
61344131000180
16980555000187
65370041000115
92665611007856
03573873000181
09382860000101
10543720000238
01409906000127
05879152000715
03917603000140
10385745000170
04537316000178
20415295004919
33086620000144
14333892000238
06940808000135
09272443000106
13245992000169
08693030000132
13301628000179
08293548000189
05036259000106
02303248000157
02944759000158
10567852000119
09111667000136
29025131000105
05990123000130
02558191000137
97398853000165
08607528000135
06315490000100
94296175000727
09434617000190
05697307000107
00736632000118
03306578002293
17250107000190
11718183000100
89237911009288
17800690000166
12755827000194
33260696000144
09078990000155
03714716000149
09081995000137
01323039000102
00526454000109
03819835000166
19317540000121
62045828000113
00099240000195
04560612000190
04415928011475
10892844000148
16563032000135
05055971000152
22283852000176
03767550000129
11895994000178
09452213000390
33497579000107
56228299000190
01874166000108
03273244000136
10801307000145
12404218000190
05879152000987
02245683000172
83706788000264
08302389000131
01699757000188
26517115000141
01242067000103
47508411167956
08277717001088
10408092000105
00111682000290
45007911000340
22217970000186
19467026000172
21736267000111
06057223027100
26686758000119
00538514000103
08144963000170
04483074000187
08463179000125
22271587000106
02907638000136
12784850000107
26994986000156
06340755000111
08053262000126
03580151000154
02422744000120
01507462000162
76087964001152
03547160000143
90740754000170
07575651000744
96555008000193
63718555000274
03415646000128
26689938000154
12243274000190
06237826000155
15504055000106
06095116000138
11674379000131
07046961000186
14280506000106
13430598000109
00490825000131
05729925000191
50097195000108
07491902000117
37391885000107
05197840000100
09077965000157
07965809000288
17055284000116
30094114005844
10415365000130
09480118000139
14378801000108
07199188000198
07753418000119
18739378000177
37365483000138
04882354000168
20052113000148
03690142000116
20598975000170
17317739000124
00541269000185
12920560000143
25066517000104
23634363000184
21730487000138
09551231000168
10331452000100
01860363000160
43222108000131
03718839000158
09290634000109
18015851000173
24716719000191
07849387000102
01494682000107
30740963000192
08318030000152
09327584000189
00676486001316
13004510003102
58142159000120
02881487000194
09477771000149
02886672000171
15593540000101
08628122000139
02119679000168
17605393000160
23208470000140
17337638000115
06057223031565
79794921000123
20522624000186
16891609000138
17314329002092
03668095000104
08459768000130
04389994000130
94894169000348
91958256000242
02212642000180
00915846000151
01189686000173
03258142000141
09317202000136
18197698000142
07278388000136
05118564000147
05326246000171
27902816000167
16894258000119
00590976000161
11919928000190
77374155000112
14833749000124
33438250007765
01948112000131
12463562000150
07378765000109
12781233000158
08197232000193
94752367000105
47508411012243
16876918000139
23152521000160
13219916000189
09614351000167
20604227000153
37412491000198
04252697000149
09024521000153
05407823000150
03230666000124
04687124000148
39208509000160
52876620000192
12264207000152
19526749000103
45370673000171
01930526000133
09113195000150
01433984000167
03079197000194
17881322000190
04805081000158
14462048000126
03907155000102
06057480000103
02092932000137
08789898000130
17084102000135
03357099000171
34028316295405
15346045000190
08792580000109
69433605000172
00841941000158
17106650000119
61041547000120
00647473000185
00091673000102
05972646000235
07429552000169
09414645000145
24090788000132
89032429001146
25120551000110
21035697000106
07878357000116
08229583000139
04333196000197
13562910000100
40603649000111
08305523000158
04164744000100
08939550000182
02718917000151
20347441000171
06009587000186
10859287000163
07622920000190
16592050000145
34525303000140
13801246000104
00533018000159
16908317000160
13662472000151
10495899000114
14781133000157
05921064000149
02836337000169
08635703000521
06537674000106
08976591000149
26748236000102
34313122000150
04843557000145
06026078000161
07120329000135
15806716000158
83240333002592
04520643000117
29065414000180
06063938000137
01159377000150
03935826000211
03808628000106
72196074000156
05572957000126
07314387000108
03623365000160
04641376007149
06227104000209
14579568000113
00016527000104
07272825001933
82095548000127
03595987000122
04899316017002
13514512000118
04989023000121
09266738000170
12303616000463
22858828000118
08932542000104
02226278000530
11422849000170
43963933000782
44141521000134
12652577000167
02277066000159
04028062000162
00236077000165
02113903000104
03590418000780
14877433000134
04024313000130
26551835000123
24187718000105
90176876000186
34468743000102
13281626000165
80932601000171
63643068000109
07524681000136
06715957000281
17722960000168
81655078000146
18054494000152
81701898000127
95160404000159
03011890000125
74072513000144
31170855000194
09634929000147
10509267000162
27493529000140
13029549000150
18521361000149
08825829000135
05166078000102
66481854000145
81352882000156
33014556038320
18315034000130
02485257000106
78357969000101
14407569000180
01249993000100
04779685005993
13712435000100
07584374000140
02518211000146
02984137000153
00512663000438
13439941000178
78901915000599
08086577000170
33014556046773
02070333000112
28153492000174
88212113003389
05350093000106
14213765000114
24332793000104
05245558000231
01935886000128
08397405000117
91866756000173
03770308000104
04236823000171
05247430000126
29958579000181
33847179000176
08893838000163
02161408000170
29020880000140
05639156000130
09942667000188
82552746000253
33200056039789
12905299000293
89553648000107
90069519000119
32500977000598
27691971000181
51669307000110
05799947000128
06296176000119
87955035000162
12210836000108
11471925000137
06922359000100
01618146000400
08706258000110
04647813000129
04435246000813
10252971000344
05977968000196
61543468000117
17951267000167
07473735009308
18021798000113
05110153000105
10750039000180
11747182000185
01342902000179
31437395000118
11479858000105
17339676000107
24838775000107
95816724000467
00624710000192
02399303000154
40787079000248
02253710000159
09296295002960
06887690000129
27408427000180
08921062000148
05127398000145
21802494000106
10374595000107
37027224000105
62599477000192
07625163000290
24521089000108
78094810000141
07185206000182
38905162000141
00129143000106
22865242000180
26174084000173
10495985000127
16539388000133
01439700000140
21491274000109
06355095000819
03772229001457
84641331000109
20403042000180
88075692000188
05977646000228
00779979000148
11399606000168
23429342000127
07404899000157
93209765022196
17989379000107
01410740000169
20168260000188
24642603000155
11077168000111
08165368000111
13530973004686
12033831000149
07270366000391
12302293000140
08755441000105
11263750000172
05203467000152
51663763000749
60872306012508
02077996000169
02084673000100
10906446000133
04701018000171
10942085000180
04198168000104
17824261000129
02256543000108
23841256000127
06315993000177
36315752000199
00339611000169
11186083000171
17381872000140
10902973000170
22164990020404
12624074000188
03425979000138
23540102000103
16096200000120
00049460000104
60458247000188
52230950000106
80860661000126
41556168000165
28856771000102
15528010000171
02147496000156
21528556000125
61365284016701
17417789000183
13601855000110
05304863000176
06626253068899
33292061000129
02945101000160
20727813000195
10919276000121
92570084000117
01826935000194
52486982000177
06295220000176
03172061000124
02620183000173
02577712000101
72820822000120
10991903000135
14897562000275
02050925000172
55099832000107
38006631000190
78885019000230
03065280000104
02910040000104
67567339000145
84557263000277
12852596000137
12429653000170
10262445000101
05878891000105
78143435000182
17771131000175
20843804000160
09296295008144
07777526000121
02336374000108
04566269000190
35120369000899
33014556017323
08857014000138
20610783000132
84752914000107
11195748000103
03253049000225
87633046000126
33774324000136
91454256000124
12318064000114
03419771000106
05371967000101
20827454000148
07282516000115
13552957000192
05677482000132
06626253031898
32130288000105
08979578000143
80140577000138
08318541000174
19897264000118
18910070000142
85081909000174
10829779000106
31761083000165
13537575000190
21022439000195
04792171000151
08113064000291
09657753000149
05380090000107
09068505000162
00585523000147
19494740000150
04690132000143
31431476000100
20400208000105
05465207000155
07170943008609
15479795000130
03903033000130
03758766000128
17354635000190
06177220000171
81660490000154
01767290000166
01491039000111
09291797000106
06056152000192
33495078000183
26519961000109
08948053000140
10612071000107
05014246000136
06347409015863
02901853000120
04869186000170
01412602000119
05381281001599
69431617000249
14140215000112
13206434000194
77752293001917
03324024000194
02729158000122
26593095000198
11921352000104
15633030000102
03343330000178
25660762000145
09533616000100
08310120000440
29913390000172
14398665000100
12161810000109
02751614000130
04519387000148
10231624000173
72224579000187
91948448000278
03062729000180
22922605000172
08046521000191
04899316005004
12093731000108
18087823000161
04953263000176
61585865120211
00527082000470
01968338000102
00061294000161
19307458000116
07580386000105
11195694000186
04905608000116
28841759000116
11726521001976
06905979000123
11651030000184
24821925000161
18414517000192
23297293000116
22581176000117
18009395000159
04926267000165
05670242000106
10986403000105
78244530000172
93395739000120
06115192000168
07046726000104
09588522000120
12983236000174
04669484000117
15004555000189
20049932000136
01789526000165
02854615000100
11717666000181
31027292000180
10590602000108
12305697000198
17745613000665
17418047000172
83621235000128
07617149000163
54190434000120
11520476000170
87858106000109
15156510000120
03581094000128
10329026000212
36062206000193
02831990000135
36998193000169
13403281000175
92225739000110
07654220000188
07922471000104
51778959000193
33014556047583
03583526000130
18415615000144
01430198000106
03147244000190
08388170000105
05562589000135
74064601000102
07918416000302
09161921000291
03476811033327
39829171000163
12711873000191
04599891000103
10484697000177
17469701009557
54096466000161
02441555000102
11991194000150
41732397000193
01353218000192
07870796000182
64513799000100
14026484000152
04464752000164
10332962000100
07243086000122
42770164000148
11825475000133
05808985000361
08547108000100
98102924007963
16041907000210
16579656000140
19964762000136
08583248000134
06137184000112
85066983000383
18056375000139
06088969000142
35990159000185
03145102000355
18245738000850
37599891000154
18188649000143
79883435000181
07853954000196
74612730000180
10395953000150
42493684000150
05072763000161
03424439000130
04814328000100
04850630000106
34693747000194
05228756000106
08091304000113
34412932000163
00475314000140
33014556138546
07344282000193
00922433000102
36889558000974
68797141000200
08909766000103
16263105000173
07799985000106
09522337000133
76431170000192
73469967000786
02801815000103
00873849000170
05655578000108
07205839000105
01885635000186
22289228000186
09163191000187
14048101000147
06626253069437
17732149000168
07474579000173
07804889000109
07899122000100
09596810000127
45543915041619
21548318000181
10619796000119
00949610000560
36891992000131
51748705000122
04639333000116
12370448000186
25464710000101
02655968000181
25158934000187
05400050000341
82467911000198
00651528000120
02211749000880
15346358000148
06150928000139
04418609000136
08593960000114
68708171000294
02202545000106
11083722000173
03871948000100
12579490000292
22231369000148
02858003000196
13951838000102
78460847000146
21340859000110
05787749000144
08214213000128
08014539000101
08781642000187
92660406003134
72215304000187
17695813001703
10249121000125
08421722000121
72687866000123
11081965000172
13227372000105
08680635000270
13259966000270
07615049000106
19834648000191
04730245000125
01909017000129
03915131000197
06626253019090
22991939000289
09631498000165
07358362000106
06930238000100
04359010000179
06170545000122
10377001000103
47674429001108
15355960000141
13427674000119
09573252000184
05771581000189
06854061001689
00892392000140
13634011000175
14988336000119
04593888000174
72050347000150
14835437000150
05238537000108
85142966000116
07520267000159
05645139000106
07098897000187
00772519000198
39346861039882
03231720000407
04237093000123
01970102000100
01438784000440
03646945000173
07570682000389
69726370000107
78252616000147
08415925000105
37054319000452
06012414000540
04342595000114
03624996000102
01628563000191
10358855000142
67883942000136
05282048000153
04410362000101
09036500000158
04127230000258
07221650000106
04369988000545
05726844000138
04949905000163
13569205000134
18602233000120
17750893000195
45543915003016
18248997000169
27486182014754
13280416000152
10854827000116
10491622000113
03286628000193
08698059000107
02206532000105
11404058000206
03727710000106
16525008000101
01476334000107
71077861000205
15467846000103
40966889000180
17214063000143
04649118000104
82377839000108
20543865000101
03268589000100
25150293000203
90422395000103
24274008000104
61585865094628
20401907000170
29055361000117
11517841000863
09422022000114
04384309000183
03622903000100
06222399000131
16505623000156
01467160000108
20205435000180
04144661001202
20744762000100
22225278000108
02979512000177
14283982000180
09546823000191
04285400000141
04706766000147
13643923000103
75362707000147
15479863000160
29494494000190
11949507000102
63901458000131
83707760000160
03013807000157
03705006000152
09546079000125
10314302000198
28683174000115
04573785000142
15088654000196
12381022000128
00683748000993
21245452000103
03517429000149
01617255000160
08191353000209
09453626000128
13379724000130
07092149000197
09652800000161
17900565000128
09470429000117
04145811000131
39378120000162
11463449000102
07921382000135
01797119000108
04642422000111
01976039000101
10654810000115
05937286000150
10353536000144
04710271000191
12935052000724
06102711000234
08747453000198
01368232000160
05112280000224
25758012000291
44358067001905
00257433000127
45584430000136
82269143000168
13170958000172
95403465000108
14763699000156
18328118004600
07399666000103
04445780000134
01234714000127
24708691000140
06867174000132
61091906002601
04534481000176
05075996000118
13562913000224
05804891000152
03915997000360
17343445000177
03558352000155
21610433000562
15549204000153
04284424000186
14692344000113
14601765000191
49975923000158
15569643000390
02025786000127
05830232000271
05357389000140
10916346000198
13150657000187
32326522000174
01966397000133
08775117000159
07915404000154
75026807000526
10718126000150
04462607000144
23560991000162
03686434000185
07925147000131
95425104000154
00306597004780
14995225000130
01998769000103
37549524000227
07910538000182
07917488000165
00392382000146
61585865060804
19117203000190
25452186000140
04572828000175
05071184000102
11074431000119
11407152000200
77883320000919
82873415000134
66872284000114
24485396000172
01432670001111
22406218000183
94234275000800
84751411000451
26350959000140
19784104000162
71624381000128
04931991000187
02247217000126
00469362000126
05690331000114
81074445000118
07604073000131
36993764000172
02617177000167
08071241000133
29639420000102
13930541000160
04906626000112
17745613001122
79568580000178
65053290000187
46749842000141
09329294000174
11475086000125
41003930000186
32475147000205
04762526000160
02644604000104
33014556045378
10266935000178
05577510000140
95599593000160
12186450000108
26593491000115
11725176000127
27549307000100
11251195000169
00577000000159
23396997000146
05383915000147
04107697000155
23152112000163
02156917000105
17193124000133
03134703000109
10529917000131
27555513000115
08083906000129
07336890000156
10479170000154
04917335000120
55695639000120
13429717000103
05144493000157
03165545000146
04243562000117
78773124000105
02908254000138
02941559000141
07918676000299
07604833000100
05363191000170
36331155000158
07935864000144
12069568000148
19164899000297
12279422000127
14078509000161
06261374000147
07104526000160
00943155000242
05275884000100
30609029000136
00944936000170
05916400000165
10677278000151
27944686000125
89237911015253
57028334000190
15414413000190
17239941000185
17290378000170
02053221000153
00943750000288
64295330000134
01971570000191
00819201002401
12616795000146
26591718000274
24766442000101
20836396000119
06989674000147
07030824000153
06022803000123
10266118000110
22709813000198
04130692000909
08479061000195
32092447000124
10641236000160
97175434000164
20699692000115
18230565000554
13650183000132
09001879001213
00129337000101
13842585000139
09358460000160
17055911000119
19249898000164
02279329000169
09271753000106
38154506000128
75274423000280
28363521000122
05452665000150
04714493000182
57883035000133
04119970000595
02385662000152
04810409000124
05312941000184
08117341000153
20562997000180
04718804000181
16882108000195
05364099000124
05836486000116
08097029000145
08827680000123
44358067003517
91410597000106
34948828000198
04166838000100
03925442000137
65326365000156
02409008001022
07170943004794
07052432000195
07093978000194
23405293000192
24985624000173
47960950043360
04979314000139
05194165000165
05246946000156
16182834000952
75277558000118
03348351000186
02268603000102
17461153000139
60872306003509
54768148000108
22555719000121
05569890000170
01251526000107
05148360000159
41287996000145
10952447000114
11513372000138
18592080000187
09185479000152
59160689000164
22094724000184
19962152000101
49560600000101
14770021000281
10617309000189
30065742000166
04908165000117
11802621000105
13529807000168
14831110000100
09573070000103
26460832000184
40519597000108
09141352000131
00514488000175
15162392000162
04738541000172
22661482000244
11179847000100
11662924000170
15104492000132
92012467018702
11667601000179
60537263088748
08314180000198
04326492002457
01669892000180
25102146005219
96819933000184
54834023000120
07991017000105
03790896000148
01140514000105
06626253019251
13811839000151
25888199000167
03662644000133
13522081000131
09179834000180
03814639000107
05488387000190
14761233000111
15001653000162
17487634000113
04557299000130
10963522000142
84020825000168
86807609000354
21178962000105
95071551000152
42225938007596
18750547000170
37444452000172
15459431001836
12399413000170
16992751000171
10995220000156
16891175000176
79379491007943
04834431000104
30069314009834
80834807000169
37448958000150
06093043000145
63425185000104
15762458000155
03343515000182
08759790000103
13816783000128
18257586000130
16404261000107
13536408000124
41374562000182
38766861000158
14211106000149
03352657000106
00344113000104
06968477000141
20311486000196
04742750000270
07817107000257
14393911000130
37162377000238
12643750000160
02399407000169
05809644000149
02820664000122
02154625000133
07553620000105
07490788000100
18562318000121
90682642000372
09144831000101
76940154000125
05047273000539
03846765000135
06303992000102
24977089000109
03360963000194
15308306000187
07134558000109
20841771001867
06205476000145
07100012000137
06014605000118
01098983011148
09490334000165
07045534000183
08738250000135
10724311000157
07743556000117
04390927000136
06235351000168
30079214000166
49474398000944
14300724000165
25488446000138
23071491000167
14070343000137
03855924000168
00062616000197
09561689000106
02725690000171
41847872000177
11794752000198
01587476000133
10220369000163
24557292000126
16880589000108
03775439000184
21262964000269
95425369002287
20735946000103
25129151000175
37262409000196
33014556022599
85364867000189
07202576000180
25510959000106
07899312000128
07919014000152
01926834000195
00065550000199
15155744000152
10882877000107
15865521000189
02447162000289
07328085000180
18046681000194
00560887000172
15121673000177
13572955000165
26903724000139
02032468000193
09087927000185
02440889000153
14433905000160
10996524000138
05299535000129
07439885000179
74064544000153
22036844000125
26617657000196
04984112000185
11040245000169
04568754000101
15375991002027
10387154000131
33233792000101
24951802000145
03124086000152
22385854000176
11371296000173
07660644000155
00837378000144
26209924000196
00577021000174
06626253008489
03010885000602
24073694001470
02808521000103
54291885000154
11414826000113
08106575000103
05864101000124
02110639000155
05078336000190
11006472000178
07050774000176
14678063000106
00631260000165
61585865131175
02279387000192
08113064000372
14877148000113
13448285000170
24835829000172
92665611022650
13164024000128
07121920000107
20811410000120
01447827000100
36209179000139
00760116000129
81120255000190
08605816000150
13675544000448
14016107000728
23016217000195
47447545000104
09097013000103
04359444000179
13020011000185
92560952000188
13623068000179
11256701000102
05252808000180
26583324000193
09598678000192
01949798000185
21802778000194
08182300000140
11386938000108
14234786000116
86567724000137
74478801000101
09513414000199
03253550000100
19371811000127
04999525000133
12294790000144
28027775000170
72078637000101
41530643000124
02837959000101
02696818000205
06333432000109
34028316319860
13034344000163
06749438000153
08353858000141
19858432000166
04442991000113
13020100000121
03785919000126
00964724000155
82674029000113
18775200000181
11486897000121
46007837000163
03383554000103
19411164000130
21860932000184
03145677000106
08672695000160
00075138000150
04378180000109
77028082000298
32312712000132
05875523000103
84659879000330
30313779000166
08946251000175
27805350000181
91231977000175
26784285000192
40841728000918
10213156000104
17505744000160
10339662000144
17285647000100
08931363000152
12554046000131
00915558000105
04646408000196
07395848000106
12217889000142
01508034000154
19367660000133
03965523000160
09625953000110
10513274000138
37544111000179
39190988000134
15057962000154
10741036000180
83878231000120
01920430000194
08304272000197
29565185000163
47427653011150
06646496000151
15484668000200
26367714000126
08271014000151
07835821000197
05413136000147
08434545000118
12712589000130
13866886000100
02127647000104
95187183000293
05019562000109
15260772000210
00755990000259
23160684000194
01454513000135
01017748000160
02720905000161
12997168000100
46961777000113
22331669000107
16772521000105
43152305000121
95082442000130
20219796000347
04583345000176
05035863000118
14493069000109
10469809000110
01590906000176
14345198000150
08720320000128
86864089000150
03112298000110
01391921000195
07412087000153
07757498000180
07125425000176
04631226000141
21043416000167
78597085000124
11474511000161
85050656000171
04695119000349
92778851000188
15778265000192
02834243000231
01956015000190
03802553000156
63915573000165
00002329000191
12941001000110
02558157031203
22228615000102
06913480000249
11166377000131
02351669000153
11406967000194
07260840000132
07153962000200
12075667000728
18564255000142
12257983000125
04386696000197
08861930000141
05317390000141
20136896000148
49514615000125
00273170000140
03052091000369
17462714000114
12929451000197
71409395000129
07773562000117
13481584000106
13663486000190
04467075000138
24235038000101
15542086000151
07516038000160
55348189000108
25003994000120
23345824000107
20278917000160
07888049000171
33130543004501
01692755000248
04228350000160
24896425002213
75956748000161
61585865094709
05466818000118
13803296000120
01602981000100
00337488000147
03762252000146
22663486000180
62176201000100
23704161000161
09598115000102
01079210000180
10789192000110
03956850000156
84264001000133
00357129000151
13574594048121
34028316126204
05823317000141
05108413000108
03161743000131
00718661000580
08694780000129
17274133000159
20676326000140
13475285000169
02535790000135
33864273000133
01327571000106
13677558000158
25003885000103
09582475000108
63418768000108
36889558000893
04421712000135
14193413000144
02555452000165
03743815000159
17754390000198
00771026000133
01230578000105
08049843000194
17223346000151
03282047000183
11172643000139
76934744000145
61412110029803
92910389000120
43598580000173
24925280000107
08048699000171
