17457404000101
92660406004378
31214463000180
13690151000160
03185989000143
80213705000800
01527225000163
04497297000284
14638808000103
61649760000380
92392463000164
34825034000137
17214218000141
02602539000146
27887820000101
07316685000129
21772025000183
33041260004070
09311943000100
05054906000102
45785193000171
24805899000188
07143583000159
11110992000126
17385368000118
00866945000190
22475944000158
10303498000115
09316105000633
11341042000102
83400234000153
07543299000170
14895185000154
05475218000116
19001504000154
03820930000180
01365698000101
04063441000193
13288598000108
01080381000129
08822449000147
92192145000150
03469488000199
32567596000100
07433089000129
24277030000108
13270815000132
12621997000186
05632851000170
40863417000100
20075495000125
41178138000162
04189740000179
26178684000100
21486324000151
08343635000101
72488810000140
04136094000262
01968617000168
47960950080214
18977100000138
02952032000112
82160375000183
08374722000118
02740995000152
21562897000117
19417198000131
17608622000108
29559440000165
10681332000132
83240333004536
00216623000104
05082937000177
01040992000143
00722411000190
19778286000169
10921098000173
05705765000140
26870993000146
39216361000105
06936558000160
07161483000155
39346861035208
10837066000194
17644665000130
10360073000148
43117282000114
02502634000682
07955956000196
02917096000182
09286691000106
14564978000190
35928779000275
10323689000149
09337134000177
01156523000194
72137391000100
02596702000105
07155464000116
09523645000183
16998174000125
21484686000103
10785932000140
13484463000118
07015726000147
83754234025650
07056972000147
03031417000100
06326858000127
05869791000104
07663077000190
04565289001895
10423972000142
06070747000100
17784812000178
71634174000405
07683254000109
13407450000145
09074249000116
01435756000126
14666337000147
02680417000178
02684092000100
02644659000106
74489667000136
82913856000112
12655054000174
09137037000130
89848543001220
24763320000161
94805223000170
18732945000163
27425152000192
12163678000174
18856207000128
07943561000173
23105763000100
07671875000164
17701020000192
22142947000170
11290734000179
08169928000106
05848835000110
13382506000154
49758519000122
06132025000125
00696210000166
44768943000134
58745829000101
13569064000311
15533041000110
01252737000164
25325352000148
26041563000200
09175261000117
12816715000104
10281901000152
87441853000147
07267035000211
20249806000125
65212607000180
12919059000167
20178891000188
18611871000107
41368077000104
19735310000182
00072468000191
05306779000191
01150842000273
08656897000118
22555121000132
41601022000194
33613845000101
11246376000105
06660777000169
08026116000101
10565184000190
80851140000102
63581524000133
48814537000111
11714408000141
79745956000172
09013095000152
09167120000152
02766382000194
07760885001300
26904110000171
05978600000142
06901207000113
10729249000196
15631841000174
27929926000112
00063960011216
26463322000160
05370185000492
72982705000162
02610695000159
18328652000115
05124340000148
33331919000117
04082624001209
05477945000112
47962709000131
07117912000197
02012862001808
60988367000197
10629688000127
37555968000194
02057832000170
11292388000168
05074454000120
09142102000116
16854785000108
05568674000100
27607847000195
16233389000740
28941771000100
33318833000154
09060964012530
17757638000174
02224361000147
01162178000100
40346702000146
02102485000150
05921771000135
10909753001492
20501527000107
02674176000154
13554204000116
06281527000118
06008035000153
00697947000101
00952843000198
00922476000180
12457311000163
06035264000167
10579510000119
03012165000171
34028316523807
00679116000107
00844556000164
03874973000148
02517045000163
19352407000106
32168130000124
32680977000193
46014122000804
02459473000500
07249883000117
05603932000142
07233544000142
10956269000280
14963443000192
23432483000107
03942239000179
72294093000115
08071590000155
22348291000146
07844898000123
11960122000146
02226278000611
10528811000113
06906289000199
01071769000163
40904492000164
71403927000110
17707346000127
08704069000108
08360803000169
10701003000106
10546978000107
10673595000108
20195456000161
13975799000183
10507089000130
22133444000138
51399699000145
54004189000110
37133584000183
03746068000102
28392248000164
29965568000129
11433603000101
07303796000109
40841728008730
17254910000101
07798728000150
44405389000120
21423549000240
05534658000105
65283269000763
14012168000121
15349221000147
79335345000156
13975225000105
00411444000110
13088208000156
12456157000105
05456985000269
14066968000125
61836607000109
15699177000103
10554332000171
15743412000199
21513577000177
03474202000163
07784556000165
11915724000181
10382520000160
93545796000149
29609732000165
10804326000125
16366011000120
11709160000120
05080511000184
11409973000103
06148728000141
09241519000136
21053596000168
18440465000129
79028072000105
10271691000111
17052645000170
05255141000500
29644666000164
05130255000192
07573769000300
04243317000100
50008614000198
14803822000115
94234275000133
03656804000646
03863747000161
81239048000159
09008256000110
04799749000100
13437616000176
29759342000171
12356100001297
25178706000179
31536188000110
06314869000197
22250775000158
27150350000190
15473812000121
12883569000121
20041272000147
32877300000140
11547400000138
02268267000190
10266337000107
73730129001010
06057223032880
00290655000141
12501063000100
05847195000123
12924092000185
32830719000146
09610221000156
11907486000162
03607444000188
10833098000111
15163392000187
04815421000121
05131571000189
36294882000192
03738777000146
25219327000180
21536455000104
03993040000170
13750320000100
22163214000111
30848169000167
08787908000107
07575413000143
32433708000122
09864638000145
05381281001165
04450603000146
64125552000109
03851944000241
06342234000101
07217926000263
04922336000162
21507013000121
14588272000169
29552318000167
08948144000186
14784293000150
03920724000141
04386724000176
14232249000137
17345619000130
61585865100105
11031679000100
08104986000151
68402072000107
44837870000195
70496054000175
18998155000124
11205617000160
86434727001174
30079164000117
07431970000190
76576198000703
03672347000764
07674934000158
24339293000102
01611294000150
19042877000173
75960526000112
02600330000143
04260138000180
08679114000111
06107200000124
03919999000165
02648725000116
12826705000141
11145671000167
09156280000104
04666412000116
09071308000100
06237012000110
18607033000160
06846349000125
07167507000183
03788115000180
14246589000117
13123666000189
10537108000171
21776968000184
02397119000175
08741091000128
00355435000159
33961499000152
06215531000188
07605023000179
37865474000106
13183135000181
19632116002387
94498656000120
83665208000157
40939803000120
00864805000264
04709656000139
01161594000185
07725008000164
07819892000104
10961940000109
59083097000196
14007513000139
08255844000195
05816128000303
06057223025832
04712171000102
00401951000172
63200232000103
15081463000100
04420464000299
11398544000170
11396275000102
45920659000102
23166733000104
27956003000150
01655446000117
10271978000141
13104055000193
06193139000185
09128512000102
08116500000103
18364683000121
01913168000150
11160483000299
25504044000180
33130345000119
11839337000103
01828471000155
10541088000102
09557411000157
33931694000130
15263283000131
76430438003510
07278919000190
13492533000180
03147513000118
81492092000176
13061177000140
14807803000167
23591977000126
33370701000171
80253032000138
81360695000114
18249598000112
08303599000144
23472496000100
33272634000152
03208744000194
03938579000126
18385868000112
00396774000183
00653922000289
58186198000120
04089568000181
07164568000197
06350566000120
61412110051140
05829295000127
11739165000104
47846167000131
26177524000146
75179879000180
11720777000147
05230009001001
36333565000138
05764338000214
52202538000182
01948545000197
67992347000139
47508411009960
83305235002243
10525322000108
15492179000119
05497385000168
04112118009623
13747627000152
00487408000130
00139263000186
14763619000162
19420703000105
08197731001152
04932254000107
11972583000139
05541125000142
03610324000300
02013212000139
00562711000150
03327908000100
16725514000144
23306105000179
94803665000187
18979708000959
44705804000161
34598136000167
07837037000118
50762616000178
42908509000187
34028316016026
11396699000258
07940707000712
02788684000163
72134299000188
19475255000139
04066581000115
01697508000153
17604245000120
02569760000140
27116191000108
41077462000194
07418731000109
80448442000134
19046218001187
00306597000601
03252465000128
11365606000147
03113522000198
03042152000145
02808110000100
17190678000187
50170281000603
11830200000198
33657677003503
12407251000174
19789934000182
35437714000146
01859773000190
60949062000176
01538232000160
01596702000142
02603539000160
08752338000101
11212066000161
12932678000191
18341159000135
05579355000796
00277198000155
03954830000146
03130640000104
07267788000146
07574261000164
21613858000100
09558093000149
05318447002685
33438250004820
16563763000180
80098148000140
04716525000189
02670700000119
08200859000156
05279652000120
29246725000146
10969055000168
96418264027681
78594892000193
03326799000107
28218225000138
12804211000166
96295761000197
00524554000198
12012702000174
66526542000453
11591297000123
12492615000242
16422504000130
03185690000199
01684442000167
13777596000182
18685218000192
04892398000179
84429810000905
03739211000139
00000802000878
91221697000186
61412110030062
12283665000139
04645401000150
93489243005428
19225646000103
03019535000445
27543735000118
08148120000142
00063742000166
87548061000176
04979073000128
01399774000108
81107203000183
26159640000132
19420503000144
18817004000122
32732679000108
08747611000100
06105889000158
04908236000181
59469775000153
18972254000137
04042852000100
10509186000162
00923765000101
07341250000134
15144005000165
15345349000132
34028316177976
02954207000120
53794996000382
11757482000145
17190865000160
00544935000139
18816855000150
13194329000263
26629102000164
34068981000120
27723683000161
21932764000195
93429173000453
24880149000170
23888104000180
39786421000125
34028316326130
08917256000170
47359211000189
18103681000189
09228004000104
14861891000185
39536024000103
02561384000147
33014556110293
10207244000101
90446618000172
10728118000194
13911722000140
11502375000176
10212808000196
08661843000140
28781968000111
00174722000162
04686167000109
82657248000194
13485615000105
29817646000148
05962525000121
03439316006960
05244690000148
03487868000156
22665483000186
02378934000197
14876464000170
14793501000187
26824433000740
00972919000147
06959281000190
84290063000110
06703805001079
14159886000125
08972070000113
95388799000141
07210271000110
94894508000205
15021089000140
05239185000105
07830235000150
16639048000184
00904135000181
14379361000103
03449653000140
17267400000160
82959230000147
61456695000105
05574300000106
43249333000161
27330070000164
76273747000185
16899199000171
45543915025176
15750102000100
13985839000178
17304095001020
13360951000113
92665611024785
33402892001501
03658658000183
02926317000189
09127069000155
02777593000122
94625472000183
00913793000130
03187258000137
12997610000190
09112356000191
29635836000144
07205093000130
12904815000184
07736617000119
21539603000136
09101842000104
61412110056452
03695429000139
12182338000190
02855431000165
06288497000171
16981119000122
11587975000184
04218516000168
01454113000120
08451276000106
07180199000126
03766625000157
06955731000177
09345574000257
15525934000467
07751695000192
04783607000146
24625753000150
11874888000108
08422743000161
07789153000109
22386049000167
13366923000103
14123179000189
08744049000160
37435328001465
06307195000101
47508411171473
23816644000158
42069401000148
71503965000145
13984353000115
45026705000116
14460520000191
03538490000172
67545376000152
00157051000121
01257449000100
02946386000154
17202306000123
60579836000114
14602363000101
64476476000186
24623202000158
01710809000170
06057223005483
01777894000193
04412171000189
03472207000238
10785080000191
05453686000190
27126044000119
17469810000194
17261661011531
19808163000123
15876410000178
75252536000101
03771104000198
02039185000173
88333117000138
10349153000100
13004510038747
04858654000616
11604676000100
12366344000106
24658502000172
72298722000185
05342885000120
09211595000107
00652008000132
00148007000660
10891261000100
94571551000159
31309867000157
04894510000100
12831683000108
06174483000127
08919496000103
12274595000233
27383716000171
05320902000200
44734671000151
03943262000188
05346250000100
22939257000146
10514253000137
13376076000168
10844238000157
14317726000167
07103898000172
10403290000178
95821310004170
18076721000140
04770552000130
04850215000152
05319724000116
07659205000122
00628927000170
12129160000114
25973033000149
10730910000183
65337321000121
21713578000165
04168067000190
17315433000996
01304124001103
85080794000101
42867887000160
16578917000108
10258175000157
04599848000130
13595277000156
20098516000128
79133427000118
87558037001602
11340796000148
10397109000168
12545116000195
19879025000135
62530340000181
09280932000100
26990531000162
07011782000103
00247842000142
05188443000171
10844977000149
26171645000342
12909060000100
70093695000189
29457821000133
00852300000107
05460431000154
06302631000222
04127630000182
18076343000103
05556557000399
35729326000139
08902854000175
45798147000107
03750765000137
03140728000107
79863890000972
04051222000194
41072927000114
07140276000114
10647104000146
14563006000181
07687497000107
08436345000102
76080738013822
11781594000131
07084209000120
08908943000129
02777098000113
34028316493622
10467437000193
18326204000182
10213236000160
65100026000238
10679753000129
30631349000192
09167481000107
00518269000164
07695627000153
73907354000198
07162197000104
00288435000183
09373738000179
91068437000112
71322150002022
83156075000193
42208959000167
04091416000113
16602474000143
96374616000100
04538604000147
03501739000175
02372649000169
07702774000103
21238673000154
30764328000145
48297519000100
09158471000105
12762360000100
06271624000120
07679569000174
85189629000184
02294402000171
47508411113945
24123759000120
02254036000127
00288535000100
06266703000142
40890782000104
70097530001238
18676024000120
08643893000103
00145730000180
09206396000100
13618048000290
07723964000107
00574893000189
83488882000960
14209724000154
21032545000150
02796649000196
11462533000101
33419094000197
03680486000144
25135971000170
04415928007605
13715099000150
54508114000176
63282099000181
15212714000130
34028316424140
27366301000190
04863656000199
52331477000153
08397016000191
02322968000160
03995515009032
03365440000130
15610582000103
09397586000497
07547073000147
37573425000108
05958547000118
07580024000106
08533503000134
08469779000109
09075326000152
02905110010433
02859900000114
13018536000500
81264988000106
53746194000135
10539905000198
25973108000191
14674898000198
21480384000167
10668355000107
08797479000140
82285529000163
07738069000166
20824388000152
02291946000180
12535182000184
03606884000110
97090815000140
00973876000114
12124560000137
11475849000138
23645864000166
01575701000111
89470462004335
10547450000152
61092565000130
90212093000100
30259411000167
13110537000156
12183496000165
00334500000160
05687743000286
12568474000113
00036475000138
12033018000179
16542732000143
16877829000107
03727410000127
13569064001989
08847035000172
79695243000141
78766797000120
17603549000173
19656222000195
89424782000108
07392529001380
05087738000151
07732933000112
14770503000150
03728733000720
12739541000115
19588251000167
01937258000181
22414156000151
02904598000179
03313026000188
16949130000105
10390997000197
04059854000102
13720780000196
00992657000182
12863447000173
34028316274823
09214871000182
49732175003440
17845148000120
23348266000125
05831079000116
08087374000106
58854548000189
07269380000103
34561795000129
05675515000105
22081912000178
93015006001519
06063897000189
09288948000169
10811375000195
19812004000100
71018550000186
07276646000145
09252432000164
09296295005552
05756824000100
05854241000111
35002211000148
05351089000154
12286561000188
04523761000189
09530816000100
07739127000176
03841202000154
05667920000181
12807924000183
06310471000182
01874011000163
49975923001715
02916714000170
06964197000165
01525043000153
07094452000471
23045221000181
93980233000189
23992360000112
26421263000168
20531384000186
36859106000192
24267866000393
13322102000175
07408798000154
10214657000458
25901943000116
15465216000108
03476811052542
04833923000185
10631856000119
41930199000215
19094054000191
63813109000168
13727618000108
24691762000140
95769105000540
02138273000122
15310512000121
17987323000113
00663592000121
83817858004320
24020554000119
17623473000148
22143766000168
83193433000138
04465291000225
02442372000101
05449359000164
11177492000292
07029234000372
16548117000144
02895455000148
11791822000154
22575782000120
10372522000178
46120895000280
15780700000113
33172008000194
43283811020770
07601413000170
29242800000109
11260638000188
12071486000138
12231765000111
05325510000152
04128327000102
05323723000145
15151046001827
11594777000148
07121451000126
74523754000162
11009307000170
08718752000102
26029702000191
87780599000101
23069198000327
02018509000197
27713116000124
07749960000106
03601470000107
01973682000181
03668507000106
06155336000100
22684388000472
09482187000181
06701742000805
18936261000183
11699013000117
43736370000102
76458876000148
18798207000119
05786486000159
04793887000173
05596182000129
09296295002456
33700014000177
09635410000183
20243359000105
58259516000135
28998979000158
09009435000171
14701791000191
40873309000100
21131021000116
12062097000146
00916705000153
09036231000120
21713334000182
02344339000130
08819494000142
03006936000118
09418296000210
03712351000113
08631274000190
50338326000100
73840829000257
01206363000140
16637334000100
02387834000127
30069314000705
08775208000194
08000785000104
01729683000185
03022537000140
10226284000192
05157937000199
16933970000180
41027996000106
04501844000177
57796021000182
03818659000148
04498607000102
00896582000136
02926250000182
01991461002856
85219822000110
30334607000179
05217419000890
13547470000111
01641325000116
13207048000117
17276114000161
17789621000107
21679845000125
23795789000110
26794946000160
14853119000111
04198536000114
05355663000142
11982113000156
12679791000107
06376803000121
09536901000177
17311202000157
19543099000287
03029313000160
07751633000180
03908042000113
16662109000124
08599694000137
02202263000109
13194615000148
35230986000170
46118527000116
11545077000163
63473235001435
03694404000110
17166016000171
23163468000100
16965024000115
08438543000105
03641813000159
03990738000131
05652817000168
07256950000120
81168056000151
08060177000195
05792738000152
08821843000160
02884314000553
12282129000119
23366446000130
22169935000139
07651109000138
24361357000163
83298299000210
23439847000172
34028316044666
20063663000162
05984947000106
15746531000103
07815352000144
02877155000136
11342912000168
02163511000150
04748989000177
13489356000182
80960164000108
03217011000116
37270360000113
32512527000191
03274416000196
08603507000141
26695125000177
47508411146525
05815875000165
14167819000152
07244513000197
10327840000117
28654305000136
09404232000180
07585281000130
00447821003005
08593418000161
88119169000106
18931666000129
21694897000170
03962225000117
02247228000106
02793104000126
02680623000188
08690555000114
63004030003535
13004510025416
07266996000120
19445406000106
11187524000150
07055830000165
82466541000174
12202643000105
18720411000117
43283811021076
08259286000136
11219500000135
21950895000103
23944525000180
03848878000170
03844723000165
31805369000103
05242409000138
85256956000101
13772700000146
37532249000158
02825520000169
13337215000225
14233366000115
13633988000178
21208130000194
04354085000167
01750069000103
13903726000186
00861268000118
20437717000102
10781841000137
00063960000109
02041896000263
87634796000112
07170943001000
10787954000140
09347670000153
09267050000880
65953697000160
16915223000119
07614284000155
11390870000130
04970661000109
61077426000138
04307154000181
03660688000124
05639882000153
04779685004598
13481816000126
17151435000210
61585865177590
02301219000156
09019586000100
00076438000153
27302029000184
77932531000147
23797376001731
03898324000187
21976405000130
16174765000188
12679931000147
01264342000181
02445620000160
11935372000126
24433245000170
02958528000101
17966881000100
13770925000163
91256701000141
05951362000696
47508411145634
03196505000161
06913480000400
03219993000185
36840809000179
14367819000104
86742665000196
14268005000104
06249677000730
03858435000160
18699439000209
14539645000101
22296257000175
11844168000108
07908467000183
07564194000105
20783403000161
01505671000177
02774978000136
03169299000109
67331538001040
35567213000184
26739698000236
02739977000150
12201733000173
25341702000160
13696417000182
04929683000117
20291447000174
32857924000103
03459253000116
05198710000191
09325480000135
09508432000182
60518297000103
16620434000124
05680678000348
05924418000109
01089439000103
06986107000137
06164671000174
97422620012752
04627579000178
75217034000212
04017069000189
09202090000178
62125828000123
05597127000153
07189629000170
14580625000184
05961414000109
04371535000120
22400344000120
10453711000175
26955831000100
17360894000123
17303715000116
07302768000169
00762350000195
09013471000109
07780762000105
13562913000143
06020831000101
15313466000114
09216752000169
00416077000147
07359865000198
17589337000189
66315060000101
17616407000140
79379491003603
33056737000185
05353104000101
02915091000110
01228710000136
81354417000235
03861477000150
00371872000166
16588804000193
00928338000108
03400960000803
17359010000110
13962003000158
26303404000148
05975193000110
02878249000120
03437351000152
09080953000181
90344631000110
15104850000107
00701679000146
39346861031717
14749726000136
09354501000140
20244903000125
18009830000145
02532266000100
19774412000107
17141198000126
18112492000172
03328089000108
34028316528604
02412496000136
09329716000101
17974962000144
07618957000145
12107639000230
09562484000137
09145331000194
49226749000655
03765953000139
17291617000106
07568791000108
04515722000300
07063749000127
11521962000102
14704331000117
03942387000193
01758314000110
13297759000120
33859083000128
09466336000119
63871743000157
06013989000154
05294386000296
20078768000195
17932241000171
01843215000137
03196463000169
01048594000173
03147386000319
15568250000108
00497895000111
01652777000101
05774425000171
20657363000101
12789098000197
27870187000130
02922196000105
21593729000199
03557367000107
08053882000165
02056259000180
00757676000124
36539575000124
07268282000151
03225783000280
19125979000152
10663055000135
17723507000176
34312074000185
27882786000174
09625156000132
42604918000190
03130759000187
10544334000180
24440977000198
95438388001195
05245187000107
00195517000183
19870934000102
55816680000108
02245599000159
92754738018029
09405136000156
09031706000195
13091469000125
73927857001288
41185455001340
68730753000196
04875248000157
37038064001325
15122826000109
43283811009882
13656252000115
01478057000163
16233389004738
11725227000110
06538759000109
10992827000182
00572914000127
12132022000194
01591295000180
05414018000153
07373439000109
16770349000142
62384482000188
09943607000180
04816759000106
07196996000100
88273651000287
15189185000100
09408297000101
07352997000198
18423234000107
28686616000187
24986606000530
05749836000107
96731518000174
08822195000167
70597018000106
76062389000161
04511314000100
01216897000158
16957991000135
07319621000181
32949042000240
13819657000127
07244129000194
46241741000165
11020198000191
12450126000147
07348761000188
11335920000187
07319079000167
06243918000148
24757961000103
04705626000669
08232672000134
10788677001757
01446105000131
01692347000105
34906297000170
21334942000186
21558304000149
31861115000528
07534057000110
23872364000167
21765642000232
09040995000199
02741174000130
04597831000143
84683481023975
31879323000120
00027468000170
34511006000145
25298662000110
92783927000759
09188453000168
01732968000175
14918872000148
01121599000184
03931114000143
13020146000140
44824050000169
10392148000172
10330067000148
20307366000115
05503640000138
15646763000181
83814814000197
03853241000171
97239933000178
03935801000137
08441341000104
07201916001120
05255141000330
28945806000171
30535538000161
17256512003050
80221013000391
07121870000168
63261267000233
33173436000131
33636317000178
11939765000108
18747413000108
06073375000168
00505914000104
05564031000199
16624611010960
64398175000181
10171944000185
40574915000125
03872894000106
00210970000111
06070521000100
11333172000101
26249176000175
70154174000194
94695137000151
80738016000135
07411125000153
04432512000188
17173772000128
17409494000165
04876351000111
22425632000130
08694949000140
11750646000102
07064410000145
06194031000450
83616185000190
11084996000187
27273391000174
63466841000109
07946523000174
00501044000103
05431634000112
09456974000159
19046218000296
10682855000284
03979385000250
07145029000100
07956785000110
11114284010126
01038144000108
10199466000111
05590017000160
26075214000110
15275406000154
20615185000156
18164333000111
03572859000163
06048591000153
08268036000162
06259290000179
00525973000144
91836494000102
03995515009709
08236653000186
24091522000104
15333340000101
11811189000976
23157165000177
29578531000148
33848516000301
19048045000164
07748745000182
90942772000216
08438619000194
09089148000208
10397427000129
04213034000115
06969279000100
19010931000107
11405284000112
10939829000108
18171369000122
00627686000145
08876888000132
07805012000132
61389383000126
28287785000144
02759225000151
04421060000139
05083451000153
11812152000105
14566142000125
09073577000106
85015873000120
05774512000129
41508102000108
07546711000296
93209765011666
08837425000161
03868821000132
07597525000103
33008541000115
15355185000124
11542177000136
07976147012258
10233542000168
01880954000107
12452761000163
10475436000190
91540500000171
07124223000100
12794267000187
00115705000154
73400590000113
09184152000166
04203714000158
23650001000187
30560635000104
13033860000173
20785205000137
11325576000145
18008357000181
08951100000105
18523421000162
08747503000480
04112118002530
10450931000145
05787463000169
10622393000129
12928778000144
07088469000173
04816736000193
03891713000180
11182399000195
12091350000190
23256442000107
04558897000396
00000802000525
10072254000179
63234637000162
02020620001513
08440584000390
12715150000160
89848543010997
01465119000100
54585815000109
24666844000134
20058474000100
11060595000197
61084018005415
00814559001127
07734829000167
85155638000154
10746592000149
09648857000197
41801960000138
