20611465000196
10727734000120
03833048000179
39361787000152
17419509000176
03234523000190
61585865033327
24065229000504
02541934001057
83817858006535
14368628000159
01874136000193
85405215000145
79202719000165
77375962000150
01449292000107
55555254000168
39361803000107
62268966000161
01963040000525
04646858000189
02912560000148
19809943000198
07283035000124
13028031000100
12260374000125
61412110008644
94196052000129
56405665000130
02469732000150
14074399000160
13715457000124
84537786000170
90508391000142
17227448000145
01260822000174
01398300000133
83834358000147
24182062000120
34737395000121
09267050000376
07427726000154
17256512008362
06240418000152
53913075000200
20982810000106
04090399000108
02645636000116
30149529000132
01171707000476
22794760000150
84712611000152
05443547000185
88429261000172
84422807000102
05572637000176
17946505000146
45543915014301
42057620000107
12077311000138
13649608000193
03674832000181
07976147004239
02702777000123
24981871000100
37119534000141
06235222000170
00916346000134
14463791000109
31208382000177
27781871000146
11517841005156
02245018000189
03508177000191
16624611003409
17968828000130
61099834006717
72421522000178
05284642000183
82273780000108
13930568000153
07456351000150
13187292000165
20238283000111
30773071000198
11345877000130
13241662000103
13851045000111
13619474000168
14832059000150
03290028000107
02459473000691
00949077000102
29772357000170
10981917000178
20813515000118
29465960000109
28896856000106
05690832000109
26368650000188
09241842000100
09347102000152
07550135000170
31281793000198
07466702000104
23298631000134
13138428000147
91156885000178
10226694000133
19770285000178
54304068000193
01394856000151
14405290000168
08219920000107
10604232000102
10799645000190
36321495000106
09252982000183
23603348000179
08664634000150
01810179000105
15659449000133
23880399000148
04121608000125
92021005000119
01447824000258
63929756000130
22791389000173
05695277000108
02337524000360
02743713000170
24607756000161
08541994000165
92563931000116
49732175003602
05698681000127
15423702000155
14638027000119
03722582000299
07845996000185
12305093000141
33244674000190
33014556001168
11983170000150
01450825000170
10285271000194
05500815000153
24187119000183
05975835000180
07961117000423
05449628000192
03308366000110
03899540000147
02225219000114
01993183000156
10566774000138
58103391000150
12539517000647
16193518000129
42985218000354
53153938006220
07028114000350
07670509000190
04639683000182
21062061000153
03908182000191
01831398000170
12674798000136
01092849000103
10644818000109
18370442000195
04842750000161
62545579000800
01124867000111
04826424000160
03338899000145
10510926000180
19333679000169
12140025000170
20258688000111
03886171000158
84027176000127
95375341000239
88143292000162
44775278000106
03942193000198
23837107000194
03422077000148
08855709000180
32238289000178
01744208000188
05801380000187
08729930000192
01644445000177
05545402000195
05563868001357
04942147000151
23824162000140
12565034000102
01571182000113
02841406000122
00446817000198
85227551000145
06732739000174
18548716000193
06813833000158
08633165000102
04143008000672
26807095000143
67945071005288
24797785000133
47508411159341
02141324000256
18105242000105
10785595000191
65216426000122
47674429000713
00338804000103
17635713000124
07001353000155
29896966000130
24668550000141
02584598000139
06970631000110
08409714000160
15803650000142
09280310000181
09132017000177
70974662000148
03426333000175
24547281000165
32286056000140
04899316014682
92660406002162
69943686000584
19193443000174
01435656000108
95153474000180
31171480000187
07282190000126
03940006000137
13289881000154
10856568000162
72309164000106
63657241000128
00587496000141
21256597000100
02094445000103
15920232000135
08565905000110
07470855000125
94118288000147
05051484000111
34767640000143
18540334000113
21414639000193
10898620000143
76327311000121
12980520000359
24233908000103
10648778000165
83440529000153
00626562000145
06929721000167
05953911000157
41282039000126
11442333000197
10872548000185
06246910000135
01438077000100
72940091000156
11311192000173
22719686000299
11403953000117
07098321000110
10379027000190
07101878000162
11498911000107
16616710000180
24914371000147
84583921000114
37179108000101
26200353000129
91383869000118
04638480000171
00730272000147
03463058000160
01851379000106
13912620000149
00905620000170
07297326000171
02145575000128
18285365000175
01738637000142
14069744000339
02551759000198
96281746000190
73852873000368
61842357000101
11000062000110
87715835000106
09451920000109
11649841000140
04111378000113
42591651171975
13294856000169
11510795000102
19315227000154
04256191000108
07907279000130
03939028000187
39825708000117
15631000002291
23981809000147
08788146000155
54103924000142
04642602000284
09453047000185
22987100000196
05999836000165
06959141000112
83808774000170
07371607000127
22934507000155
04919212000128
17206616000116
08894901000186
11370184000106
70220801000148
15520364000170
09277317000144
02989574000160
11375489000100
02119318000200
37464864000174
04626218000107
07228979000107
21854956000120
05243588000128
89237911006696
11980828000170
08689263000161
07110141000106
00301048000130
06164013000263
07898712000119
15334758000133
12981465000150
74096033000113
04657239000190
76342757000125
21211978000172
05957330000193
01463014000104
33444167000109
07802126000129
81118200000145
19350180003932
30206885000140
08078761000178
03989217001721
10716995000145
03474862000144
05291418001352
42462242000147
02884314000120
29867892000104
05218335000102
11931202000173
11672985000118
02162785000124
19347597000173
68850593000119
09093350000114
91096131000170
17648973000134
03441768000199
00729616000106
02236436000100
09092259000184
15128170000123
02489240000127
03533254000163
04082321000133
13691879000107
11097093000130
26263349000100
10172083000150
07073742000196
17528802000252
06272383000133
11194100000112
08737396000166
02633726000197
09579846000100
11261486000138
01939749000161
14643253000511
13678743000167
18809565000180
60391430000294
19643335000156
91157008000111
12541579000421
04150555000847
07400959000163
02045619000148
01388203000160
00401856000179
03784646000103
07168314000147
20002285000107
47960950025973
16515817000132
12085022000180
19256430000105
19723023000152
10525788000103
10433246000100
21567045000112
01577562000165
02821814000112
22458432000264
05162404000103
38665550000100
18042119000192
07503796000144
00494560000140
03941798000164
11002387000131
17599601000165
82462250000108
16854119000404
54983788000122
00063882000134
88124375000457
11783527000156
16416287000175
12313702000104
15830404000180
07251211000146
03251567000129
02737545000100
10992167003074
07625050000103
07758341000170
34624379001102
01516901000101
70001748000194
13200463000149
27827567000192
61083911000467
03907952000181
12483807000101
01243848000104
13543208000603
34028316295669
00247226000191
00443926000151
02840540000109
34733865000189
86763117000142
00661269000119
66572926000160
18449504000906
09429249000191
02720140000160
96220199000132
03921886000102
11301324000186
07092719000149
70104542000190
06290101000120
11108346000124
68584077000432
02456504000146
02993867000110
49299910000106
24697973000190
63937361000189
18975611000110
07717596000194
09612168000122
07885300000144
08776885000127
02973293000119
26541495000150
51014934000113
04646573000148
76588797000151
00408996000179
10654096000165
18090398000160
20818426000164
56308562000151
24591121000113
15340698000161
09133486000100
19623907000135
58260472000163
31918025000100
00205242000111
89924005000114
03575082000190
13619024000175
24180694000154
96716022000121
32277394000116
05977967000141
52653599000166
21873674000170
10264418000160
07400456000198
14115102000167
00333079000172
07838371000196
08784035000170
00231315000140
21375320000104
18686850000150
29587623002308
27390160000140
71259790000172
02325260000162
11477045000178
00193750000127
18072078000187
05135206000142
22763502001260
09535639000146
19896091000113
03207831000127
00688447000103
24680180000168
61412110048786
03719836000139
04938654000111
17354460000110
04683361000300
08229807000293
14170800000165
13569064002527
11008567000120
78586674001936
94786456000172
07060166000142
09650150000115
09094145000254
16496705000262
20481684000106
01113719000100
00724479000109
31487473001756
13686114000189
18403691000130
03482986000171
34897702000131
10864483000126
06990599000134
16964365000176
21440205000168
19972249000782
21844222000160
06030701000150
11771122000106
01683790000110
08942443000103
14385712000180
59350025000168
14034150000120
04705626000588
16585210000129
04177814000157
13563680001507
16316994000190
24356347000130
09140935000148
22043749000159
03435303000125
24602435000255
17306480000116
34028316066554
08148204000186
09357643000161
05333939000191
00166395000105
05058700000150
66707944000101
67810887000154
00960744000310
17408073000110
11816462000106
55693717000158
34028316326564
00407198000122
30136881000133
07765858000196
63366041000116
72739543000802
34028316848005
32114795000155
08293785000573
33014556073401
04859000000100
18518220000177
22553409000178
08233176000103
14111644000161
10996689000100
08537530000185
09603710000180
24495989000110
07452213000101
05328119000101
02661036000141
20421309000162
15377420000169
84457639000190
96722673000124
12879918000131
01373666000158
08916218000100
05924441000101
00509102000137
25063071000164
05428100000137
01603605000210
61365284007621
07020553000155
10718048000193
01511139000162
07289827000106
08035281000120
08286336000174
12338109000112
23477561000181
15813696000142
22077085000149
06780165000100
05934085000107
14898379000103
42273201000102
09063406000198
05451286000145
09089449000142
62404306000160
14725158000133
03100776000171
71410419000160
03419771000297
00285753005079
23651007000179
26112130000100
20209736000181
06080347000178
47508411106736
06041665000120
15432597000110
05308055000187
12811590000111
07374715000153
01576774000128
21165527000146
10371983000126
10456438000132
05836676001024
12905299000102
08920024000170
24928103000184
00443806000154
31494594000168
15145493000125
26879001000141
23861090000100
03994748000145
03868310000200
10328159000789
17278214000127
23044798000179
02211975000194
41046392000107
15696129000153
14244712000160
23711800000116
05026444000110
06237870000165
11136422000105
46101424001549
20697260000175
01018282000117
95087383000193
08164715003107
13171511000118
10929979000130
12186950000131
41642836000177
28016401000159
06626253032355
19152161000129
02988538000181
03907154000150
07968462000146
12390439000157
32132169000191
23888027000168
05344914000193
08326895000160
13868172000123
00594067000100
02829402000200
27833615002794
05417714000113
11406945000124
16757922000188
17845455000100
31304785000110
03489753000109
09127515000121
12257748000153
07953678013892
76902949000220
12049918000104
22047548000120
09066884000151
02517029000170
58567868000158
11138285000148
08289097000106
13729462000196
01216052000162
21651146000258
10489836000155
06723114000146
16837364000160
13018545000177
17553614000101
11437836000174
14720818000193
36177517000106
37629995000164
19576415000136
14068950000162
04165297000287
08971074000187
14625227000560
11782432000118
47861075000120
14726364000168
10573521000191
21065837000199
04137889000104
00952828000140
00502754000816
03107458000132
05701598000160
02252393000237
20299838000135
13785416000295
20182269000143
77467249000136
17375551000132
17515315000174
22781304000176
07032255000185
37628401000109
02971360000670
03756971000154
02393780000102
15727701000102
09193892000320
05121725000402
56927163003518
59541383000158
17816114000107
10635975000140
11915164000165
12161117000136
00000802005080
05246123000120
79318010000120
24355745000131
04706815000222
29897089000112
13248627000108
11197045000114
33203738000105
29583883000191
09442011000104
35703685000117
09245202000178
01892548000156
09217556000109
11051090000166
83754234010700
01038136000153
15501318000204
02135865000190
09685701000186
06877232000109
02732359000189
00394209000187
10142812000125
18909564000107
08833635000181
12305275000112
02893066000183
03582120000132
22654684000188
70097530001157
04465707000124
70047741000456
50430412000130
18141804000176
32015802000161
12132199000190
04007919000168
11096857000173
86900115000158
06928619000147
91437640000380
04856607000129
05923475000173
08087237000163
29341369000140
05948059000120
01611157000116
10588415000181
08089150000125
05812838000101
08838127000196
03770754000119
05154359000137
01839261000162
10213900000170
04185877002280
13118540000116
00616814000155
12065256000166
04301786000138
29277400000120
17117201000176
09481024000184
41622614000192
97536620000181
03847492000143
03320341000132
63004030007280
33438250007412
28344854000104
02601768000146
68785476000119
07175115000166
32872368000306
02664005000578
31758444000203
82135203000150
23750102000120
33898222000122
34748558000252
21545950000171
08386647000105
00864148000174
43635523000117
25632076000160
04194120000128
33221169000120
08036200000106
09619415000112
00752597000120
10775808000102
35875293000135
10600730000187
09543274000100
14666034000124
11512642000196
23038636000128
26583542000128
09291272000162
03370932000114
93678548000176
19156586000106
32420499000182
18324014000126
07598411000170
47508411000407
31493737000117
21520543000100
14206735000180
04767058000205
41027590000123
05139345000144
14223887000868
41400136000176
85105781000131
10877415000100
06012886000170
02440728000160
10852154000165
13031465000151
11923045000154
03944200000190
26333622000125
02518018000105
01929250000173
33740101000158
04660141000191
11044747001300
04923326000141
08400808000178
04060518000171
13226707000162
12376072000117
49841927000143
08983127000180
09225317000109
33903378000154
03490099000145
38603890000107
07300480000155
12252137000112
00284181000125
10969413000132
87181301000147
09039563000168
04662498000109
08320349000112
10473085000189
34028316228635
27457415000145
11316876000168
10473862000195
04976718001221
03521060000148
41773599000183
72412893000193
34748137000493
00626129000100
68815141000104
83299784000128
15742965000127
03840982000118
13922789000180
04486244000187
16937126000127
14486153000600
56254717000114
22074930000122
11259560000181
03303820000140
02453072000110
02613098000188
19972249004427
05377938000149
15978554000135
90719501001600
08529417000158
21474220000399
04783454000137
07128340000141
07775039000120
04600994000138
14053840000127
06252713000129
08432687000146
06059879000123
00078866000115
34813139000176
10537865000145
36419984000197
17531633000129
06071706000120
37061769000715
14271522000132
05565950000187
16670085011432
08058107000100
06026414000176
02038025000100
04921722000130
10859258000100
15031407000153
70075361000182
03628010000164
10687114000105
12145475000660
11893055000194
05052880000163
05392380000332
21308941000167
02382762000125
02971360000328
00974454000163
05480515000150
61207775000127
00286528000250
10508404000144
35570258000108
00972086000114
07525140000122
83557462000131
17420168000159
00267254000170
07624321000297
11192296000297
02763484000156
06200011000100
01067986000180
35248129000106
09269264000110
03550647001238
04529103000102
06057223000503
14848115000145
12263482000151
09338375000130
20153330000124
10587310000108
10656610000100
33166455000130
17872521000131
00805783000180
21875196000138
07106143000121
08713874000106
83116442000125
79379491000779
05148880000161
08694205000126
08691063000143
07560013000245
97345417000128
36822674000119
02245415000150
40796146000371
00997543000125
12300758000124
05457155000175
93209765012476
01500150000127
26545095000112
05688639000206
17365867000143
01316408000130
15663412000189
04987378000181
14938937000117
24240522000129
11384025000152
69388593000101
80067358000170
27234954000115
09530901000160
05002242000138
11254421000165
23818540000182
05374883000113
21869127000111
29587623000607
03617377000182
32295123000193
07498713000176
12982965000106
15734409000109
00545503000142
10484538000172
00447821013400
26535411000175
05689983000139
15447455000127
28200947000750
70494406000153
13446876000108
06934591000150
10141191000165
34028316702132
12560575000148
10884359000122
09850173000335
07344734000137
15833281000130
09160226001287
00481393000100
13128753000129
05747349000105
41684580000160
72102411000107
10217279000113
04238282000110
00877761001360
00279078000197
40469488000115
18375029000113
04094034000143
53654513000182
03271345000178
02988827000180
88965876000113
54389366000123
04284615000148
24973182000145
00400568000108
10927272000195
10753349000158
07422269000105
11515169000109
03442725000128
14932036000118
15126500000141
78741139000183
10707728000101
09309983000117
04346879000189
03994789000131
00550290000147
00475270001988
05379328000184
15867725000159
17018695000131
04226933000152
08448889000186
02183346000106
64106081000191
19148334000135
28415370000109
42928002000195
02803608000341
08317753000137
03254595000280
15680188000133
02920037000163
02094714000131
19744750000104
09114979000101
41597303001273
17433169000138
03138197000118
09113163000155
01904011000169
76260017000140
05152641000185
16624611005029
24544732000100
37090164000167
57002131000125
03002339001944
02558157042086
06279136000169
01818843000162
74042789000180
95211181000101
08060609000168
02461188000109
07799905000112
03810332000120
33014556074041
77265403000197
22665487000164
06975606000129
03609078000104
17049470000142
20400125000116
24835133000146
91187989000140
07898961000104
13020946000161
14359749000134
92683499000105
21459559000154
22141741000125
11184666000163
11270711000100
83650655000213
11144584000195
04484673000115
01692763000880
10472896000165
22191309000149
10594194000154
89470462001077
75988246000112
05827677000111
18059350000199
04055702000123
08167301000116
08046292000105
10825008000140
58273194000189
94124625000109
61265278000266
02301597000130
26664789000179
04982674000190
00966309000130
05637702000102
06710453000198
05058340000197
07111680000160
08723425000130
94158664000127
05688174000102
00776507000131
03846129000103
11450750000181
44456739000188
08058536000170
75459461000126
10893624000139
81079808000108
09392396000134
33346818000110
31516701000101
32179822000178
04351281000188
89953277000142
03494343000148
14721672000109
07747519000187
16457094000162
14820740000189
24453338000167
08947513000116
10388922000171
11517841005237
03250611000267
06209700000177
07698641000100
08042578000112
00216191000123
47508411161249
05363452000232
13556271000170
13872376000138
28578987000145
07495005000343
03175793000178
11127398000148
04309013000289
10310772000183
08156112000148
01092823000157
00534258000178
19902288000118
28966290000141
11941261000122
89546196000128
08117630000152
52791548000109
05622817000115
15685114000190
05250361000100
15020226000202
27910801000140
35196823000380
08407768000781
26543872000190
04112118007507
25393448000143
13485318000151
19046218001268
05092927000112
14815676000148
07253397000172
07685323000105
12806642000161
01547695000199
30544795000160
08334279000151
19848159000199
17486136000156
08939302000131
39346861009894
20130517000102
21231003000106
05292962000185
17718545000130
04833343000198
17854984000170
09072520001580
06054646000138
10289282000142
19664709000110
02769631000103
10572100000146
05348485000122
21463846000219
11217185000107
11913993000109
04895751002541
19018540000120
02280396000101
10523285000107
07320759000109
82545401000191
21265317000120
11815721000176
84584325000159
03654857000113
09147784000150
27069878000130
09322899000133
07022167000100
79379491005142
03333505000166
18321935000135
07344277000180
36987659000120
94644788000112
04949711000168
02310540000105
75119446000139
23030395000170
04213721000130
11136813000120
02365912000192
05687363000160
03057896000133
10372339000172
61048948000101
02500501000162
00089378000103
23790233000130
73345373000178
03632132000205
11037219000181
06149955000191
07149296000156
04980765000196
10591290000149
02774004000152
20649202000176
09089882000188
21752724000595
02995750000257
03064142000100
14690688000193
26893500000193
24935364000121
33014556036204
20294063000105
05470488000304
06112829000162
03473977000114
18742536000148
71819221000134
05388674000200
27024819000730
09535195000149
03688820000106
13487019000156
07390475000180
22131657000120
02000309000107
03773408000194
47508411147840
02677159000170
05437235000320
72275977000122
13608820000102
16965462000183
24742629000175
02474140000127
05066815000197
13585645000185
04572547000112
21391177000136
34351320000108
65805251000199
05582866000171
07671059000150
06095229000133
08799335000123
03453697000144
04686514000101
07711886000120
22575793000100
21780684000161
02623553000207
04123463000100
23867381000378
23630296001525
04447029000177
05371387000106
13324346000197
01984268000178
07812391000198
21339965001317
13431095000140
00462808000190
04920278000138
07575651005622
07570780000154
04926906000192
18597732000176
05297520000121
01780841000121
10307243000120
92154624000181
28239212000145
08679751000198
12222362000106
72033319000124
13395307000180
02032675000148
10610267000154
03989217001136
07744511000248
12819363000132
04262508000119
15346045000270
08770251000167
05035010000186
10752700000196
06302712000141
13234712000117
13216836000170
06936410000125
03279589000105
32755415000161
02975857000152
34157594000160
05831541000347
14794752000186
36483121000189
07914253000110
07984692000107
07960682000123
00917151000109
03439316007185
21248850000183
18614466000142
07141842000102
15224981000128
00768762000132
84413079000172
33657677002876
04785469000134
56207210000100
93379840000279
76599257000173
23474604000175
03344662000177
09646827002004
35423201000186
07029373000134
13554261000103
05598192000101
11076525000127
04659358000181
08638858000198
21310446000192
03586661000139
03821562000194
34414152000152
26258228000170
27670318000136
15343541000190
67424895000758
76430438006536
05489936000141
14201111000170
01315273000198
14510953000104
66201278000135
34028316513674
42567271000173
13749839000179
49542608000137
18387099000191
05531914000100
16880484000140
82033051000184
97367064000167
03483599000400
63004030006712
60190865000190
13321441000137
01911344000115
17171531000140
71340459000182
09137066000100
08568839000132
03570429000102
01878243000190
89738744000111
21317683000185
05476013000236
05621540000297
27103289000120
07350206000190
08646295000180
61365284013788
07112456000192
00447821000332
28009440000129
12320096000154
11114284001135
22990928000101
13731669000103
22968349000154
07351051000107
01928075009660
29646451000182
05560094000177
03354613000115
00368102000164
18431373000182
10333893000140
03924893000150
05863148000173
09154189000141
26339598000131
86699741000128
15811979000821
37547726000159
02407726000179
22063815000403
00013805000331
15533143000136
02238790000173
01060560000102
10387586000142
10847676000179
96184858000122
61585865048006
23861454000152
07540518000248
79674966000164
07487024000166
90592874000178
11529420000186
29260103000172
93209765018598
00117766000150
04022033000193
70184056000129
13080931000199
06092452000127
66268582000280
02891950000189
86969474000161
10174769000180
06309313000102
14915495000193
11596442001300
08530428000158
55728224000378
07720772000147
01020919000100
05754692000187
62823240000143
21424453000115
05625227000146
12299305000125
05051338000196
45007937006249
04430291000109
63016729000176
61082491000909
13328004000145
15483784000123
89800502000100
00157812000145
04832584000112
05677508000142
12518567000133
01794461000146
03965690000101
08807332000194
71061857000160
01132478000219
00124153000140
07198161000180
79763884000277
12264781000100
71493118000147
00977712000165
07487938000127
66323734000110
60872686000213
02770103000166
15786476000177
02773672000165
14958765000143
05606705000170
20882464000186
50307644000103
89717409000137
01227738000159
01265864000106
03572464000322
08488317000120
53603064000143
17845491000174
17506837000100
17415358000188
01255253000179
16478331000171
10859113000109
21442439000144
12758873000147
03760416000104
24731978000191
03318491000101
02742359000160
13245834000109
06163161000182
16514557000180
00621860000142
00441020000106
09395475000107
60688546000109
17893742000196
00432799000195
02010627000159
19017422000106
36958031000105
01003864000120
06948527000129
07170943007629
44552701000109
12616191000108
08361698000182
12834993000186
29077328000198
07217538000282
08908860000130
83933739000183
97486534000292
10650059000189
18802873000183
24823866000160
65376014000150
02272454000147
18874626000192
11114284002883
11106412000127
17837526000123
05913009000107
01993183000580
03906055000153
74245556000184
12001734000174
22402689000113
26540153000115
24576381000110
07094740000183
00292052000189
14913415000160
06099712000277
01152671000130
19483658000120
28329573000182
05845093000179
80954555000101
03625118000101
11166680000134
03334531000109
08729944000106
22301972000159
34028316297017
01798656000164
98591993000118
06921577000112
28694278000125
00788292000179
05625982000120
01247049000106
04910598000107
07666744000199
19641331000139
16548133000218
08239543000259
04608983000102
11984236000126
03660128000170
01438784000954
04401293000170
37556958000173
08412519000199
30251884000118
06745850000103
06276196000128
09472954000414
23606539000194
11744986000120
07208094000138
11206454000130
01008713010046
04493574000108
00959052000190
30517544000196
05540422000173
23273041000157
12544411000127
08611054000103
25084781000170
73714644000115
07767134000181
36988129000105
10819352000127
07534529000134
04858654000535
09094583000131
23621717000237
09494837000109
12008612000100
02221116000429
17679374000188
03350868000100
90555202000192
01752051000132
01068199000152
10891933000170
02714643001447
33057555000129
03822139000109
13050619000152
06305762000182
54055553000170
83129213000145
01177662000102
11836822000123
16387631000145
51409191000180
20202455000105
03076127000182
06573836000161
75740316000119
05096259000100
23720261000181
08021370000117
46830865000186
08654427000115
24574923000115
10231039000173
01926393000121
13664440000195
02412646000101
00862949000109
16662047000150
33029265000171
27171883001040
10686752000101
06369225000104
05124306000173
06161711000124
20801426000151
28873919000109
17125457000125
18628342000116
02997305000145
17312902000166
05205678000124
37106895000153
14400908000105
15040540000176
09332964000101
18712472000132
07868912001362
72954308001078
02213033000145
17049306000135
10280765002120
77848216000136
13941974000111
01505072000153
65364796000107
