13936041000136
29587623002480
29066826000135
89231708002372
78843745000100
09472268000109
13617703000105
07358761022561
09012801000141
34934620000110
15373105000163
32562839000100
19235132000201
24333585000120
05673184000174
13971157000106
04484825000180
08998509000187
12457163000187
66933409000179
08657740000298
02546583000186
09449246000110
29486661000150
26809287000199
12732304000122
19213365000122
02912568000104
09579686000191
01462170000150
35553353000101
79601316000199
02776764000107
11278315000111
02386506000106
03533941000189
41204967000172
11748246000162
47508411012596
19526273000100
07217451000124
02287610000224
05581645000189
11770717000139
82061409000182
92283720000120
32554586000122
27414742000110
15188961000149
14590695000113
05932594000192
33888124000104
47613757000114
05305690000291
02664619000126
07586522000166
06294288000130
11654854000108
90467739000281
24933664000171
17411613000114
11973334000168
09295987001084
22752936000101
11452933000136
19924256000113
17118182000100
08824904000143
69909711000180
77334621000136
61233151002047
16980915000140
09095628000192
17994295000161
11723112000197
06220497000210
18416075000113
01514992000642
01436319000208
03777433000308
32276131000192
06759884000149
30013106000433
16867118000151
43283811018601
07079008000215
02452650000101
51083855000164
07901093000255
12816771000130
18211156000187
10702904000112
13079685000155
08028740000148
03610324000210
11843389000153
11073476000179
36902971000417
03476811018360
30766140000136
23425531000121
07295702000199
26317031000164
00883867000132
10775286001021
08706770000166
07278500000139
11280894000137
10333851000100
00223954000163
08864912000113
00264151000157
06057223028181
09186976000175
72640675000106
29039318000168
23295296000110
49951924000162
03461234000124
26552687001133
08095027000117
03626094000520
17214716000194
00018460000147
37578895000156
19507583000170
39092937000170
13696226000110
02106579000601
13285797000162
04765458000192
03658968000106
03595604000116
10861296000199
09107685000144
16570452000149
03219579000176
06204201000197
08663144000130
23691195000169
02570964000109
22830452000133
07543301000100
01157555002581
11875770000102
05954603000146
06036939000192
00517297000167
30459838000109
13004510011466
68387067000164
03005212001202
09483950000199
22898702000177
08540582000100
06228348000117
08734986000135
43283811014886
02505879000159
18007018000180
20259327000190
07474269000159
01706273000119
08995127000108
04438542000100
04217942000187
03624439000183
54483862000141
11856825000129
02360821000164
62094396000130
13329088000131
03772652000132
04043703000158
06110493000107
04640295000200
05672897000113
17750262000176
08282743000103
65095051000190
72186679000166
01581287000153
24468522000180
04966641000156
11679853000118
03840986005750
23669450000177
09317780000172
07009352000157
61412110035293
17495271000168
84689371000112
73313462000132
13509848000192
22851520000140
06187698000182
07626697000230
09237525000209
10265128000130
08387398000172
06178264000116
09581213000129
07524161000476
93419224000113
18149722000178
12308711000107
56220791000110
04744468000141
10541549000147
15691395000193
79379491004090
83385385000180
66618638000107
04431113000100
20480591000159
83754234023445
12015815000123
18733650000101
00063960035409
24007635000189
17890178000158
64207582000164
29707031000169
04359444000250
04061830000180
05878662000182
79379491001317
86431749000290
34039917000111
65095531000150
03300318000186
02508568000143
24261749000150
21014220000144
04367414000104
00185322000152
11876972000160
06864595000100
69435709000116
15968167000118
24029951000151
02846170000117
90737826000120
81730285000118
07834741000117
07770790000133
02037360000193
01234329000180
14662085000188
18458395000136
11136920000158
49914641000817
19781691000136
89848543022812
10742771000108
24726283000111
14871471000180
12342511000170
04415928010665
00772219000109
07301763000111
17591521000163
12125003000130
10892212000184
11157010000151
12579470000130
16023939000101
07000394000127
08474183000350
06790213000140
08190791000171
08681340000137
08516654000184
03253298000130
16713909000127
03227563000105
08777708000165
08327231000469
08403758000182
27713324000123
34748137002194
26923878000192
07494368000100
12581045000186
28419987000100
67524512000128
00913766000167
03981904000133
50533918000174
00503366000183
78349784000155
00548252000150
18844775000109
10572977000137
11478726000150
07981498000160
11260727000124
06907493000124
07304199000190
01877308000182
14628367000169
11120262000106
01304288000150
33286667000151
02627806000130
01777637000151
08847872000100
27986184000167
07174273000100
05766975000149
15506612000128
29756947000109
06626253059636
06626253042318
20415295001731
10537366000158
11043230000154
60948767000179
23863933000108
13151638000175
07070866000118
21003132000147
00847226000122
15270153000126
76072776000189
00826218000108
11402438000112
33374984000120
14282215000157
18570355000181
09414968000139
04091862000128
07459137000158
34119792000300
07643010000194
04425397000114
41012931000197
84601111000143
89713861000554
03914799000110
22499217000120
00499815000167
05404581000140
07209676000139
20687343000183
03730830000162
11511020000224
08042843000162
03147163000270
02991589000324
00093440000130
03961850000225
27478705000175
24465909000183
04613597000109
12702707000129
07761370000190
02843822000160
17495480000101
65838344000110
03067694000768
19901580000116
12562786000110
24601412000145
89237911009016
47508411001985
12241449000120
09293782000179
06060285000132
04206050022745
19358621000170
17517378000160
16655791000128
21254958000502
94296175018260
01247971000101
12053656000151
11159102000170
02593628000173
09559871000114
20279641000134
08214639000181
08941335000116
07174179000223
05135661000148
04534424000197
24968321000142
03686059000173
05063724000360
22153958000155
01949085000111
01615283000220
21567537000108
48979751000128
16687456000101
20442768000807
04386871000146
24032940000120
03820169000186
07596218000108
10509368000133
06004559000176
31670053000143
24907602000357
10484414000197
01026143000135
23024789000116
06895458000132
03439423000109
08945482000164
41794058000131
02087031000157
32956559000186
02868970000139
10781284000154
04626287000110
85055994000287
93015006003724
08736676000150
00925865000169
06057223004916
10280765001239
11388058000170
01562649000169
05897627000100
08223023000177
00510587000189
05362225000101
05523403000139
02437266000121
07186147000167
37978681000339
07104619000195
05385474000112
11361403000182
08707279000150
04139116000167
13110815000175
68721695000134
05875061000116
08838255000130
12324572000105
04565289003405
08466512000150
01309727000118
32890212000188
05039718000105
12238453000130
03359708000121
03672464000132
72261993000166
05422163000186
08295179000163
05649591000146
34028316395612
08014785000163
15263237000132
08194293000105
14899610000183
00361652000151
14261310000174
34028316333269
05053380000146
09540979000165
10572379000168
11390497000118
01292553000128
12346978000199
14592111000149
05891522000144
10978180000134
02836813000141
19869589000197
09232004000170
00558839000140
09521316000101
94392727000105
85475465000151
05255688000174
22201118000110
05926654000164
10976424000140
12282605000100
07456969000110
89848543011292
19332369000120
32891009000126
11936249000120
12621575000100
32838245000260
12068138000101
20069589000191
00725995000158
11512463000159
19315588000109
15109937000177
97544040000136
10175082000169
14841750000109
09452592000319
05616766000119
08990570000188
02826106000174
20206269000136
10172179000118
19086869000129
46991782000179
02002143000168
23844698000127
05827596000111
11189480000288
16907783000121
09643051000106
03234511000166
06626253114408
04284056000176
28319390000186
17830638000152
11007933000127
06282473000105
02912510000160
03078115000197
00343791000152
07258636000187
17580504000120
06068257000161
11916263000161
44622389006032
01571127000123
01134763000198
41097593000133
76598135000162
18293644000180
20325074000105
09215730000184
16754144000173
12069218000181
00612961000157
41367632000175
05779491000134
97533954000100
21417063000118
02360754000188
19087442000145
00218960000122
21187291000149
07196900000103
60872306010807
67945071036590
87721619000173
03703024000103
10561275000158
15135986000184
34028316095732
12519961000196
10814926000174
02231801000517
37988318000132
08734563000115
04949872000585
37038064001082
60872686000132
15185849000154
04049517000207
22887764000183
12640285000104
07762961000263
81067191000100
03581799000145
22204086000107
29339991000385
08282713000105
03666429000100
00311969000183
34028316165960
08689331000192
02295694000167
06057223007931
17393965000194
75124008000169
00916984000155
08899307000269
01492631000138
00609842000145
02888650000140
10742938000130
05988476000104
07624321000106
07017373000114
22999486000156
05264937000511
19978036000172
12292978000153
75366138000108
07162144000193
24970691000114
02023592000192
32776411000160
11340889000172
12112552000170
03056407000129
02752367000197
02436829000248
02337524000793
29017407000103
11674349000125
23014826000105
04535853000189
04674623000109
15693370000129
92999929000194
31135734000101
01779669000196
07113089000141
05160840000135
21029736000162
04134252000164
10361662000302
07273088000245
00903007000113
08034194000158
20809391000105
80766991000157
13419339000179
25194348000198
76850031000101
01696764000207
05351964000106
40169617000150
90446618000768
09041091000188
89237911003166
79449732000113
13969809000259
11514374000141
09584849000124
01084977000105
01490698002349
11965515001203
11875065000105
09429336000149
92981539000197
11051180000157
03917765000189
07197516000117
11971995000154
65684037000121
09454551000108
07530587000190
08639254000247
24739666000124
20127182000335
04326492000322
69921641000185
02332442000160
03690688000177
69923209000123
08503960000186
03858733000150
52290129000185
19374468000174
03342926000153
10488176000198
05070976000588
20343553000154
17903465000155
03370048000180
19004255000150
14485315000180
13676643000100
11643962000347
25079801000115
07129567000101
03676361000140
06158217000100
00118341000166
59916908000192
24725879000105
14421053000190
01171815000104
08926351000130
18451062000185
36184042000177
33145897000109
15103047008132
04436759000172
09414497000169
05390147000159
15256258000120
83632356000256
10246079000199
02575829007231
09136878000123
85778611000118
35783901000181
52770641000129
16906041000181
05825465000103
41096728000146
17724400000142
40853376000163
60339652000187
05366698000187
12265483000135
20664034000198
61806329000210
09351716000370
15623624000132
17290868000176
26583856000120
68620541000156
01717954000182
09552997000167
09101881000101
03928633001205
19915468000134
05269833000176
11576068000130
05563868001004
45153376000174
03101170000150
93454510000110
14359552000103
30315568000324
04654819000204
22258884000111
25681383000131
17241891000170
42851741000126
06140770000116
33241076000168
65637076000178
15563621000150
08111426000124
02807002000112
07900742000384
19412525000162
08799556000100
07639184000183
17314641000113
08694767000170
16793280000172
19816097000133
68062827003855
02302756000110
02786558000846
90300534000126
41334079000255
09018974000177
03345139000165
02560550000190
19829663000141
17375212000156
04986969000134
01701211000386
08890358000149
09510281000105
10590359000110
03469577000135
19907386000148
87397865002084
02393307000125
15971203000100
08017463000178
10873522000151
94854841000100
91422519000113
11114284006870
09596499000116
01624125000155
04108598000198
13084469000106
10832896000129
84854454000381
21786111000145
97422620007163
11757668000102
10544639000191
05063200000298
19822397000125
03665323000192
07575651000310
09470570000110
04575838000164
05518645000134
02482462000118
04654538000170
18551826000104
10896683000160
00621509000151
94607454000179
21975999000164
35951318000132
04136163000157
03156803000128
33330531000100
08920628000206
22974679000152
31600924000152
20949782000117
04195899000104
12675586000173
25762402000154
93378735000134
23095014000212
09520169000147
14435190000184
13440132000186
93059004000126
33381286902198
00722947000106
04364940000110
11320035000124
22202935000193
02226172000103
09453166000138
02702398000133
43283811017125
07598381000100
01213005000165
07102116000180
05480880000164
43259548000830
62138169000160
09631624000424
03979461000146
14639716000148
19972249000510
01289558000100
08991182000111
04724794000197
01478103000124
33621616000139
10324297000102
22708102000107
08997756000320
13202798000104
17801587000211
19655156000139
08636520000105
03836712000133
10993209000157
08187658000166
36839926000112
07463831000149
78087103000128
13778070000117
65718330000162
20837538000162
01949517000194
04264988000157
26748632000121
08470869000101
08389368000103
87413332000267
12817605000159
07604271000103
05786056000137
26710237000150
10195554000145
31120678000131
09570564000134
20922973000195
12003728000156
07469583000143
00375386000205
18346256000110
00697200000145
08423268000148
26452387000100
02634926000911
14974375000167
23440548000158
17872860000118
97554370000102
02754247000129
90580564000214
11734820000204
09478316000168
07794931000158
00509150000125
11228505000124
09911971000168
21090532000137
01774047000175
05751731000273
10894925000187
11653052000183
13038856000106
09303454000106
00692418000107
34075952000196
01688199000155
04282014000104
12407443000180
86773892000189
03964047000163
07771030000140
20828430000456
01397403000189
10616123000105
17350225000170
94764461000184
41931627000143
33031691000140
13705622000167
19168491000102
03941728000106
09068774000129
04153440000130
04143008001997
23741862000170
06335060000141
11157424000180
10634510000174
07655804000178
21660207000162
13876723000109
07470813000194
21943462000112
05467500000402
71844195000102
03201633000156
09641011000125
87758348000201
12829334000313
39309398000188
04021332000103
08888140000150
02172271000150
07423996000197
07350585000119
12801231000183
11984483000122
04452968000100
17739103000170
11519056000173
11209903000101
20057961000140
04810796000107
72624521000120
01213418000140
40791980000889
10951900000178
10348155000177
07061803000103
30094114006816
20052624000160
12659397000107
02559093000114
23503774000130
02615048000130
33160391000160
05030630000122
06010428000100
53153938003719
27597012000100
14653650000140
07632450000146
06057223029072
02716093000180
00776369000190
41626169000139
13319377000150
09357685000283
05364854000170
16128688000120
11942582000141
18139601000145
00118456000150
08817343000155
82771924000156
02555202000125
17384212000112
07401413000127
10886291000110
03840986001259
04641376016725
01137328000206
81576761000198
13057624000197
02677850000154
02777589000164
24369662000100
59597849000218
07896930000114
07896224000172
07282031000121
07753351000112
20828364000171
26078958000199
92779529000173
04312871000100
15813177000184
02793423000131
04576508000193
07943436000163
14384555000199
18170722000150
11030564000193
07688812000110
13135895000113
02707768000125
55114854000190
07575651001554
39492491000332
21029129000100
76430321000198
04130692000143
19921739000164
88740451000106
04342148000327
18052262000165
08666634000190
45030715000125
08249104000731
07797056000249
35369578000102
17256512006661
27678030000108
68740331000100
11095248000108
14719755000155
18732346000140
07789412000100
01369330000111
15015082000115
84308980000508
37434941000143
06342660000137
05983192000389
57210148000178
93780237000113
07942716000157
17924456000140
13165229000128
05466036000260
09273885000339
17974960000155
05752531000154
06951320000103
03061175000288
02480285000130
43283811019250
05459354000112
05002837000193
06052003000236
04561623000194
03002339006903
12689295000487
12244108000109
03339685000193
82096967000183
06114254000117
09151279000189
06555568000155
18921114000130
09307548000153
02115533000144
82136615000104
08025720000113
31634462000194
02028276000103
06281969000164
04717513000250
06164013000182
10978151000172
73873572000159
21898407000158
15581313000158
11185757000113
08250525000197
06952046000197
03134161000166
20002149000117
09436873000116
21280350000129
04871905000198
18669534000170
02789409000164
03808548000150
21863860000129
84590124000164
06337602000115
10692116000192
09611125000122
73595712000174
00940525000107
02849458000145
11939882000171
04927181000157
16941167000197
04962301000157
02707903000132
06626253045333
68079128000126
02162352000179
31772304000109
00459394000140
18982576000167
04654141000189
09114758000206
13038333000151
05603074000136
08914238000134
08647517000189
68787811000118
33014556081331
16890193000133
07419457000184
21563513000261
18238027000182
25483975000149
15394045000165
01496517000186
24200958000275
66122631000191
19339675000198
04757182000109
19867811000112
24042142000180
00497918000198
07695007002915
08890160000165
10826731000144
06210891000197
86721347000149
11069005000197
89900567000128
95772000000116
00405311000130
11616813000127
10384837000135
45007937004971
16571688000108
13674420000103
15770577000150
67321760000171
01406506000168
03889351000193
07116192000145
07248318000135
80475395000118
66344714000125
06262239000116
04565289002867
94545076000146
19568311000180
79400065000184
93148047000188
05033611000230
02019712000269
15124145000171
03293407000142
04238792000198
03795691000155
05805187000114
21318033000154
02525412000170
02193039000106
02481371000168
15205249000100
07354346000137
05215132000588
04284764000107
29587623000518
28481262000134
04926842000120
23845327000160
34028316054890
10349442000100
23727124000179
07955462000101
00992487000136
01763651000104
03512873000171
97121685000166
04242241000106
08540750000168
21433280000100
14252927000123
03625727000152
02419765000358
52564614000523
11519363000154
12817600000126
02869031000109
05990032000103
26336974000134
15103070000142
04568763000194
00306597003627
08847410000184
04204960000124
07412050000125
14936347000236
15293555000146
04168271000101
07444385000125
22799364000116
19662464000191
09168737000192
00545585000125
19038463000170
53677498000198
20506095000127
10384103000156
42063263000190
04742610000111
03983300000800
16384406000155
45257425000119
10478007000339
12944428000171
15931256000190
22930745000192
05951457000103
07203966000175
35170943000147
04899316024483
12059638000187
15495365000101
28190395000151
13381839000169
02414124000149
82576802000109
07302419000147
10710681000135
83110726000376
92012590000190
04779685006108
11476353000189
12234062000147
05843605000168
70025887000158
36379063000148
39346861043995
62044003000184
10372187000108
15045537000145
87372686000120
05261892000106
86767456000105
83754234005625
17144254000186
34896209000105
72466527000117
05826511000180
72595358000115
04034495000120
34709857000105
11761674000125
37306024000183
11673145000331
33014556058860
85232619000184
00063960006484
10404667000103
24636897000102
12184759000150
66767062000131
04214943000178
04222838000261
15522042000160
10612930000150
07399894000183
14536762000111
08275321000100
07683241000121
12889595000167
06127238000169
80147275000191
34408070000103
03324636000187
10612468000190
09425423000128
07425185000125
17838869000102
01296286000167
68056423000167
02335535000149
02563232000183
10613976000193
15522782000104
02868246000105
03036480000139
90149881000108
18927767000126
10339387000169
08812432000109
04441802000198
83582544000136
00879335000121
07492255000168
83257444000134
16674093000170
02522747000135
82725532000150
14009156000148
07432066000108
00139108000160
00446997000108
41103375000164
07079664000137
31622020000128
03806903000152
26390676000122
02524859000125
20595804000198
04896688000190
09264999000150
04686150000151
10857751000182
17581606000160
18660717000125
02676351000142
07231291000178
27765661000164
01115384000150
23906828000109
17022338000147
24873211000105
19122188000179
14043836000188
15019152000103
80955818000105
09269737000189
61958229000128
04946805000183
61242517000181
03145305000180
08679642000170
04826147000196
05426062000183
02212937000660
01423187000107
02430600000115
21806379000100
84551969000140
13039238000172
02431465000122
05531000000131
01655080000186
01559046002828
82637513000172
01958174000205
56642960003800
16782252000150
47004130000590
28518822000188
05870948000111
01240986000130
84026608000185
04362672000106
33930108000132
09594488000105
05671132000169
07610338000104
16479560000100
14779196000179
21539454000105
06012432000107
08962047000148
05766846000150
12226686000112
28320906000102
10785629000148
10985722000104
10671849000140
15834619000179
01829861001383
21490624000104
71145668000337
10487102000137
22991939001927
12419505000174
86411386000301
03631247000102
02121641000120
03710112000124
00634185000196
14016784000150
10888333000152
08829980000141
13535892000177
01108663000197
02713359000131
05635844000122
08800033000128
14801117000189
03735242000626
00551059000178
81870107000192
10468921000137
03755726000122
14723318000105
84931799000120
17922305000153
26288830000150
10340678000177
10314036000101
21639939000170
10578609000104
12152441000198
10360502000187
26653698000138
00101326000105
17299949000137
84875780000103
04165297000104
06982257000172
19598195000141
03896743000180
21575062000100
17469701012930
03966240000648
12492730000136
10428717000192
07857926000147
04131303000102
15708821000154
07771731000422
01970911000104
11690296000217
72068422000100
09085715000169
07687498000151
97351258000174
82210451000118
02557484000361
78360153000137
03257319000276
05997094000139
11222522000154
04538659000157
06235165000129
11160585000123
00526148000164
16040537000115
07489625000108
05788842000173
14233897000108
00236128000159
12051823000206
19488774000565
79685814000167
34274233001338
94992971000109
03753194000194
11601184000161
83754234008136
01025830000136
06064787000484
41930199001530
62237409000183
11694577000400
07877010000159
13272852000180
37864725000138
31250012007534
23034562000151
02532651000158
62985411000130
09504163005498
20699230000106
83863811000305
80732928002305
25890963000139
10945193000107
04075740000148
24310946000384
12281333000115
21536594000120
14822504000100
02338888000100
12295288000158
75769190000105
18936434000163
93209765024210
07015561000103
10561572000101
42112011000103
14170180000407
69943686000665
12127678000119
05609023000111
23033673000577
95403465000361
15700306000128
16743512000188
07701474000100
01751952000100
02142459000155
72604440000169
13620407000163
17911166000162
93209765037037
94568607000469
00483896000107
25451382000109
19695077000151
02958074000160
15698923000136
01079210009640
36521524000175
08688323000121
18132879000190
01512288000146
93489243001007
13001674000152
88212113020399
63744312000120
07549414005506
04285057000135
06265145000109
09450391000110
49673346000220
13501187001392
13547075000139
21119233000188
17549247000164
00285753002215
07012519000139
01156529000161
07565309000178
08895347000151
28552986000121
09040568000100
16670085005700
07179175000157
66870858000115
18098027000124
08842314000305
05339459000138
11876346000174
16233389005114
29800060000170
08945439000107
11171728000100
11613307000184
03001622000122
01790874000152
91623017000231
00687919000103
34077556000106
20841342000141
17327897000165
12288798000106
03899217000173
63347249000279
16953494000169
22844526000190
09291016000175
10879959000100
37665544000182
58897638000157
06055508000173
06062742000390
05649429000128
37360286000126
11554463000111
28198901000159
11812560000167
04795218000130
34804062000178
05360368000184
09586060000102
09328331000120
08632140000194
19953783000156
12159096000114
01098865000103
18479085000106
03443379000100
23682176000176
78077823000102
17336727000147
07594586000109
97320451003244
08655907000109
57150625000157
01098983012705
11933185000103
53963443001469
02900938000193
36810265000100
96695507000186
13194329000344
05232206000160
06225853000108
19272455000194
05773587000195
03777341007683
08607505000120
72052483000189
08947297000109
11250042000369
02626595000110
17304095000563
09624233000130
08684174000122
03125271000161
83687756000188
11616784000101
11401930000173
11855628000195
04307026000138
15580815000164
05286169000173
10879379000105
02946279000126
97881098000175
08415688000182
12494763000115
90078890000147
60402914000100
20807924000101
04714132000136
22070841000370
13457426000110
06247344000267
53276010000110
12837615000156
96735022001060
81541849000174
18693561000189
03544901000132
12301619000115
04338389000130
43283811012328
05477761000152
08845666000152
17331177000173
06057223023899
01364373000104
59720177000105
07473735006384
76680156000122
20804014000175
18844987000196
05774403000535
07662062000108
07128187000152
02409411000160
03281744000110
15418205001300
35429745000155
15653292000139
03339372000135
20955695000172
03232675007329
04791478000138
02579616000194
11399496000134
13038938000142
05945645000110
08476770000117
04208206000162
12464492000155
01328556000255
01651656000137
38949160000154
22590889000147
13762650000116
87856340000105
09249912000176
14761936000140
10461391000103
09141454000157
13177293000129
90738204000117
04958029000131
00396474000102
43283811007162
14999879000131
07075888000170
04576775000241
07020658000104
10740260000157
02847981000132
08160923000112
22763502000611
00247549000185
07189471000139
26561412000194
01917697000122
02917275000110
05355190000183
88115415000402
75654632000178
19426668000123
88176995000197
24229391000189
08419618000100
16568050000100
10350388000104
19960697000170
00522332000136
25166661000112
25135922000218
07301384000121
12862001000124
01128537000102
61412110043474
68566736000165
15205048000103
92260132000170
05645002000151
11159486000121
04821155000140
01953015000137
82681313000117
41002072000155
01462215000197
33333162000605
80479116000194
00683732000123
31800239000170
28912030000193
03358940000145
08117547000183
83415356000113
26571739000228
26773416000136
17729225000186
10444570000124
10759759000106
06980538000196
05990739000101
14169885000161
03483532000115
05027859000108
06626253028161
11182825000190
10056299000150
14935894000116
23527117000123
08892611000101
17903922000101
23001852000107
03767863000187
04112118009208
17081296000115
04370416000152
10272533000267
45382215000152
06626253040889
20645157000181
14210401000180
92178227000140
15673230000199
04668016000128
69241826000149
18201799000140
20080971000287
23750288000117
08886885000180
10919051000175
10317882000258
08438476000110
19028175000135
25132572000155
01906417000261
20555904000190
40538209000128
14369719000109
17365934000120
