13821637000190
18159970000280
02593986000186
14061989000158
07087199000186
11290984000109
13839131000109
27179753003005
14565491000122
03019535000283
30784664000150
03165802000140
09008488000178
08802732000107
08644453000162
17088559000118
02342254000113
27923657000187
06964385000193
10798267000120
09494805000103
25185975000162
24147703000105
03035715000178
03158901000102
36385755000107
05236342000129
00871858000121
11965515000819
06950881000198
09197084000170
02776857000123
23151812000133
01961784001906
13004510014309
04374400000118
03669542000140
03997899000157
76505569000170
03550647000428
17517902000100
11855120000197
07087863000197
35288489000123
05501453000115
92190685000285
04453439000120
11845458000168
09282847000180
25759424000165
06344525000120
40841736000379
15522060000141
01767245000101
02869546000109
08217279000171
05166737000100
01679084000102
07786401000168
02796544000218
05776958000192
93516037000158
08171464000172
04865490000140
04720897000189
02532889000183
10630551000192
06005725000159
02895152000125
60397361000145
01526517000181
10785892000137
02454057000277
05576389000131
00737695000199
83308700000175
12106326000187
02486117000152
24443833000195
17939837000101
02656001000114
08651608000198
06951876000108
11846239000101
11230468000199
07296183000183
07581592000393
09613177000138
08382985000179
08938160000198
09043311000102
05616978000104
04382818000843
11296658000109
03975755000108
11388975000155
68107879000109
34770685000339
61585865026894
00073706000183
05111120000180
11170566000269
11156739000103
09585812000110
28486804000161
75475871000160
07434436000138
14253958000107
11977831000304
26753077000126
02305563000113
52147311000181
92665611012698
36326874000180
04090964000129
10940271000180
68729912000132
24226511000194
01274126000117
02137336000126
06889872000139
14984347000120
04082643000263
12683769000130
01535333000188
04593172000177
20422744000616
09512435000190
06992910000184
32503591000106
04101073000201
03102774000111
09515501000185
00637793000154
17403742000160
01779993000104
42073031000112
27366692000142
09613383000148
01470436000107
03805880000161
00748780000152
01891911000119
84557172000150
00685360000174
41185455001501
07834639000111
02924886000195
16382362000124
04100793000171
04796934000132
36163525000195
62532254000108
46828919000179
92724616000123
09663103000106
04543868000199
39822903000193
10872564000178
01783248000139
17745613003761
27571207000172
16842474000110
00083042000133
63814339000222
18260422000161
07528707000114
09260398000170
00315314000183
96716675000291
16921304000121
17302747000105
05367604000194
01264132000193
04960743000164
11056074000166
04852366000140
24449085000158
05147748000720
14151477000182
01519096000161
10522643000159
08001285000197
09098213000172
02957532000147
15659805000119
76917624000300
00381518000112
12591771000180
05770821000120
09586079000159
43956598000108
24551692000124
02498011000179
15354448000180
09456921000138
94263217000138
04711803000105
02985199000180
02266596000100
10754828000199
33172081000166
07476781000215
09124127000197
12395773000101
10747760000110
14246095000132
09165912000279
18035760000108
04951962000187
11743603000108
24601882000109
07582880000109
00083629000142
04102948000290
11185407000157
15039374000198
91238741000594
42343277000167
18036651000105
02215881000193
02419765000439
11342296000145
17244428000182
07918494000137
14835954000129
04760611000199
14242565000190
17203563000180
00087804000170
00016857000442
18004529000149
06027360000163
00106615000105
05264937000945
54362041000238
04353272000126
02856878000159
51028272000130
00435706000186
07536688000178
20210162000161
02748491000340
05074628000155
78537529000136
11616417000108
91243790000191
17771735000111
01035897000151
51689891000176
08962639000160
10330912000185
13183887000142
03496661000148
04014131000189
26049247000196
19804949000172
35202993000169
13762292000141
03183150000176
10171473002159
83930313000176
33326034000120
19155193000188
07160911000125
07523193000104
16798970000114
10893941000155
14407988000201
09107573000193
24989477000533
17201891000147
97078463001260
97032452000197
12564276000181
08719994000102
10851911000186
30999197000185
10171473001772
31484082000110
24359754000281
73896185000138
61365284017856
28483574000187
15674716000141
03895064000196
16804066000174
01455872000107
37597044000150
03640467003452
02322859000142
12072911000103
05511551000133
10785757000191
47508411036428
09265648000164
20183309000171
02558057000136
17966092000161
12250045000101
03741480000130
12356088000168
09168924000176
01202105000196
01516451000149
09021772000184
63718555000517
49914641001465
05215132000316
16929626000117
23521481000186
01279117000119
02766710000152
34395244000132
17425258000132
05359708000157
03652676000158
11104177000154
03588335000160
01171143000129
34624379001366
02889927000150
20587875000149
19285937000189
68578814000141
13059457000113
42973230000349
00869036000106
07822764000101
09007653000177
05637253000194
07110321000198
32168569000157
07658491000101
22741809000107
27764464000120
24114759000163
10732349000171
11814236000188
20035747000192
05197036000120
04111950000225
10771047000102
03645788000181
14756385000126
08885874000185
04027166000233
03968822000159
79854667000535
04663292000101
83892182000341
93082170000143
00240061000126
19077872000186
23000220000110
61412110087331
12260972000102
18149205000107
43283811013480
02232149000121
14725249000179
20220906000129
12015530000192
09377869000124
06273144000106
72642309000196
49366958000190
02174523000180
06347409025150
04153448000104
35710128000123
82985946000119
05916036000486
27357543000117
02636262000172
28527489000173
04804727000182
91947036000132
10948497000128
00421664000124
07172246000190
94884079000104
65288227000120
01267974000107
05271666000106
13161642000114
00272169000109
83584433000169
01324113000105
41597303001192
03476811017470
05905557000195
01689802000113
08748306000132
11556437000122
18449504000230
02528623000167
13847175000180
33438250053287
00648037000120
10782023000159
12550875000146
23510670000153
23435081000158
05199395000117
70042254000158
85113744000256
10282033000125
48271332000137
85784858000309
05302792000172
08856986000108
08279455000108
00070509000887
41127689001250
41875626000129
05605394000125
36999043000170
07202427001193
09251533000110
42170365000104
13311329000115
10521632000154
20824159000138
08017086000177
03069520000149
20891403000185
01958174000124
24491623000172
91906388000140
04252732000120
01010272000135
01741355000102
20466872000157
22013467000109
16381808000104
05648059000104
12396339000561
24429425000189
01071202000197
23438582000198
24814964000131
10682903000153
25084906000596
06699131000195
03696188000142
23638638000158
83756981000129
72077126000175
01991546000114
41468596000217
36188845000108
03518855000105
11640564000105
07093622000150
62188024000173
30737746000143
23637566000124
31130537000442
04110249000100
00233911000169
15661099000140
04129314000140
04407712000180
28892347000105
05442121000298
96723804000198
11254725000122
92700046000131
32440901003025
34748137002941
12905763000160
11009645000101
05932284000178
04575443000161
02410601000106
17415254000173
13923311000174
11880021000165
47960950011166
07981061000126
05125819000107
32036113000133
11515999000128
01629722000172
08220275000142
91657940000103
11666272000141
08965639000113
06165523000174
06057223012188
06778591000370
12257668000106
10426621000195
21259238000106
02184318000103
87270690000772
30805425000139
07129685000110
07869503000147
02890554000137
28687889000146
07498721000112
15667325000108
21747768000101
16670085004142
72849326000280
06304087000177
10560362000190
13304596000165
15456761000120
04698545000174
20031527000190
26404731007441
03839239000148
10981489000183
11191344000141
31570609000120
11068792000152
28402164000164
11347674000183
18686340000183
11572053000101
16670085014610
08343484000183
09482014000163
05580300000100
39346861025580
06352547000132
05751305000400
07324998000129
02984981000184
04241182000143
40956591000190
18826658000465
19504591000162
01618146000834
09538449000182
03909528000257
18209965000154
04406988000306
09912808000110
32715229000107
11078080000203
07217285000166
04151135000109
07841492000359
00376885000128
08427240000189
31489570000110
76565233000101
12032154000144
02784163000138
84323203000109
03257447000139
24165076000135
23876460000183
94376258000130
23976739000139
15224766000127
11914161000107
11875065000440
03810273000190
11191234000180
08133511000193
05017443000109
02175176000100
41248311000151
13507185000177
04968157000166
10231467000104
03189810000126
07828611000171
14175967000119
08766992000174
04463130000111
05202182000105
13194329000859
05608581000162
11853089000155
40841728006797
02172698000158
06049272000162
22954861000141
19024171000189
05348494000113
80129109000162
05120376000153
12404878000171
09450147000158
17354277000115
01080002000109
20555389000491
29716021000190
41004573000170
31758444000114
00083750000174
17768829000131
41162819000132
22203313000180
00019635000130
11465041000170
22338933000126
10389054000144
05452645000189
08759824000151
12574593000189
02896671000965
21014793000178
63243075000113
04356309000501
26180055000114
53369534000156
08080347000101
03879582000116
80869290000143
09624058000180
10665291000190
01130192000113
10898838000106
04741161000430
19375496000106
03571701000179
08197731001314
00391574000138
22586531000140
45242914000288
09565555000155
02398661000142
06964788000132
10633380000155
16233389002360
00750160000158
05471195000171
11033052000180
63605430000157
89485353000132
03996661000107
08961738000127
15674942000122
06372953000167
18328118005925
12811933000148
10609424000101
52823770000480
02437083000106
07552701000182
92016484003109
09128975000174
07625416000144
24261588000103
00076487000196
12946886000654
17259516000158
72977846000197
03335174000101
08843324000101
10757237025917
02449482000197
02422094000112
15103047002606
00159113000134
04587240000195
11490308000189
00997224000110
11987056000106
10230467000181
10968469000334
02096722000117
22433464000124
18762097000135
02621522000136
07560623000168
08035151000197
03938197000100
11542660000110
05779570000145
25255392000160
14504881000192
15389738000160
61150777000127
40573669000197
22340125000101
23209771000270
88992839000102
05589428000135
13244437000112
25811779000237
04733333000180
08070352000125
02715391000156
12587202000160
12215767000117
09170249000110
97372197000121
32561144000375
72315096000198
23323207000100
03462705000119
96134945000175
50369750000103
94616117000148
06347693000250
14516520000166
01576703000125
10539830000145
21957786000100
33014556001591
03665971000149
24110974000196
02902937000188
24061751000186
02746056000115
18101088000101
09522900000173
39346861020782
12077468000163
07593889000107
22771987000180
83411876000158
09505632000181
09526612000197
77622843000235
22683676000160
03902773000151
03995515002020
13779494000104
83216614000485
05860686000104
28789584000145
10592615000108
13823256000140
15088332000147
03562340000102
11014658000179
13464571000129
28102268000153
42591651009442
17343093000150
37830411000114
11180410000188
42591651141634
05164493000119
11050728000144
14593960000117
07591939000117
55546030000190
39827969000176
93887982000166
04675230000101
02624285000167
10862630000200
04825223000572
08491829000146
13538592000141
14072798000353
30789372000100
55286850000190
27300674000168
20218731000115
08475470000113
06328974000185
04598636000138
20369349000102
12872566000192
07476529000125
28206245000199
17948918000160
03444862000100
73630238000174
42553776000189
10675693000176
89248827000122
10533334000184
07234840000168
06100513000150
09543993000112
17745613004571
02219637000107
00942872000179
77896587000193
05825189000175
07090825000193
01328793000135
24675878000195
97476451000131
94426954000104
02265638000180
18544281000109
07583445000190
23168206000120
12850973000107
11190741000280
03331257000114
10645789000191
91321612000131
10675507000107
05927464000161
03175806000109
83646984002072
08399509000160
12361694000171
31568231000120
08055366000765
10473487000183
28849599000151
01343844000106
31757388000101
14505530000104
03662866000156
06242495000141
06121648000100
07457702000148
71161798000100
13498737000128
22397847000194
10471015000191
93048395000183
06234757000126
06339190000152
65862278000113
06119774000112
07189190000186
04899316011748
04776742000164
12551158000139
14412430000125
77784189000266
02412522000126
07442815000170
24048764000115
11548630000111
19186126000120
03499782000143
01006441000163
19366602000195
02039211000163
21097517000110
09231544000562
06964917000192
09379351000120
08080879000130
21394056000148
07718063000208
05339094000141
04729056000132
03109785000123
24876052000194
05042140000146
07052988000181
14266499000198
10732396000115
05164788000195
04315235000123
71285217000133
53127718000100
04439665000157
13838336000170
33306358000104
63486500000103
04202671000196
05372367000150
23418800000122
29323912000186
12474450000103
02694252000193
01222805000142
04447492000119
03468369000111
11145534000122
04550248000187
12217093000190
08955448000170
09101408000124
01850836000148
08778922000136
33584384000196
28129205000190
87472411000168
19355858000105
42100404000105
14324826000110
63348825000383
56908650000356
56489792000164
23848929000170
10455601000142
41204413000175
08434355000109
11168087000127
72800485000109
00508994000151
05545986000107
11417194000141
09089148000380
01786465000182
10796002000192
12024977000128
26480835000180
24945891000117
08441497000195
09362274000103
01685426000199
06165449000196
77859262000130
02856330000109
12788154000179
74663972000100
17277195000114
08039343000171
03941695000102
09594694000107
93025773000103
96589551000101
12989965000138
72428196000120
12209865000141
12704875000153
13090678000154
04843502000135
83754234012087
04273991000137
92078450000115
08933512000112
09407502000106
46015681000162
94023645000193
04487775000194
09033813000152
03083231000609
20403852000137
62373758000122
07532598000109
09371175000180
00140102000102
04101512000367
22212943000110
00252798000169
83496240000156
32813446000121
55366413000186
12907999000136
13288342000109
11425429000147
00600648000107
06057223008075
10582010000136
03471293000183
04731669000104
04934092000138
21953077000156
09490494000104
05252512000169
61412110045256
14814474000181
12229485000330
72585904000137
09605342000100
00958548001200
03797708000103
17792703000100
17158663000131
93093714000172
36955391000145
09463814000137
08845336000167
31165483000108
02625113000108
01275565000144
00685570000162
20585230000177
04758472000169
20962736000158
17717240000104
08204253000199
02317249000150
09189517000145
08642617000112
07328163000147
01184984000170
07093983000105
11044747000753
27059672000129
08871380000141
10976424000735
04625579000139
08949100000502
07984845000108
04713085000106
58944471000138
16956729000176
11042285000140
17032641000120
87005716000402
00762780000298
04195376000150
48076228001597
10377536000184
64541998000114
45568912000100
14913515000197
09649644000180
00184369000100
10561591000120
13703882000101
15080564000159
16295412000136
04394468000169
04778440000125
11430412000269
06083920000105
33099646000127
93457513000107
62036181000163
19569528000104
04757459001086
10687106000169
17601455000165
06273578000106
13997143000161
07965809000105
21477534000264
15105602000180
01579513000161
80238686000192
24938227000140
07773599000145
05672669000143
14377821000156
04020077000184
00517990000130
08046162000172
04171375000175
04510642000191
19596870000101
03904444000140
08586479000100
03777227000136
29180254000110
05061474000167
10536171000193
08779020000114
09442422000191
08030363000858
07261507000148
03138543000168
07188544000178
15442456000189
18477151000109
03945878000198
11508837000162
28609971000152
07913200000184
10791861000199
03326623000147
09286165000146
04940750002571
03174742000121
45552676000126
37415171000191
24261973000142
11586883000180
05940334000169
05529662000177
09264682000114
89218879000156
41438037000183
88212113005594
02779898000254
03379186000120
15234007000145
07673972000196
03254761000168
10280562000190
09426725000110
21466063000108
97078463004790
07042490000219
03229155000192
08307888000111
26174743000171
05879152001878
08320506000190
18211032000100
14886799000170
04718772000114
02337472000160
00475903000129
15294339000115
19045177000132
33912312000120
32357136000140
04019590000155
53087763000188
07631827000142
22032701000145
09428797000105
07110377000142
10522857000125
50052000000960
08438175000197
18405576000102
17412341000177
04167399000150
96418264004550
07263455000149
27490010000109
63004030004930
38023412000110
79794921000204
78748910000144
94060258000127
34028316045980
63864771000570
07602952000124
78802915000108
11003916000111
07269053000151
90113200000143
13727843000136
04726418000131
02806363000144
10188618000180
26749424000147
05793884000100
26004218000108
83646984003478
83442350000135
78369311000110
10223356000148
01536865000130
06373865000180
64098593000153
04214987000106
11599586000179
23075356000190
01269546000105
04431264000150
40856999000432
15776474000105
11166741000163
30922161000101
03249034000102
05958261000132
18217479000188
34495721000131
86744539000170
18626855000198
09648292000148
05357761000119
83158824000979
09281198000101
10848065000145
11444397000127
71056261000171
07922161000181
09481477000100
14315874000142
09500378000129
48469639000147
12047677000164
03623409000152
08469244000120
02172806000192
39405592000167
97548303000185
11298486000102
10740719000112
16759722000164
11312542000116
07229645000140
13866604000167
20682612000119
08191006000103
08605945000149
40624579000188
00386338000123
05234941000103
96733100000104
34463604000196
53234274000101
09576343000173
12881923000189
49579865000143
05893935000249
43283811009963
07944247000105
02872579000108
07106906000134
45942349001314
12143091000101
78755758000399
84579564000110
97201362000506
66587130000180
54196902000174
15376112000119
89397863000158
03772229000647
67040170000170
01537714000104
18194250000175
04429478002489
37898137000115
10603765000170
17157910000185
04765920000151
11264582000130
12374536000156
17960238000161
17341040000108
08169403000170
09485574000171
29088614000159
07059941000140
86742046000100
17472111000101
05772600000191
07418535000126
20402527000150
01860823000150
07021926000102
04899438000104
00849026000109
07291333000166
22680363000158
05598939000113
19860717002347
33050246001360
10318467000138
08172839000119
87952875000171
07884666000107
10923912000199
03281630000170
09492237000101
86773207000114
07390942000172
73367617000113
10569573000194
07925203000138
19459550000100
22016054000188
03328045000188
04112118006012
07534929000140
09145600000112
00513102000372
11646107000128
17168063000154
37132933000142
45543915018471
22063815000152
09450031000208
02367796000221
76468990000159
01617259000149
05066728000130
36107472000195
00477597000160
05366353000123
89656110000110
10932962000132
10706834000170
33041260005042
05218637000172
18814310000105
03140728000298
32244291000150
77513810000176
13954782000140
11677367000160
25352229000116
97212351000106
15303517000127
13574594019296
09173269000144
08978089000177
08890052000192
08157233000104
20532709000145
02121996000119
07851862001220
26756807000142
04771035000185
05002689000107
07645741000179
17413902000152
00349491000180
10591419000119
22397806000106
37553997000117
92666817000111
20982237000122
06226958000181
08703123000109
21658517000142
00884255000164
85244960000150
04444429000129
23621619000119
78324316000126
94684404000195
27754672000149
08293222000151
04904416000195
16752699000186
10503935000144
85785335000115
02988602000124
33014556093852
02310460000141
28954663000164
04149637003200
04184118000259
23797796000150
01173538000160
18310234000109
27104091000161
13921496000188
18344819000131
19801922000126
03732402000179
14787573000111
08334610000133
10863377000128
00436042019784
07443679000132
13602001000158
05031301000287
02842912000136
04145589000509
00188099000105
13435961000170
23358284000198
07614375000190
65688236000108
10836088003317
11092542000158
00349320000151
04164536000101
09554014000121
10336765000150
55285290000159
08218858000139
18741368000176
10173404000130
07939673000150
02828376000114
09491394000100
87455002000234
19066231000126
02794247000152
17235640000183
02465299000428
17532941000179
83240333003130
01323897000157
89237911005029
17514835000162
10898829000107
13568927000174
07850772000161
01602074000160
42862540000124
36348472000187
74359894000147
78042488000107
16670085004908
07208418000138
06006532000112
02887535000151
19050992000190
32296378002548
16746614000157
75394189000143
16369160000142
09497806000101
35649219000281
07338151000101
09181846000140
07170943004956
24144136000133
27975362000154
15710835000102
24741620000140
11114284007508
11168019000168
11065582000100
75274423001170
05270902000595
03709221000121
09254825000450
26479259000150
12509560000155
05879152000472
15665124000163
04681413000130
09045999000160
20589162000114
15364648000114
01957792000150
20499184000193
03312990000191
08198311000119
33423930000298
08915815000102
03088550000100
09481724000179
02177057000196
10503587000105
03101564000109
03682747000165
00197369000136
04985345000100
03092924000668
24772262000132
02905892000103
20266562000199
33438250022489
21306644000182
30069314000101
00835261000393
05953469000240
23890496000111
14150730000183
07667419000140
12329309000109
02162468000108
45865920001182
14651862000199
18800278000109
84834019000123
63473235000706
11071251000183
14672532000180
20155716000175
07116969001810
01196343000136
72770977000107
28161149000171
83560409000190
10273369000121
30099824000121
16624611000140
10583441000117
05266202000101
66521436000134
05597874000191
05328910000111
24703189000147
13140762000135
04091493000173
32251753000166
42800995000115
10162393000193
00429605000100
01449809000168
14904944000106
15046150000103
16724432000185
17189242000178
03900553000199
08658049000148
11992931000130
24877182000141
59316778000157
35123447001961
90821737000168
01588754000177
05357765000105
00648207000177
03324225000191
01073551000148
27226674000165
33086695003493
68029354007377
77116341000151
01727688000179
16977361000122
05271914000100
07609954000145
00108156000190
10868431000128
22238252000196
76430438005564
11567947000103
13983066000190
63473235000200
26080128000104
10948651001800
12593136000131
80650245000446
15780520000131
24937435000125
17462474000158
06202074000197
18784993000103
83305235009760
39385380000165
15301087000104
92692102000133
20298325000100
35517218000100
17281550000129
23539737000263
10947872000115
29426051000161
05902751000117
06144438000120
72313828000100
00938119000100
09292225000133
03293627000176
01787890000196
08244183000100
92706357000701
08296323000186
16854389000172
47599980001045
16355380001865
10237531000156
11540609000170
09296295004157
29033472000122
11209712000131
23622251000103
20146244000194
13620831000108
11824986000130
07193929000123
12436446000142
19154953000132
84704410000618
34089367000145
04014442000148
61365284008270
14161348000175
13223552000100
00243296000171
05342872000151
33657677001047
13083531000137
04626907000111
36868974000139
03273994000108
02616736000114
13788298000198
78435989000153
95269114000148
06266107000162
34028316882874
39346861005635
10501101000108
28129260000261
23976432000138
61534186000153
12004574000117
07741201000199
14094266000155
07543047000140
05421881000138
10327947000246
13182380000174
30084164000105
04012786000118
12807510000154
11197835000108
06168569000147
76189406004709
93031706000100
03995515003344
32464462000156
17221685000107
06292864000100
09412076000107
79850640000140
08384811000145
04399596000103
09941977000188
41737420000132
02268330000198
09275808000156
09142174000163
91586834000186
07471330000104
71340459000344
09237525000110
01102999000142
08775941000109
92785146000108
30094114006492
79065181001328
14421482000168
10278001000156
00432870000130
10866985000196
06057223005050
39469424000135
15866300000125
12867576000210
07898711000174
08158007000148
06949667000111
15384854000196
18850040000198
89605133000103
02805642000193
02636146000153
77269215000307
03522419000100
25565698000113
00839649000109
00398022000151
37525771001508
05598411000144
12993483000151
11001274000111
23253957000145
13265041000151
08642782000174
09470258000126
05813461000105
06863057000362
00302448000160
24865966000150
93526226000101
09128405000184
14670236000140
05867264000160
19767677000188
17084859000129
14603095000142
00784925000170
11568065000154
07085590000222
02961644000171
28931032000120
01203826000110
12231884000174
02115216000128
11819103000102
78528999000133
04807131000136
09468805000139
08560440000105
20051401000188
17574281000199
00850685000165
01752633000119
08887087000172
07586717000106
07288120000185
02966977000193
14546394000192
77269405000154
10970271000123
04867200000105
02616556000132
09618616000103
23985625000155
05366236000321
21000237000142
07843084000174
04445016000169
64271844000150
17276511000133
00148894000161
10414026000130
00611829000120
08853828000102
94837572000254
01195772000199
40432544006269
14754714000108
57305096000113
04133313000250
15251825000156
01353276000116
10935261000157
19677513000160
01291148000195
01973014000154
04602269000794
13218642000103
04156479000100
48284186000184
23646870000219
07600996000115
13356687000144
07076190000170
09369805000181
07097641000155
11743203000194
05066211000140
03624010000196
22763502001855
00414860000171
06274309000156
07150130000150
15196751000100
63411623001572
21042015000354
15916738000170
24415761000172
78268430000186
06907171000185
01710983000112
01787495000294
12527812000179
04755438000130
40892614000140
50200385000109
93489243005851
12772210000187
03795316000105
87270690000187
18557429000220
48605687000115
00707842000188
22772482000130
02864261000347
05045747000180
17296856000159
09420750000197
03305825000102
14897416000169
22864899000123
14045410000163
02907918000144
13478481000197
03599227000193
68063536000190
19657951000166
09056769000791
30430237000173
12990798000145
11816336000143
04280305000155
35490119000174
07457982000194
75621672000113
10595220000169
22934512000168
08177607000153
07199681000108
19001184000132
10500194000148
04278450000100
19046775000126
02659868000123
07223184000106
10899578000185
02578414000128
16543010000103
13631353000131
07697742000167
05767359000102
01970339000183
05883342000110
06853713000184
10989363000155
04149637003382
17426228000140
03604835000149
17578414000103
18142789000180
