08796076000420
07416000000116
45112067000156
00648378000104
05756144000196
60344348000390
00570922000134
04298390000189
09217311000181
97533918000138
02533334000156
89848543034748
01652694000295
74536608000171
05032004000175
10204574000135
04541946000116
07940553000173
04641376005600
12477957000102
63914972000101
07052076000100
08771340000209
10881012000126
07854491000187
11059402000188
13699398000148
24592636000138
20564381000149
72171267000152
04085355000181
34028316366434
09345391000150
07898298000148
93209765032744
16527964000122
32658494000192
04045191000169
33627555000117
81264343000165
43235985000228
68639210000168
09152978000143
05518782000179
26947504000107
04193532000143
06886211000150
02111983000169
05122293000101
87481842000190
08948026000178
80671373000123
73552226000179
13051855000193
24290468000126
01928075004430
10533068000190
27898709000102
08012340000144
02756935000128
16699193000150
05109019000437
07272825000961
12092929000177
22866359000189
10932141000104
10843893000352
23069198000599
07175856000147
02613465000143
03200077000101
24300028000102
12851238000100
97536198000164
29843174000440
08397696000143
05497688000180
07787951000100
13403758000112
52431483000182
22138022000155
09429875000188
02817287000172
09334119000175
25337256000110
01891695000101
20649564000167
23629207000125
93830735000123
03617647000155
05312096000147
14012344000125
01700682000108
26166413000134
02442255000130
02760961000120
08706248000184
12008500000159
02678102000196
12294539000180
27487693000650
10684266000154
25406056000171
14395513001044
00615689000240
08379113000151
76987106000192
13450200000945
11452934000180
04691300000115
05041668000109
16955896000100
37582814000191
12303616000200
13154608000112
19462523000188
20838676000166
03043499000102
15743464000165
18064523000167
29564261000116
03187491000209
14839359000161
00063960000605
16726230000172
07304199000352
14084868000121
12852196000121
30017797000109
05367225000102
10464001000140
02671595000990
12980578000130
19215103000105
14902594000130
13092020000181
08495834000127
14193126000134
04672800000100
12094836000181
03462349000133
18286757001040
03216859000120
23523004000150
79616371000152
12133253000112
33014556061578
09434228000164
11123789000194
60872124001241
26775809000189
33014556015037
10683239000167
21135640000189
00202741000155
18888431000100
08980611000155
04461428000192
06323035000148
01004128000196
07570531000169
03143751000155
10416455000146
05774391000115
03893040000106
38481750000103
05401865000183
71921944000140
14979784000156
04662552000116
23180969000197
26111702000136
07023395000278
91370502000160
11286829000208
13280466000130
21296988000158
15765409000176
24073694008997
36398436000128
05156626000539
24798198000169
21596291000100
06696801000110
01124003000108
04847739000194
45708773000165
19743446000134
37547122000102
17827244000145
04070972000103
83892182000694
06289802000220
96741038000518
01569967000151
83940429000196
24803280000134
01633002000180
02984273000143
01912465000181
25914060000140
02647622000131
09218149000116
02777523000174
41996380000143
04698303000180
06082537000124
00494604000131
07179979000156
26933861000116
17273711000132
25603663000121
02758859000190
45912391000159
04082624002876
09558559000106
05295501000166
10962366000103
05155299000177
00070114000299
10191104000184
40160764000169
14359785000106
01534996000188
61190575000109
13349905000113
00691183000139
11455002000191
10381495000108
95114922000136
14981302000100
21560016000129
11169706000106
33041260137208
10773168000193
04391194000154
23401369000101
53991378000160
23102632000161
04867949000144
09060803000106
04779370000120
09575429000181
01273817000104
26023909000159
14381990000160
79430682001102
07677076000103
89693576000195
02490597000125
23969770000142
24198509000159
10759983000106
04715443000110
20216015000280
17230862000103
10190103000115
02606033000105
05340177000150
03478201000197
03428848000295
74015132000123
83875856000138
08708061000110
34796771000159
07580946000113
59463042000101
12930085000196
19661076000196
04244413000172
02938279000184
04797330000453
32748030000177
83198812000110
75147389000100
06030997000109
65102550000400
42282939000136
04516054000165
32913501000155
18207726000165
50746668000150
01268353000130
11117043000178
06068831000181
16853068000153
21636885000190
53928891000379
13395099000110
00419103000190
13739712000179
24023128000139
07553780000146
21492293000222
03187553000193
13626181000108
00813828000169
52209863000177
17519646000182
05268337000106
13977855000119
92169630000102
83892182000180
20329260000112
22129281000110
04859689000165
18697731000101
02183783001002
17507725000173
05686778000110
22590409000148
04582979000104
27873223000110
54863659000109
15508823000108
33295262000180
04641376008030
19273836000198
89848543059490
76342088000191
09533432000132
00744225000152
07846580000181
80842909000126
03512706000120
84479997000102
21225757000153
01520795000121
07897234000122
34028316500343
79846275000109
24545310000150
03995515006289
15418205002617
10254329000132
12905475000106
11040895000104
33082843000133
05238995000228
69577211000198
05018748000135
36227338000128
12039305000196
04660615000600
54381314000100
79430682027594
64937295000100
84326255000139
21984355000213
97542011000135
06211935000284
15368944000193
04970665000189
78984432000171
12258621000159
83646604000137
01569107000118
17489443000190
11152051000155
13426031000150
11228900000107
01675839000192
06964129000104
07124754000100
21263515000154
21012741000162
02124336000191
00975492000130
85020568000127
11664162000140
05571627000116
09073089000190
04578286000148
10668423000138
12389677000142
31369929000116
07564294000123
03600626000399
00562985000149
06778591000966
63560007000188
13649853000109
21479105000145
07451640000167
36812295000148
97400253000194
08278101000130
15079692000182
21473708000130
13650400000437
11345547000145
04808312000187
23700585000158
16781977000123
52887056000103
68534817000183
22365258000205
27306992000136
07148726000115
17234865000115
22850002000102
17490678000100
02113488000199
15738833000121
12846008000152
00819201006822
07222956000187
97527087000191
11810981000159
17504365000156
04895164000185
07761407000180
30481386000161
03163935000420
09405373000117
08660990000104
09363970000126
08687132000145
04323376000198
00360967000184
07415355000190
10695622000135
08793939000243
06626253004653
05057108000134
01138706000187
11913793000156
06119270000100
13052858000141
08940659000130
02390047000134
11106855000118
36765964000178
04059593000112
07170943009087
23182888000126
04389079000145
10578496000139
04822978000190
30617862000129
03177542000122
73378523000140
05808985000442
11117005000115
09245007000148
21102368000130
39384003000101
04163519000222
03145607000158
07312385000171
02713538000179
08130668000408
07043220000141
19632116003278
06307447000194
15566047000194
06221392000103
00988533000123
07056011000132
01319181000186
02686019000169
08350976000104
02223966000709
19730508000173
58512658000162
33430331000110
03418976000177
05915149000114
04719395000138
00415128000116
13657902000147
65235764000101
14887007000181
18960157000124
34028316020058
01558332000230
16904724000957
09633458000152
29112195000143
12237391000141
05471955000221
61412110076488
13714064000104
14234924000167
02169338000105
11373986000161
13312828000127
07317515000169
04020728000306
03722029000175
04056929000193
07402990000133
35283670000147
03572854000130
03548789000108
23870982000178
10313095000157
03016075000159
32780082000120
03555751000162
17695813000650
79379491000507
10121814000138
25874389000125
90295361000103
01209580000194
05787439000120
04789131000150
16154783000289
08304377000146
26811113000160
00376437000124
03365174000146
81624025000168
27622689000142
02066537000260
15722853000104
67444125000181
11685436000188
18392800000160
00282877000112
87024022000170
00729716000124
71507438000109
10559563000178
66358979000182
17926152000112
01120364002111
39934005000127
12278822000118
92909944000102
34028316793855
12032392000150
03017635000190
30100002000113
22270695000164
00481186000490
01846717000111
03270615000126
00991908000295
18677319000111
32194052000132
07976147022130
03672600000194
37491628000147
06887668001312
03044201000421
04974814000340
66336322000114
04019796000185
95770863000154
17536224000115
03140073000177
09238456000169
63528194000112
00372468000107
20539478000100
07614346000200
05511075000150
15782755000162
14569830000149
13011035000178
17809048000148
73847568000116
14131526000115
04119970001052
54110168000189
37323334000106
16515328000180
01549990000184
92665611036600
05343813000106
11183448000104
42552349000186
60717899000190
02672379000101
14115865000108
18089561000174
38957205000132
02352696000140
01311427000173
12424086000169
11242667000117
13232161000152
03088933000170
00806385000189
43283811010708
09501457000154
31918196000121
07618777000163
08958622000210
74112608000144
07576749000120
17784171000151
26887156000120
21567652000182
93209765029956
27934924000111
61585865115218
00515425000133
58183401001690
03554714000130
03691111000180
07555125000127
03586445000193
13880070000123
31004013001134
32737868000165
09215363000119
15598614000437
08274836000196
07302125001430
08357102000170
03678419000519
08589512000147
13492367000111
20783316000104
09474003000212
18100900000176
07589702000100
14743409000374
05559962000107
04141417000206
08628825000329
32885261000122
08905385000148
16888440000167
11691603000101
30106393000183
10258030000156
04041907000150
61585865086102
19474510000129
11430461000110
02975237000113
15580052000151
20696629000125
42262402000104
08333523000161
18591266000111
19516247000193
17316730000107
03858478000145
06057223029668
33438250019186
12419012000134
10992764000164
07107376000149
14490323000115
96460779000105
00353762000171
00638450000104
00612182000151
04899316038271
04899316012639
35123447000132
07332331000178
19021680000158
15112527000185
07019741000163
01429543000191
12347483000184
23990661000107
66381211000120
11632111000137
09010440000102
05416135000156
03035781000148
00569678000190
02127123000113
02228156000150
07205890000117
39327812001072
29246345000101
41711987000130
19412584000130
56323637000173
06066497000127
19363177000180
08935401000145
15614613000196
01438784003384
14437069000191
27802222000184
15426026000173
22438811000101
01364225000190
27521844000134
94229150000115
08181922000154
04010092000141
01296896000160
16233389004223
15495989000129
35120369000112
09292000000187
13549632000150
02066697000129
08008181000104
13047017000146
11114284009381
08435149000105
15653614000140
91575621000159
08783582000131
08743267000180
92665611014801
11289990000146
19689824000149
11855459000193
11773262000105
04481592000161
07274097000170
04899316017274
13552562000190
14676939000185
11727178000155
08219873000100
72875990000112
01319761000173
04443277000140
04740276000167
07362167000141
08235663000105
04949872000151
37193828000113
09209700000165
14067387000108
09506458000191
05981179000129
09505604000164
08510287000101
30961693000140
82499153000190
10281287000129
07638665000174
13586184000165
07854064000107
23112716000186
06369474000191
16681914000103
07699959000106
04610242000158
17457622000146
76430438000767
07377217000164
07061628000146
02553421000175
97142822000149
17740350000278
05797617000101
08512579000183
20788214000181
75207688000184
22471088000162
11545448000530
17319181000116
27326719001650
03978732000149
20792525000114
10427868000126
07917147000190
07472906000158
06116450000120
10841844000119
06959805000143
03744366000163
73535536000185
07754420000102
00139410000118
89897201001461
46101424001387
18948531000176
01525364000158
09666484000187
62019435000135
16987636000109
89862510000181
97297212000114
02344455000150
01384634000158
04587025000194
80018773000134
34028316199007
35057322000151
02366216000109
02182710000105
02868631000152
10950018000108
75534818000193
23017183000153
07012185000101
02798830000131
11839425000105
03439316003600
02273393000132
07157605000130
02743218003853
30699169000142
92076108000186
62830575000199
78322716000100
28911507000116
28516818000180
30732457000151
23250307000146
10986733000109
03424897000330
61585865032355
11176122000150
19290945000113
04510940000181
11018804000134
89890073000100
05643698000187
09337771000143
10758838000100
03482100000190
16562382000187
04975412000106
28598795000958
17903836000107
01580289001280
04014568000112
23253954000101
79086419000753
01065982000162
03903299000182
82890690000166
12449998000195
58890252001195
18987193000181
18334057000192
05704982000116
10404901000100
06082365000199
09301116000135
20335148000194
06222976000195
03255891000115
10344218000117
36906006000170
00709602000112
05202864000100
31317718000300
07324257000148
08716469000133
24624785000131
07889290000115
04434762000157
09477652002130
03984947000172
13342753000470
09648624000194
17601558000125
04950295000118
23722356000134
24850645000181
07503157000189
90294794000136
81876518000195
11404428000116
00355670000120
01536085000190
29419230000171
23714903000130
01704290000117
14416300000160
05885022000108
61412110061294
21576749000151
27661736000167
18775148000163
05689667000167
09020402000122
86860970000182
04419910000164
14516259000102
11667263000175
16633764000154
13135781000173
07050530000193
05651483000108
02400294000174
03169621000191
92942564001133
03938818000148
20067574000194
04747528000180
02765561000107
24612463000172
01294500000146
74084344000162
19332374000132
01113742000196
16776849000191
07967781000137
04287068000154
07272825000880
15742540000118
93428746000181
54547880000140
04012071000165
24198037000134
04472774000176
14270312000200
03147551000170
00915926000107
18135966000100
94568607001007
09528532000170
14819455000148
88212113016367
05536593000129
13707245000103
07704915000127
83873935000100
02756655000624
04804486000171
15621807000119
12606334000192
45937083000188
11176390000171
11187054000124
33779216000156
00349117000185
93307312000719
07544441000101
10825008000221
23859521000102
03418618000164
08757134000163
26382852000184
06637089000188
22452611000103
79065181002308
81323800000145
22906085000104
00166253000130
04821345000167
09358617000158
14520319000152
05165582000180
13238814000100
06066927000100
01226555000119
11082398000179
24623166000122
08801046000111
18374375000187
09439591000172
08070439000100
05272577000176
52896842000258
02186002000142
00513300000174
10329541000111
00072166000113
14094159000127
95378261000156
04561420000106
42591651131833
21144235000127
02107366000190
55675748000186
10553662000142
05842787000152
05679770000126
27488733000173
15495750000159
04789906000198
17488035000114
04320250000160
04567949000129
83240333003211
73554891000100
31772247000230
02588056000134
07914019000192
03785884000125
01814070000146
39346861039378
07969233000146
64783079000238
17011467000130
07558412000190
64238629000157
00132011000125
27912611000162
94558004000133
16616906000175
58242645000110
03121899000199
86473543000141
23076873000183
03921226000113
08853308000191
08862647000134
07339090000199
49898828000106
22193926000183
01249059000180
05262022000143
06002322000156
20102592000160
11691415000175
19330942000166
08460200000139
11897353000152
02957933000105
97403547000170
64151129000183
21586311000154
08296495000150
09393623000146
89048383000181
69612257000109
16824662000116
13362300000162
04665425000170
17384774000166
03880277002198
06351269000107
79420873000103
01527862000130
07718633006462
19052236000108
16173569000199
02716315000165
25904624000164
01659510000138
02634433000124
01438784001411
76047000000109
13238348000163
47508411247550
15134983000126
74696584000118
07530100000179
08991079000171
23626430000119
01953530000117
03372418000118
07977961000108
03894528000140
10405869000170
61585865075836
27018428000118
00643291000136
15537908000106
00819201010501
00641848000108
01171994000171
05943380000111
18486625000170
01211661000129
08021583000149
13569665000162
01421033000178
04394264000128
94353729000195
05004115000178
12565092000136
70306279000111
05458890000101
33045360000169
41608373000127
09336201000139
11504286000169
22940085000120
11631188000192
00442819000109
05537602000104
07911143000102
30802193000165
11300757000117
11076465000142
70072186000170
05548882000148
02678772000102
19731562000133
69945491000301
19396191000180
16630861000193
09185837000127
17745613000908
20096070000100
41924747000113
03969683000188
04842391000142
76553213000102
96418264031280
03257133000136
29805459000144
03995265000165
07563274000138
03118680000130
02728049000190
21554713000177
14386063000132
64311731000130
46136925000670
07786215000129
07435703000191
35099779000129
04688893000160
35838960000100
18234915000399
02012862000755
04263898000141
01183848000166
18161062000140
08064704000130
15378154000199
08219844000130
02558157053363
23498121000100
13171537000166
24673170000103
74639451000100
09414534000139
12983325000110
23957598000107
11632228000110
21683607000193
15573662000128
80512080000101
94880226000178
37350733000166
01753378000129
59817502000152
08801001000147
13287304000204
04253737000177
08094157000135
09245569000272
11459515000170
07144507000168
07870937000167
47508411170078
05032788000131
26404731025423
00798642000188
14119908000123
03898333000178
17414761000192
13540094000133
13308951000174
22262851000145
10906448000122
40853905000129
00697829000195
16514013000119
03489161000189
15622464000107
01059541000158
02618563001579
00057741000109
04499478000169
71077861000116
07215662000128
13377498000158
17331187000109
11801401000167
07516961000100
10935009000148
26919416000100
09319083000150
15280902000600
18596892000109
03235897000120
15552692000158
80847361000107
37210226000127
05380169000138
16518185000160
41183757000145
17022919000189
04171987000168
06239541000153
00857448000126
61585865025065
11086268000104
04292169000113
00914114000147
16490702000130
10577339000109
15116639000104
08655527000166
17580585000169
17290982000104
14776057000353
29303274000131
49351505000190
12082279000189
00844335000196
10676233000162
07222519000163
01235774000164
04659542000121
03284813000149
06916157000148
09044736000136
34028316630557
02818353000129
20628152012157
20917109000103
07096359000153
17471383000189
23430880000131
81233652000178
01684654000144
09075500000167
84866342001746
17064469000197
17305017000150
41426636000187
17432917000168
05135602000170
04137320000149
10544704000189
09609981000143
11074026000109
04524416000402
02631149000102
10684044000131
05341325000151
04078987000118
10206869000140
07923392000100
04215434000160
11479097000183
05835916012000
05791527000103
04583393000164
03754036000159
62142773000160
24494891000148
21213306000104
15062633000100
12260781000132
00587476000170
13554672000190
04484576000203
12098995000154
12049918000295
17072404000274
81109993000136
04433973000175
31909960000100
08058025000158
35555564000175
10980119000121
03996678000164
10344090000191
03086408000116
02760727000283
19624112000141
11260863000114
00357481000278
00001388000145
28763118000867
09371399000191
18281684000102
04788393000109
96418264024151
11260360000149
10879956000169
23987431000199
14605922000137
10526519000323
18236322000108
20544033000100
03845717000394
02847111000163
13864994000136
23692282000130
47696711001188
08881035000199
03317361000154
08662607000149
01803846000475
09001047000144
33177957000167
07265140000130
64553605000192
08629283000147
75664573000119
17953463000170
09167851000106
06243491000269
05959411000203
19969634000185
26023259000141
01137217000100
15557198000186
71221865000126
43283811008991
07382746000156
00023143000119
19642240000118
11250424000120
14265908000131
07606538000193
11217000000164
03682620000146
35483791000132
04065336000193
28732813000195
00387214000162
13931620000196
94513124000114
84311711000177
34749515000100
03675467000120
07202674000118
01519037000193
11500864000199
10676352000115
01553201000189
01757307000102
72985971000149
15543183000169
04088742000171
01103243000118
10885071000172
03526672000123
20250628000152
11150328000100
81295982000198
12356100001882
06022597000151
21703482000116
80778889000171
51493732000100
41988718000115
38028841000180
09383056000147
10467480000159
18184751000170
90537770000160
15070714000143
76283779000161
14698500000153
23475184000141
11899633000108
12385046000236
53249017000810
15300444000110
06626253016406
08855290000167
91161901000110
02325719000128
04103871000191
07200913000109
15549720000188
03872008000136
13800269000102
07626981000126
02673298000126
00510631000150
73265589000123
05252699000109
00788202000140
00577065000366
00063960001091
95412821000141
33014556023722
05236122000103
08892406000138
02622830000186
04944547000104
05469227000102
11119597000104
15289023000135
05669382000164
11978371000240
22670034000126
04314770000160
06266287000182
26766543000108
07462185000103
06057223003359
05743774000126
05420711000139
03468092000399
29815735000155
87305868000773
05885003000173
01954224000103
08866575000101
92665611008747
23527407000177
17286967000184
09649600000150
04396527000138
23147416000132
25631433000176
07232421000197
41623893000290
11120677000180
20949353000140
06846059000181
01312355000189
04351252000388
17117427000177
08266016000152
01614752000105
13063071000185
26133694000129
30351948000152
08408420000113
06626253040102
13791433000154
08074895000110
17717228000108
14479778000130
13807416000168
03996820000173
35429745000236
17983038000124
24358127000145
33496548000123
93652030000163
01744957000105
92696905000166
36356921000139
03012561000107
61149506000828
14609359000175
68317072000109
30414652000133
07473735012600
13121373000162
03900171000165
04127192000152
10513998000343
09020284000152
11737821000121
01562541000176
17959241000165
61100202000108
10895313000109
11993419000299
01369210000114
17176595000303
14010684000117
33414723000196
02108411000120
15572159000158
00282331000161
04358835000179
13214549000120
14607260000134
08195414000478
93209765018911
37204740000150
07715269000284
10254133000148
10243782000143
10655392000180
05205463001002
20829854000192
07390691000126
91445114000109
03482293000189
04355807000106
08194727000169
01052284000122
02185233000131
00189808000169
10765778000145
09278739000134
46962593000178
04899316005934
08388636000326
10933621000181
92584655000172
71821839003154
00346659000102
07158810000110
04769422000268
04703849000182
82142373000161
85123149000110
38068847000180
87270690000268
00247915000104
97005581001087
10393696000117
10471751000140
12542460000120
01723139000126
14325852000163
20365363000138
18559756000130
10280765001077
08044734000184
07672726000110
06235137000101
33429911000198
08529948000140
14686627000152
02093357000197
13203647000162
18932072000132
12274451000104
01897308000144
09539444000174
04050565000134
19062620000183
06626253009450
07269201001100
00392115000179
00471578000207
08214409000112
12620881000122
04774714000108
10636962000195
12125791000750
13631117000115
70098470000972
18747385000110
03738178000122
61159182000132
47508411157721
05943139000192
01039457000172
68740935000148
13055522000132
81164691000160
02863766000125
00590019000135
07798554000125
12036027000113
44865137000184
05316392000116
00635446000192
72337389000176
22466843000110
01195462000174
03884903000170
40235608000110
07072014000160
22858893000143
13481309039560
86434305000127
33014556015541
18390722000165
17020744000170
28840001000163
07094974000120
13538412000121
28500627000120
33767716000410
01932476000123
09210217000109
84641331000524
02968427000103
06170520000129
03570680000177
20176376000169
18198503000189
37089133000196
67587303000123
11813674000121
12340581000190
40455925000141
04015526000104
03813354000143
10725248000173
00695021000179
02018842000104
17460143000189
36535714000141
03879930000317
20058088000100
11274696000160
17955634000109
00312123000168
17276724000165
26418798000180
10939797000140
17436367000155
92548361000195
17092064000162
11295483000115
05197323000130
14299405000187
50902642000154
02835414000670
55486393000187
12492973000174
80221013000553
06063510000194
11916834000168
11892086000120
18245005000140
18109212000177
10448904000138
10797237000441
04853294000155
34938571000274
79804563000192
09260657000162
24121662000188
04520449000131
07848124000251
07778379000104
00167287000149
06626253048863
04420464000370
08718871000157
37525326000142
53963443000810
81332439000113
01139829000132
06193823000167
14416249000197
19559563000142
10565269000179
18360199000124
02991952000220
10541549000228
00685617000198
16924402000112
13635461000182
83240333002754
02400387000107
61234985006811
38029534000113
10592778000190
15358516000503
13491308000129
08898438000140
09490090000200
01833693000166
40173593000102
28473587000175
11926381000150
12765463000123
27473669001471
05462562000170
96410493000107
25328362000137
22947083000163
19525302000101
06250844000177
11828096000105
10455201000137
13834916000199
09307931000101
83904136000153
00650050000114
07873246000117
20838713000136
09145669000146
19314449000152
03175059000109
00041327004018
72090939000103
04361115000162
04548034000176
02062017000107
15666962000232
08739223000187
03476811040536
10973568000142
07801304000105
01763167000177
27314819000180
04491148000127
92976851000192
22119305000150
06626253073205
16598385000170
02352051000108
13552826000105
94804994000142
15131290000180
03339975000137
09629512000196
04834173000166
05129360000101
91481432000117
00794655000189
07257767000140
03160763000198
94623485000113
15057879000185
10372701000105
09626159000190
04925603000155
00948163000109
37877537000144
85281921000122
41198466000120
04008821000125
08027710000117
04017233000158
05891181000107
05664591000115
73909400000430
01055545000168
00610350001907
17261661004837
04842563000188
04617659000142
73629537000199
07744962000102
07872683000116
01083790000189
02553465000103
41984543000178
71647630000109
07767093000123
26112394000163
76521103000169
06229149000123
03216741000100
05682268000174
06014833000198
17613236000104
00194032000175
15334890000145
35353465000100
08973672000195
30048959000168
33014556056655
37977691000783
07985900000699
06223916000197
02444742000131
59894659000181
16459893000178
02173434000119
11106665000109
07589887000144
04666447000155
84583145000152
20644946000106
05203000000102
61365284013869
07225893000112
14150029000326
25364217000101
16416609000186
08629769000185
10450778000156
45007937000399
21775122000120
29890176000148
05140945000122
01536085000432
09586706000151
33014556113551
17602981000140
08975531000101
03662445000125
11549807000102
14165804000155
09183116000188
18905533000188
10550006000196
07172820000100
01432670001200
47508411009021
