33014556058941
22358928000185
08377785000128
78161031000111
47508411181940
60951936000120
14562135000155
17261661009120
05508816000144
10482687000100
07646699000100
04507613000170
20248913000139
13383720000125
04115200000140
12765662000212
29430584000117
08039908000110
21920643000123
13381043000106
23923990000135
20092164000101
13009172000178
05874504000154
21182696000194
10228674000606
05318826000117
26704245000193
08930405000130
05983192002756
34438853000474
82055567000120
66145137000142
03266093000199
72292683000109
64286420000240
05919033000153
03722755000350
41523093000116
17409190000106
00846646000194
73824732000170
04979342000156
14172164000100
47220694000136
08336002000168
05943693000170
12087733000194
17016606000118
10436594000301
11255997000147
02673851000120
47427653012636
69703320000104
20974947000100
47400114000192
85021392000128
04475796000190
23031040000104
34028316434456
12046768000185
12158248000164
04374075000193
07421174000177
21121501000104
41005190000460
02805700000189
16758373000166
10484469000105
68501865000175
04607975000133
02520670000164
26623500000173
08673133000130
34028316125402
13774413000175
04029304000213
08551087000105
07432755000104
06113363000110
60537263085994
74215799000170
03699210000299
07366153000104
29051570000192
03972001000196
00306597002221
07295634000168
05348427000107
02060218000167
05258224000111
36530103000100
10303084000196
83240333002088
00904462000133
05256325000153
06311319000114
28577161000161
33200056019834
01529532000183
22442715000137
03840986000520
14993629000194
09363297000124
76746395000138
19500508000187
11649481000187
19412730000128
66315565000176
13506912000181
10399022000120
00797914000206
11335913000185
02804090000107
09442422000515
20892347000101
04473760000177
22302721000199
04902581000108
25533483000110
07785366000162
04487093000181
16483463000191
42225938010708
31861115001338
01438784006308
08257841000190
03713175000134
07937171000190
18060525000188
03473611000145
24764706000198
01917259000164
79065181002561
30741961000118
07145916000340
22070825000115
15225709000162
01200416000116
97373260000144
00418282000141
04900812000144
03128654000193
10280765006540
01535467000603
22463999000148
03014625000109
06374087000143
31263577000543
03189740000106
04534890000172
07455045000108
08546773000180
00517766000148
25193253000150
21316001000110
40902009000102
05025625000121
04994250000145
10760198000165
07698654000180
18306547000185
91292987000382
03046977000138
69980043000187
04953008000123
04980460000184
22688303000181
00128711000146
05416133000167
12659018000189
89237911007153
09415901000119
79115358001191
40351538000165
02457490000185
93531366000178
04206987000156
21384959000148
90219346000178
34258046000127
05287391000190
07669691000160
39508023000732
83849109000125
10540410000189
14175105000196
02885666000108
07294133000167
72338593000101
03042649000163
05368599000134
02314041002040
20681984000120
17256512008281
05878398000187
07575651006270
08335372000180
05846041000117
04418883000105
33963208000165
08337796000184
02837091000140
04138390000111
02245170000161
22900518000114
05830937000108
12252884000150
11130675000171
11501115000186
09001879001132
08836891000122
05054671002798
05576847000132
61585865113274
00084440000174
16796359000157
10473963000166
10958867000108
05621475000119
94675469000174
78976925000160
09102109000104
06123135000201
03083231000528
16941941000160
18055186000141
33203605000139
07818069000176
08738175000102
04344554000167
02558157011440
24425578000158
03850676000162
17747053000173
02794607000116
04850978000101
07102218000104
07965809001250
15007899000141
11635161000178
27067909000628
17284472000116
03275799000117
34153734000122
22757587000110
21711122000166
24439031000101
40511529000518
05476451000113
02675877000108
00266418000145
02714656000282
10845116000185
00851374000382
12474496000114
00512663000608
03546544000222
16459893000259
03535430000287
10858762000187
00098401000126
03198739000229
22701067000196
19123214000183
19765896000128
11200368000110
04718498000183
14090381000151
52784535000102
15124897000132
16493045000185
03140725000173
07497061000155
09401528000147
23705594000131
20365597000185
07949554000189
93209765038432
11075051000107
10912709000117
09376938000185
00962851000115
92664028008983
03097420000207
83488882000618
16600774000193
18487379000171
02006527000159
09487571000177
04935807000177
11781974000176
03125981000191
31965478000180
22924476000151
10729668000128
25019936000195
05881752000122
06864066000106
03578535000132
14020099000106
65959942000147
16624611002607
03466761000121
02855123000130
03772122000194
01928075001767
09005003000192
09339653000174
37108719000150
14555860000104
33456401000100
16822687000180
06097789000127
01899455000153
14252926000189
22787483000159
19540723000101
09660651000182
52397544000132
76493287000109
26255957000172
09607534000155
04150605000209
09164791000240
57032427000431
05513245000136
74020017000147
03983802000157
22041085000199
10984271000182
01924817000119
16416944000265
35500289000273
37224714000193
27323849000152
20154795000108
12121329000190
03791171000255
14308602000115
26641947000175
28806487000113
08437352000110
71322150005714
01271514000144
08819378000123
19430438000138
24523276000201
14778266000174
02415528000157
79953113000161
33014556070305
70098470000468
21003970000200
78905353000128
91719708000152
00584318000167
37369105000122
19508079000194
11486914000120
05961960000131
17670077000171
41003278001171
13622860000109
11114284003260
11178887000200
18999351000113
07032840000185
19295109000121
08165548000101
07805436000105
02238399000179
80242324000175
36500858000162
05054004000338
06095592000159
24413855000102
03959942000190
33014556022165
07531962000116
19339068000390
00323326000150
09439116000104
92651512000136
01967687000100
04502317000187
04722390000164
08602636000115
10721486000100
03446651000106
20166835000123
62058680000151
05943248000452
10279986000134
17002895000104
05318772000190
10280765004335
03854997000135
08706183000177
12365760000181
13145804000120
22133011000182
05930442000150
09189063000102
64553472000154
07456930000101
01384180000115
19163877000121
05667987000116
04709285000195
00233262000104
08437509000108
10273817000197
89982268000260
23966118000174
14872149000175
11189443000199
17488515000185
16832936000119
03873947000103
29937246000176
00089746000113
21004569000367
00447329000103
04138024000162
61123543000190
81714040000105
22877377000166
03035781000229
07976473000178
06324338000185
83754234003509
09411188000135
07462886000215
05870934000106
07319158000178
08621346000119
89639751000166
01689056000168
77172161000600
11256205000230
04807220000182
02904506000150
12816531000136
05454390000193
04261492000120
09571961000120
18277777000163
28876793000126
03801665000192
01434609000212
20997562000169
26500469000183
05459373000149
10932450000176
00205134000149
03246490000360
04034294000123
10662549000103
20085041000135
02952689000775
00109850000122
07334179000162
04182229000145
02983939000149
05426835000121
08071676000188
61412110022639
13256834000104
91155267001690
09188495000107
08617033000197
10901570000106
29786598000178
33014556027809
02524236000152
05318447002766
80206535000152
00890562000158
01033306000107
12846313000144
05677376000159
01256702000101
80122823000200
05767634000198
20619950000106
08441081000258
63778286000150
05441101000111
10715419000183
01021491000110
17207460000198
05248955000186
37173598000120
17607269000133
09666445000180
06158063000157
11048223000145
10476736000194
04621325000142
03824146000140
41550112003380
04899316037704
10219665000144
73666612000191
84750983000173
09382946000134
08726954000198
03010562000104
17541277000205
03189859000693
14547374000136
00782166000107
13787251000100
01016647000174
40566085000194
88467899000106
17094610000102
28460955000140
08432745000131
49139322000105
95114922000217
03633310000131
47508411247984
42454546000162
23496359000792
14906215000180
22145155000159
92713114000105
03645674000131
03078956000102
22776598000148
06213878000191
00502587000137
07175431000138
09413687000161
08962558000160
03777341000247
19715502000127
15203666000114
08542262000190
10909753000330
24932446000112
79414033000219
67685487000164
03025011000114
83817858006101
29563121000123
83542381000168
04002600000140
14368715000106
09001879002538
93953503000162
29397938000179
10717377000110
15590753000171
32917932000190
00176377000287
00369047000127
10541609000121
04879453000190
26622450000100
03118747000137
26805283000132
03726370000107
04873947000168
33041260001489
40756777000103
06859452000290
02558109000255
19806099000141
17684810000107
12150887000183
24618445000106
20098608000299
50870658000122
27179753004400
23429752000178
10387183000101
03610434000100
07976147012177
05218647000108
02884163000100
59639765000119
02472038000273
04852457000185
63502561000109
93646081000182
04622119000157
07535885000172
70224720000116
04969769000173
37170032000145
05411215000119
32267292000462
11992345000195
79379491009482
11194660000177
12807629000127
03731451000197
04370647000166
03243668000158
00232128000180
15988490000153
15143240000112
04159076000115
92190685000102
04767519000150
15509222000101
11255600000117
34922195000149
11949156000130
00623904000173
07318217000193
16640717000138
88632328000171
05045260000105
01008713005395
13344946000117
72067424000184
00399495000173
24658825000166
42102830000170
89553564000165
80969116000172
02176111000189
08612368000112
96735022000683
38069811000111
23377887000137
18197678000171
03418764000190
40467805000164
04944405000139
11917929000104
08787411000180
13128062000125
40605115000558
06064328000158
76688266000130
06285973000109
07435089000168
10335749000143
84463918000167
01412502000192
79114450017564
75264960000168
20235495000145
12061974000164
02623675000112
01484925000118
79379491002127
11704019000135
53105565000108
07159648000154
33130543002479
01498331000166
13964115000148
43114693000156
02444442000152
04167039000159
08633155000177
06299485000142
07273808000191
33014556031318
78373990000109
23310824000163
02401967000100
03540321000177
16796134000109
26536680000156
04601903000189
08587873000154
17274952000368
08473602000178
07459778000102
09024618000166
34927582000259
04250869000145
20196328000132
04284424000267
04677859000190
02667718000161
02654993000140
16704562000156
04208341000108
65381089000129
01610517000750
39827407000122
00811058000115
14941892000130
73767923000147
02824596000170
17517201000163
04779820000184
40346157000198
79656419000156
10963566002973
06003083000159
55418149000187
60297884000110
13647572000109
21946529000172
06305119000159
60219615000135
14065912000156
19404894000103
05853803000102
16919003000163
01154111000115
00153181000196
03334628000111
17757380000106
10378048000191
12882978000103
20015143000184
28792315000138
05054671003417
03498669000143
11458631000175
10849946000180
65874588000158
37503133000190
82288952000117
33156639000110
15419561000105
07456914000100
16690859000100
00162288000281
85306728000107
21394780000171
88132550000105
80210404000149
96418264020598
11335938000189
04398704000115
10320990000107
37482635000182
12759002000148
05971433000108
17036406000127
13383472000112
06877501000137
07124666000109
17359365000290
21995320000107
39508023000813
44786598000161
20011183000158
14698986000120
17453549000134
18898090000145
13713936000101
17354830000110
08489640000119
09103993000100
28587277000181
19632116000171
24310695000176
02321932000161
07984683000108
10925948000101
02596390000130
03577184000145
18769177000112
31716970000111
28217242000150
10488293000151
33438250024341
11141893000101
00684365000182
11939622000104
00727672000101
01260188000170
05243509000189
35534197000123
03983300000550
25123182000119
14773164000166
02234943000708
04364586000124
57229932000128
41014440000185
01734384000139
08027136000105
83646984001939
15535077000133
93209765031268
07851747000100
12308381000150
36966687000161
14308254000186
02515066000140
02558157039107
02648576000195
10853327000160
26739307000100
01257334000108
06316906000104
03139369000178
01937635003017
76430438003863
27940276000106
10284095000176
11646997000178
06626253008217
09245510000101
11316704000194
08328976000108
00118738000158
11907709000272
08209208000127
18786364000104
03732160000202
23331524000160
77716249000203
01585140000131
04695497000160
02414593000168
13509456000123
88458047000144
72578131000161
14359086000158
01418827000263
07457768000138
45242914022095
71883219000124
89113336000174
16573261000130
94931268000271
08912555000111
11136420000116
05012166000141
15186479000250
04611227000124
14288436000132
11402073000126
00612412000182
01127320000170
35591395000129
06182165000108
05993577000165
13501187000582
33438250009628
33014556030699
03062748000379
15561618000106
12421651000134
27419142000144
10111292000193
14528978000135
14998978000107
00755510000179
58953787000196
29283182000137
67945071001029
08411115000180
07766427000730
16233389001550
37521382000109
07792435001137
28840957000165
03995515000671
00714505000118
06651156000119
01765514000109
08706266000166
05770640000102
85346724000144
87217592000186
17756856000194
01050029000906
00717494000120
06181752000182
08658257000147
02779631000186
20876145000168
32501678000144
36279180000210
27833615002280
14748868000189
05538377000112
04787393000186
04149637002815
94779295000190
17304095000210
22069520001670
04170382000152
09043438000121
16715231000111
13588807000139
23755473000102
35780188000112
05229674000186
22923510000173
01191751000103
15081932000264
01148558000181
92665611001149
12593746000135
22932819000120
08003847000131
24326783000166
18551507000107
89982268003286
11353290000173
32297228000181
03479374000120
01040887000376
00020606000199
00602864000183
44824035000110
04876728000132
53349908000171
05800256002655
01116647000146
04434614000132
05289078000191
04463853000110
09266104000206
19195068000100
05819479000963
08008566000171
22636485000147
00936371000180
05909532000160
43283811004147
26777276000506
04052012000110
00750455000124
11512503000162
95627196000155
18921751000106
27838044000141
04669238000165
05015383000195
06111275000189
07907202000160
14842447005424
01759367000156
00242330000193
08725775000136
27376578000101
08195327000259
04520844000114
13586582000181
00440239000182
09103160000130
01182834000128
13081303000128
17244527000164
33701459000171
02000017000174
15389901000194
02287505000104
17088571000122
11372084001859
18498431000195
33038357000118
14745078000140
00315813000170
02007379000197
13695310000110
10572045000194
17087101000144
08183288000199
13839884000114
11448994000120
33014556052072
53181624000119
03513247000108
00212872000113
04363260000182
21339965002046
15148413000195
04028528000120
04867872000102
20359836000194
61091906000315
07483654000677
03281086000166
34028316669500
11023420000100
10992306000125
19768752000125
28868323000110
02265867000102
27832393000156
00000000005150
13750505000115
24653316000140
84308337000150
09012158000156
20412651000104
00095160000161
09645638000154
16705449000195
00450014000107
06331643000102
18712694000155
08727087000105
01941583000118
16633318000140
28789584000226
33168717000104
18546933001205
93827392000148
10666377000138
29244142000186
17357005000179
33014556083628
17557476000120
07695007001943
03408444000159
60353836000100
05323145000147
92375583000153
10547992000125
05320591000106
07996274000121
06177966000185
04142235000179
26032270000178
09344201000180
07834320000196
03733595003521
03671459000105
07455878000160
10600446000100
04278685000193
01667797000148
04276532000107
84467307000863
03840986006307
07600717000113
58969817000152
04728934000103
65231078000162
05471137000148
28086429000162
05996145000299
92470129000181
11707255000105
13733004000120
26917743000114
03482177000160
12993211000151
09027155000196
18116469000156
95808192000173
16839852000107
05669349000134
01248404000242
01820301000124
00121811000493
00000802004431
02709527000115
28886752000110
12475902000163
07183451000150
32296378002971
06766850000181
21970164000111
06031734000114
14268574000150
82909383000180
07011113000131
00819201002754
79379491003018
45931284000178
11191716000130
07928901000197
20807824000185
12867526000152
26125544000173
09405641000109
03330861000126
00410121000101
13184131000118
09272945000137
22227352000117
09352017000182
05700103000188
69570356000167
36835924000155
03797684000192
06556143000160
00006281000190
23701584000128
23663297000170
18441570000182
10584254000158
15449398000115
02585791000194
00073558000105
05360613000153
59246223000186
06144035000180
00960761000195
17314329004621
04858785000270
07851526000124
05564101000109
43283811015181
25231090000152
00595801000147
15624478000160
02993133000131
13620765000176
01649554000187
10761923000110
34047506000178
06650345000177
24981383000194
10796358000126
10216151000135
77927473000163
18036984000126
13751343000130
82968322000193
08346552000168
03207130000198
12349491000160
39346861028848
07619818000136
09357196000140
04538850000107
14509584000130
03633372000143
05451785000132
09466697000165
05677013000113
15875875000104
19784033000106
11114284004312
04373282000123
31012747000193
33337452000112
20550172000146
24621187000109
03348196000106
06539710000170
09663596000184
06303894000175
01672167000242
34028316076606
23458672000140
03074216000190
13850516000339
71900674000190
16383343000112
08194514000137
27566259000150
05869845000131
09499145000153
02935938000129
30880112000145
11793902000149
17063725000121
81808743000194
08603129000104
05159973003107
03965457000129
42440941000196
46529434000184
07996451000170
28377585000182
41718685000193
05113602000179
61585865105921
09163260000152
03240802000167
05016605000194
28673292000142
61234985013354
02176478000100
07786623000180
01390442000316
78783842000154
37130481000160
04883291000164
08195327000178
09389792000455
93457497000152
26881461000104
17848827000152
89237911015687
07081793000160
67945071000138
04117815000106
09098636000192
10703580000307
14088919000193
89470462002049
17489551000244
12231728000103
21998044000122
11134862000123
89231708001139
04253827000168
05658434000105
63863476000257
06061963000181
18093859000158
02004008000151
09103905000161
04080646000691
04673074000140
17557895000162
73916025000103
18082643000197
08968255000154
03476811044523
07226033000101
04598286000290
14404885000107
11879911000157
89507370000123
04305582000175
24528477000102
18753025000121
02766383000139
07799579000143
13191277000190
05598294000119
07840310000163
01365512000114
07409898000103
07865673000153
04789664000132
04626902000199
05205435000196
13709071000100
12261115000119
61099008003086
09221531000189
12725296000197
10369598000144
07505785000101
04620686000174
95170668000193
00746771000122
10660906000196
01499414000170
18252090000173
12781233000239
24012452000402
32570704000196
02202599000171
08251819000133
10225120000140
02773509000100
06960007000131
11177121000120
04679910000101
55330229001158
35656610000122
04090134000100
22835961000159
02327654000150
14673887000193
16877544000176
26790106000120
04121108000193
00298293000135
03087284000193
07170981000164
10212250000149
37009388000100
03429807000132
39174248000104
15685918000199
08750045000195
10761168000173
11936451000151
11308928000154
89589725000170
02602108000180
14421928000154
07525062000166
05413825000232
04249989000122
12933200000186
33014556099389
13205653000159
23501254000199
03996275000115
21898122000117
10671231000180
26829352000148
16370011000101
13536581000122
06047767000152
17519349000137
05598516000101
06241409000186
00536466000106
16196842000109
03513582000106
26590802000192
12682960000168
11713670000252
22301972000230
08172676000417
12691765000102
06057223028505
40912719000113
08907084000153
94606068000162
77867729000194
58443771000303
46750089000104
15018834000100
34633231000154
11098851000135
04899316025960
08240080000164
01066625000208
04614926000128
02558157028687
22773372000193
20482476000113
14847450000129
07121977000106
10743625000105
08986258000110
10583217000125
30310570000149
17072071000100
00779721005968
02635412000123
83511808000160
00772522000101
07244970000181
91209585000100
42591651053182
06054038000123
92665611004407
02262884000188
13371669000131
08238974000110
88613179000101
00828366000153
11289016000182
05333782000102
20694873000582
22652648000185
75210187000157
04567505000193
21911839000151
85269835000102
08623413000215
09514526000164
39346861027795
09334220000126
04307362000180
02698309000122
06950500000170
04333377000385
09060964005320
13534383000120
03025429000121
75796706000100
05812641000164
08170461000114
10570872000149
13056033000103
12354841000186
04724715000229
20012521000176
02021680000155
18002555000138
21553464000103
77015931000198
74155052000416
06161336000112
70098470000115
07068963000176
16637340000168
84477215001917
04598370000123
10751491000166
10806938000157
10543224000101
08974527000129
08921251000110
10460987000180
04775321000119
78588431001007
05749673000405
02333957000185
09521678000194
43283811013642
33945841000120
06992962000150
13971159000103
03254761000249
89848543066518
20223475000154
61365284007206
06692875000188
02130343000287
71028609000117
10711740000190
13355640000166
13199799000139
12090263000118
84683481019358
08472686000125
08902487000100
09234431000197
02003396000156
11219012000128
08661241000193
97542322000102
03222813000114
04194821000167
06017320000130
05659972000106
23875559000160
07467515000145
33564881000122
35627413000509
03843165000113
13618438000180
19390572000152
16782313000189
13569064002284
00239711000113
04537818000107
09100586000130
11260930000109
92956408000150
02456370000163
02648024000187
03290136000171
11623188002437
00529869000128
73447294000178
10780363000140
17256512007714
05492088000472
83336750000166
15195645000102
02721270000117
97463327000131
05562991000110
47508411116880
37615663000120
11387395000143
08061397000133
04509250000102
79860649000132
14938804000140
17665306000160
04342148000165
10302706000161
11356900000192
02475795000110
86753217000198
02524863000193
63462030000130
06025298000170
26760026000121
21308903000104
73560740000156
05220607000109
03074395000165
08610626000121
07503617000411
02570744000177
80364805000153
07864221000157
14238508000137
01545828013095
20288239000116
10717869000105
11871114000123
09039647000100
12388342000100
05658423000117
04301931000180
08039411000100
78611548000165
07076188000109
12528193000137
13390837000136
25401251000109
04403140000161
84311802000102
06053117000110
95816963003513
08976221000101
13256531000191
12524415000143
20070132000105
03714366000110
39418041000138
14203079000162
91292987001273
22618681000199
08858387000123
55299440000345
10536776000184
04248586000240
18766861000140
10382562000109
21387460000194
61585865024760
33084526000741
02149138000182
02646268000120
71138333000120
10254028000109
18274659000100
94796687000167
00795191000125
33401993000162
48517205000175
30294773000199
15784435000141
68494020000108
18405280000183
11256868000173
10514207000138
14032053000107
13291750000101
24730555000157
25132383000182
19951891000190
15103070000576
46440228000101
04522801000178
65308835000159
08724106000140
02654827000144
34738724000159
18328118004368
85156271000193
10247663000169
32367617000136
45987005022590
24660953000225
04413249000180
08804138000155
12306991000114
17516102000167
03828754000122
01916284000123
07753377000160
08377511006170
20510524000130
04733847000136
13869436000163
08352641000117
43283811005704
05093000000105
12045499000132
01378662000162
03950513000151
33581737000102
10990987000192
16436744000193
04735968000117
23759260000140
01564759000160
14073092000659
05658776000117
05006565000108
04502974000124
17294763000195
77883130000144
12302469000164
22995745000170
02763552000187
75671313000170
08664204000139
11642651000100
28877834000107
45109691000528
20984100000107
13416495000186
09455620000190
02045910000116
11888429000183
84057447000197
11399283000102
10705243000189
03307030000133
60373800000180
02310031000174
08695076000190
03544956000142
10143597000187
72760317000137
33041260143518
01909424000136
01304858000102
08563944000260
13268200000171
35067339000190
22621509000194
01016052000119
02848912000143
21196775000154
03694811000128
10781375000190
97139612000100
34575563000120
06077850001308
12979690000151
04295418000124
07083712000322
14943709000135
08169979000138
18549955000168
04217942000268
04240539000179
07907902000155
07248785000165
02950187000110
11313165000130
17189307000185
61585865182756
22019882000170
18785019000156
02471448000461
02412470000198
11963159000128
88212113021360
22405236000140
97422620000908
41705211000298
10209617000175
10620620000187
07592748000170
27582774000124
00571055000151
32931412000131
05788937000197
10243350000132
07096694000151
07586988000161
39639752000132
16970398000129
24594160000174
92797158000152
74442484000165
04832293000124
19197083000189
83304832000129
02439316000100
14214528000178
86791787000172
06285999000300
15153478000129
08833201000181
05631621000197
27946490000170
12715145000158
53277042000130
01061380000137
11687885000165
41282831000261
03948877000105
92607571000107
20587066000137
11486854000227
15016319000182
03633695000137
10512824000102
02701259000195
10480542000162
00708092000169
00024042000162
19527785000183
02451239000103
26271187000151
82553926000179
04782457000156
11614349000130
01204227000111
79890877000155
05300751000147
02617867000116
11575352000191
82461310000178
33600792000194
07049976000360
04745177000178
06789209000162
30881424000173
08294573000187
05205784000108
04274096000137
36315166000144
12572487000166
07777086000102
00021475000164
30094114007979
60143617000198
01865623000190
08294170000138
04126210000181
45468428000100
01370646000123
07140417000107
87020756000180
72244304000105
00502754000573
01706426000128
03703446000170
08840376000116
05637623000193
27863414000109
07526575000191
12458125000149
15369957000187
14576022000109
08297710000722
12143921000192
26506708000102
07530825000167
27598742000117
02053922000192
01715325000113
05914358000143
09593770000674
08962595000178
11061573000141
12597043000185
17014954000156
08856321000609
12002571000144
11286322000165
85013282000114
15548061000165
10206873000109
06136230000169
05481800000195
08287028000163
64057847000195
24507641000103
08018771000118
18359536000163
05268518000124
09558144000132
33430984000108
16624611016225
11916199000119
04517439000147
13868376000164
05303687000158
23273196000193
06062738000160
04618529000124
10213890000688
63749030000115
14145401000144
29450745000134
07317284000193
48447627000111
72602618000132
20307439000179
44916138000100
08716567000170
00370940000253
