11850295000101
02389008000117
01618146000753
21080441000110
11597470000109
14599542000137
28122107000121
18697130000190
01185979000182
00466179000177
14688716000138
01859734000193
01897786000154
06637002000172
13039621000120
02906922000279
64212517000127
76756113000183
22218661000120
00693952000138
08736567000132
24045471000184
20081903000151
07454337000118
07784265000177
12026230000109
40793895000183
31448350000491
07248512000110
11438977000101
15801884000150
03835592000150
12263187000103
05236178000150
04019727000252
00514390000118
03995515004901
01631699000150
08408688000155
01359765000185
16792905000181
12270234000138
01175152000198
16813076000176
08603129001330
07599896000116
09197126000172
89628606000180
11089910000109
15020287000199
34028316785593
20370739000100
18548239000166
17152998000142
17773612000110
15309611000193
05392348000195
05996349000149
40228405000104
04699639000168
34742536000102
03516442000183
13117851000160
03462359000179
03863024000162
01849296000182
03517181000116
07253888000113
11466926000193
02034653000117
00804856000110
07896543000188
20820890000195
20700658000113
07541298000196
13777154000136
15820984000124
71244370000112
03280903000161
06057223028009
03701024000166
07816107000151
17256512003212
26414275000165
18155424000190
07473735012511
08921482000124
01070614000102
24634027000102
00100374001746
09078442000125
16685897000174
18028941000107
35029040000140
78148962000180
16908772000166
05854206000100
09570716000107
01087122000120
61252144000120
18051996000634
41201161000120
11052697000241
05863659000195
04112864000156
11362219000157
09133044000164
07022584000145
15167470000111
05433478000129
16890288000157
32928897000104
03852419000160
02734666000107
19880365000186
08320382000142
01464181000170
04798954000142
07976147000675
82485137000229
13359498000125
10692923000105
00305155000136
27098262000197
07667551000152
55055305000192
21333974000400
23805104000179
04954641000136
22156129000398
19277649000182
03106307000160
54616339000146
13374902000130
12706695000100
07294636000132
00664113000191
13004510003013
43368281000142
03978115000305
10569958000151
09622941000131
09016414000183
36915940000158
28691566000126
25048061000150
16010431005561
18829096000160
08313941000197
18709580000156
04390483000139
02902514000168
21875683000109
17762634000427
06126670000135
12402324000135
23779556000123
00557319000112
03396288000153
78419777000182
54167481000153
07440954000164
09911158000198
03407691000564
01544920000133
08359273000139
61020699000146
22334296000381
01261400000113
03361216000170
22723753000168
16147381000176
08711127000120
01224466000133
06927988000204
12039154000338
79134474000186
11750490000160
03714235000133
08299888000117
21849489000140
02524863000274
00290174000136
06095440000156
01765712000164
92096668000100
03343037000100
04713017000147
34438853000202
04066420000121
09461647000438
08544321000169
12632090000112
11971146000109
23360605000512
73996134000188
26849562000106
41234212000110
03017971000132
03790019000177
10428903000121
04281957000104
15312559000124
05097575000198
03691542000146
08904422000101
03207363000190
02916185000104
11409682000107
10188494000133
15844442000191
11554898000166
68112606000152
08946146000136
08396963000249
01699909000142
01567136000140
31047946000137
07519387000136
15340445000198
13243018000166
02821219000187
11394885000177
14584879000170
24743356000183
08207543000196
13334830000105
03582362000126
04065360000203
33092032000113
09423532000106
63786933000176
09072158000222
04163766001462
36902971000174
05846047000194
31074552000178
29875515000117
17797204000106
57631491000196
76823913000250
08456220000136
01578320000196
84994557000185
48277537000120
09065741000125
24454886000292
13000337000140
04352848000130
08774021000176
39411210000108
06089976000169
07561621000193
03983360001706
14700372000135
26038760000181
50776236000192
13718205000159
02566746000192
00854590000110
34624379001528
71322150003002
07101767000156
11650981000139
12039117000168
09368281000104
13506601000112
02538109000102
04236298000194
01070171000150
12860265000149
00352484000219
03259497000155
08762436000120
75400218001708
11481286000190
26082512000138
35216985000171
44482206000170
73033607000141
09449738000105
00370102000107
11554021000175
08109814000170
19525053000154
04702019000130
31572944000167
05114859000145
07220333000175
11577018000177
34028316329407
04561380000194
34028316074816
10557901000132
08386549000178
06983687000109
02682832000160
11164017000362
03284846000199
08449651000175
09164855000122
09464851000160
28195787000103
00755990000178
13471925000162
93209765003132
22332443000112
12076167000115
39358478000123
05194815000172
01409297000106
65359788000172
83157032000122
13775317000141
05142406000122
12150738000114
35236389000153
27947127000179
07085074000117
28790235000143
13090783000193
10541485000184
29467830000105
83872580000215
02478486000101
92733559000300
09203283000143
30035841000103
00537189000156
21228829000116
00295269000142
05088704000181
53045266000206
07853679000100
02315335000124
05344913000149
01887122000619
03554033000171
11345426000101
61585865046810
05771888000180
65387052000108
05409261000183
03663527000194
06178961000177
01799279000188
08308833000126
04028799000185
32177644000146
08238530000265
09109297000100
27796667000280
01426777000185
00475596000186
97548313000110
21601698000170
14804552000167
04985865000105
06074246000194
26998504000136
01167963000147
05805524000173
21539368000100
14082904000118
39894159000132
02566063000135
13347696000179
33081670000139
14436705000160
32864795000172
07382623000115
41623893000109
20937080000113
02899541000129
10988767000124
01384909000153
07494281000125
09327580000109
07334684000107
10767380000148
37000148000136
04298660000151
04339569000137
00459427000152
03002339009686
21633465000150
04850576000107
10352451000141
01706277000105
89375349000111
06144673000100
05449054000152
31561426000148
07357978000154
09407997000173
05054671000744
05788944000199
76430438007346
05159598000180
13795986000185
94477833000191
47536420000150
95425369002368
07628271000135
00650895000100
04133974000102
19868205000111
12711967000160
08316126000181
08348570000189
07672625000149
14333327000190
73598948000164
73586935000175
03626094000105
83488882001690
04508808000135
17142262000274
06144385000147
43283811014029
12365054000210
01435460000105
01400770000194
02606331000103
13272852000341
08925162000142
88979018000128
32985244000167
02232161000136
06900907000193
01570822000170
12929022000110
16977098000171
32336794000317
17700763000148
04769422000187
08987698000192
05645514000118
11433482000190
47508411151103
11991494000130
11576486000127
97387815000107
34624379002338
15987068000183
03069522000138
22357687000150
28187193000150
07089024000108
11672662000124
02054870000179
49732175007608
24000163000132
23706245000720
13188216000174
32195507000134
02656787000170
19887664000142
24104456000160
03877021000188
11583332000162
09536268000117
48658462000127
29568439000105
04514604000107
07554169000647
07136576000120
03568105000130
03098003000106
56679863000787
50561828000197
07275036000127
04377887000192
02774749000111
04972092004209
97266456000130
02340825000423
07262988000106
01460103000105
33458308000134
11979289000159
11207729000150
07378461000141
36831022000140
14605967000101
08038545001413
27597533000159
05442740000100
13445150000150
45147550000176
23029483000152
11102415000192
09333281000179
12281541000114
03375396000735
16893204000139
24527939000177
76492420000102
23263916000130
04435246000490
77127223000149
14058897000119
14387281000191
25550591000100
11845532000146
10679567000190
38146544000210
15674464000150
27279876000175
08992176000189
10329967000175
21906117000109
09246413000125
69413334000193
02372603000140
79379491009059
24495818000190
05051425000143
24355063000129
17818884000199
62296751000154
31756869000194
20088576000160
10633991000101
09634383000124
03815732000128
07751593000410
01378099000122
01329973000131
08434008000178
09338434000170
41377227000138
26949984000145
00471578000126
01202032000132
02499405000222
35485903000194
20605710000152
08371406000192
11712083000168
05588487000199
01950995000114
21875861000193
00294414000170
16619381000121
04415928016353
17440553000168
02240956000196
18195395000190
15314704000106
17960013000105
13334786000125
07296745000199
02834171000141
11408270000152
03841325000195
18292928000152
84332329000140
05235028000121
05032966000124
21014220001035
17283904000174
33634866000103
18797465000180
08779651000133
71284681000105
91314443000102
07015625000176
03899959000107
02632104000144
45543915010063
16782927000160
14870692000133
66037813000164
09688034000195
00629989000105
44909208000101
13967065000152
02712098000135
18940397000167
07466293000146
11743466000101
14353170000164
00265064000114
00589066000401
03331439000195
04729121000120
62545579001369
02196327000106
35414358000145
07315989000171
04022033000274
11457340000596
10847123000116
10772260000139
06060483000104
45219789000104
03073941000143
12187509000174
80963598000153
03444848000106
19367994000107
02931871000154
17513831000160
33041260038056
11840691000239
24572015000192
39234224000101
90171224000159
07204992000118
05794062000136
06140940000162
11435085000157
03515090000141
79969143000166
03286690000185
07808610000165
11216781000172
24197533000173
14378506000143
08991877000101
04550406000522
11504542000118
06229378000148
14334074000179
03593512000105
19490367000169
10415642000105
12144262000109
47960950071657
13287882000160
39403100000102
43283811015343
09010348000134
30131783000103
52771516000133
07568423000151
26714378000140
04098375000197
23648736000257
10545416000149
27179753003854
05735322000100
10222534000116
09482333000179
16728734000121
08534659000130
02093168000386
13033097000180
78912375000115
01702750000178
79444717000182
59200618000148
30293526000178
28851954000127
05832689000134
26245068000124
19140107000163
05233877000146
43283811016749
22149540000174
11090407000173
77143402000170
03855950000196
01742461000100
37375342000104
80544885000390
13004510009640
07272825000538
26801191000184
14179852000100
04283725000195
01183645001060
29640900000185
10874140000142
30509097000123
15588335000220
03295520000167
92660406001867
25654708000197
12372660000182
36315232000186
02535628000117
32856932000127
03463541000144
15393010000101
03728780000189
15739214000151
07033034000121
03278998000189
28269826000170
07328970000321
00243183000176
12288377000177
08724026000194
33014556018303
04411258000131
04512045000104
00869471000130
00916348000123
31331247000114
01777725000153
03764058006130
17191908000122
06035530000151
19896874000105
20491731000194
06189503000133
32126054000194
08211560000105
17474914000197
10421458000178
12218724000195
11576292000121
00063960003620
09261355000109
00981788000164
80432883000148
04488356000177
27179753000839
00572138000165
04878280000196
41200882000116
01817027000134
07234453002175
22086644000187
10395660000172
41440959000125
03752344000307
12664596000103
09327493000143
01335838000107
20159740000182
08984332000160
20602133000145
04102435000106
16639218000120
04082624000822
25358182000106
72592090000168
05157191000113
01429308000110
08081896000192
14933239000129
03437440000107
80654148000189
11165625000120
06244770000166
16716376000137
33449281000113
13249803000126
12888215000170
15265754000140
04801302000110
02293896000170
25271628000667
11330417000139
07844010000152
05700041000104
27518588000126
12479972000190
02103877000133
07170943004360
03297757000187
10671186000164
14357703000186
09662752000192
00502754000140
08594268000100
08058697000163
21262771000127
28525600000605
02623537000486
05611282000187
13178013000105
86481223000133
14489568000122
00563474000141
22654170000122
65381329000195
97537618000127
04297150000160
84477215001674
07883942000104
15224270000153
13567015000188
01283600000843
04150237000100
02200582000185
07392644000111
76087964001233
02564733000184
06335739000130
11965515000908
42308023000108
11114284006285
09112679000185
13315486000107
13075716000108
75103804000115
23452345000181
08733380000185
10841469000107
11328892000170
12869566000133
15100049000193
24443484000101
09067965000176
00911117000127
09470357000108
24796008000174
33041260043726
09060964011649
61585865153900
08053973000109
09296295009388
10491040000137
08547432000803
07253351000153
01928075009237
35297449000148
05857977000143
09005718000145
03895503000160
26921866000129
22590920000140
58684374000153
28390961000179
03702661000157
05076808000176
76635689000192
80003122000170
03837417000100
06999534000150
00127817000125
10344473000160
90819061000178
12230157000192
04941903000128
14294247000172
09623634000175
09248145000180
63503007003161
13662641000153
00219246000159
18707030000106
03317975000217
02337524002737
02834899000173
05285654000122
71322150003185
01450431000112
02714643000122
17893701000108
12438047000110
73927857000559
72986284000148
39346861032799
04238951000588
09316319000103
19099038000191
03317817000186
10641848000153
03285432000184
40302994000115
11378243000184
08824171001380
15875104000117
03257932000102
01047775000185
15820681000101
04678670000112
42826131000172
05498427000185
10778343000135
05001590000190
82100223000195
05069671000122
04122154000107
05390657000398
05545290000172
40606402000159
93810919000555
05054671000906
09015186000208
12867222000276
05894764000191
09174792000195
04025343000161
26874173000122
04593158000173
09421022000108
07267290000183
02428518000156
88153119001621
79571618000161
04597542000144
02377962000190
14255638000188
00385041000143
24934419000189
61069373001347
05898316000166
14577106000167
01178937000114
10230480000130
02841728000171
95214722000155
11406111000119
13492166000114
03246807000105
03805236000193
33376823000175
16823925000172
03376279000109
38008405000653
61435871000122
01500212000109
08293182000148
20012234000166
13259962000101
07219464000132
00991027000193
71068654000103
20629355000402
63004030006470
15701920000104
00293747000185
25257617000118
24363368000182
13682386000100
08396979000170
07042070000151
09100011000118
04344950000194
05913895000179
57910655000114
45457165000125
96666136000104
06941209000136
21053207000102
07630596000233
09072520001318
14063322000194
11024504000168
79379491003956
05298295000148
04327828000100
10733128000118
01369919000110
01973518000174
73696361000198
68743038000600
04427821000160
03529655000140
70161377000108
11659893000106
16233389004495
17112549000170
09444717000105
02227512000110
02558157016590
71385637001082
02649563000130
10275892000197
18961410000164
04518689000100
04216175000191
19222552000172
49914641000736
05776069000125
53042305000122
34028316237626
00462288000116
11314637000179
22834858000194
04308831000186
11581004000127
42464099000122
09102430000199
02422421000136
06978687000110
58075623000103
01183714000145
07853174000146
61158895000181
02343926000105
07191500000105
61585865122508
27326719000416
13323508000172
07428770000189
08424467000170
22518534000147
82623489000112
96686191000166
60457025000140
08393808000198
05014631000183
18930023000160
03886899000180
11864136000166
57959371000112
00073761000335
81626327000760
12470481000188
02004802000103
12556518000195
10143309000194
02903308000172
81513111000101
07161014000136
07356156000159
03590418001085
18609389000132
61585865055649
67964429000170
11011143000204
08832070000118
84511260000111
02918523000147
11456035000156
71526966000105
18606129000103
04355599000137
09534895000119
08188442000115
15191653000172
02944362000166
07232381000183
90077736000150
03043712000186
27156612000124
11315068000186
09253745000137
12844510000124
13206113000351
01634488000171
27103308000119
17431972000133
11169063000788
11013776000162
01670576000129
26970699000106
10497619000107
00699393000173
07908917000138
31780992001201
16580950000172
02994728000101
33457045000149
13787101000104
39417282000162
15304494000175
01984633000144
03429895000172
05249600000101
12032098000148
03806562000115
78588431000450
04966517000190
16966843000187
03880097000162
28277143000164
13547738000115
20082729000161
98102924014587
08034044000144
00722728000127
77044618000188
11590791000173
28799821000159
04066972000130
40387540000194
38028460000281
04811171000151
15417481000102
00200944000102
05341529000192
16651197000169
08473214000197
07909803000102
04955810000152
08383052000104
02222659000207
21387460000437
17510261000154
65220949000142
22634455000100
00765936000103
14802445000108
04756050000154
11388492000150
08268137000133
32651101000119
07548741000150
01722179000153
12124984000100
06024682000159
12462837000131
92647023000615
03267631000160
23972154000140
33611070000135
28496453000170
04529045000109
01340453000120
34031062000182
00733530000149
05693583000105
08954196000165
01147392000189
10023661000196
07575651006009
50703230000195
78467990000160
71680193000117
01614052000110
03843841000159
01264555000103
78425808000299
68529494000130
21254958000421
07488236000168
14064566000191
05378494000166
84552892000123
65288326000101
10371248000112
73211393000156
15471879000127
15682964000134
92733559000149
12073833000161
13540992000272
07634013000161
15008777000170
10838570000109
03797978000114
87359568000181
08969361000152
12635825000161
82479213000102
05462682000178
08602469000102
04447124000170
04305323000144
08861723000197
87976080000101
08624219000173
13808525000108
03174318000187
41294125000159
19236603000115
44392348000147
14196822000102
27031525000140
05642902000145
09022729000133
03812175000191
74397100000130
04600890000123
16233389002603
01304114000198
13537010000102
84866342000502
23704197000145
11764037000102
06626253076212
01512201000130
24029480000181
24782922000166
09652450000133
01613248000190
12244761000178
00099283000170
09179057000174
02322969000104
00791673000107
23644656000142
91358788000168
95595898000102
01334177000197
74031790000109
53152849000147
11027288000104
82707399000100
11653068000196
81516049000101
08714410000106
19126955000118
94460052000941
03868777000160
07851862003605
01085343000169
01029145000188
17596924000103
01483272000152
01458655000170
25567140000339
17252743000151
03600773000105
10689931000100
17610403000155
07803552000187
13842580000106
18265352000134
16233389006609
94947173000165
00866577001667
10979593000133
37063328003000
10548424000149
83729681000150
01676080000162
04149637001681
65198434000193
03608919000231
27490451000100
09611677000130
24292922000188
01560665000201
10993559000113
03472794000184
13928094000105
20705846000134
15423360000173
43283811020185
22014532000110
06150799000189
07694838000171
45363173000102
12993894000147
03118068000168
02535925000162
01756603000180
07690546000160
26350415000189
26914325000173
07133358000131
05143437000106
27984806000118
15306007000103
62697396000125
28927862000183
12216507000166
15174306000131
04565230000744
15470058000176
74127259000134
12767712000110
93441863000185
04025365000121
04150617000144
70065800000176
13877238000141
05982619000162
02507118000136
34028316390653
01552504001230
08220930000162
01435652000111
08464965000147
94346459000195
07946927000168
04892268000136
01843659000172
08707746000141
44125185000136
05525737000141
16701964000105
07467293000403
08861872000156
01610517000670
41550112001256
00270120000109
17151580000544
13051067000105
14959979000215
11963572000192
01324904000135
19129950000149
69615623000175
21671946000150
02367575000172
07505403000131
01710779000100
47960950047357
38941498000160
12969642000182
04381449000106
96368493000196
02350573000170
27066273000195
21227634000151
06495634000300
79282794000183
08214213000390
05330478000101
06082419000116
02409008000565
02199143000108
02834171000222
21391742000165
13771765000177
08984703000103
76189406002099
05138736000144
96854179000113
03222765000326
30547285000146
05916949000150
08658594000134
08469732000137
12694478000229
00803542000100
07024313000129
01420364000193
18073583000146
10616603000176
33467044000185
76430438008318
09172221000111
16410227000145
05677534000170
68287473000155
05074931000158
08473063000177
16813892000180
07867406000204
05125573000165
47960950090287
04139372000235
78116670001641
13867209000107
17320206000100
22159710000100
64349293000108
10462457000171
13581381000191
03051461000181
24147790000109
03351994000189
16456190000196
07668547000109
12025386000175
12487466000142
26339234000151
75274423000107
02891747000102
11464804000168
79166989000168
86384245000185
17343762000193
07512655000279
37208238000117
02100679000116
27353144000188
04002835000131
17304635000932
12806213000194
21321435000108
16878543000146
07221472000385
20399802000123
06913480001210
13007345000119
09608119000116
22664506000138
06018927000135
32797714000169
00547886000198
17770131000150
17285907000147
05084674000135
37369998000106
02213010000130
18701900000121
15569643000470
81051849000196
04379195000183
49605181000179
24185892000100
07019332000167
05118440000161
19869751000177
96841580000119
03244212000102
15089258000264
92190404000375
04351759000170
06839369000179
08544341000482
06350715000150
10788353000151
05267341000141
06347409004314
03734985000258
11001491000101
77402857000162
01457395000119
04599772000142
10427369000139
03845717002338
06698580000119
07220750000118
03481641000284
06626253051732
10825037000102
09332801000129
14812632000164
17252103000141
11164380000116
00892394000130
07240641004230
01160745000180
01435837000126
15492613000160
19597455000164
10670773000481
05806471000105
24931024000122
03476811071920
32806382000131
05057975000170
42188136000117
05137228000141
10543511000103
01867858000110
09110365000143
03840986002140
03217733000170
00699317000168
10735623000166
03278451000183
15084126000169
13102033000194
88165667000195
30465667000120
04017783000177
04556068000293
08808411000110
35275817000157
05389207000113
91918722000185
07358914000178
23068984000571
10363688000128
04742287000186
14621521000170
00859229000186
13863824000137
07616688000188
07025401000145
15553717000138
05487048000190
13109262000130
31261131000156
08527137000100
04312853000110
15284296000197
57590440000163
00318243000172
09556239000117
08458087000157
04622266000127
02982584000173
08366498000112
13152186000146
12941292000146
05933097000109
05481735000106
11005603000100
21476055000142
08400916000140
14461349000135
77968980000307
11939627000129
06151463000130
03837406000111
21601806000105
70184262000139
64552896000102
93209765030709
21334103000168
22806422000191
34263632000160
07557441000138
24213573000161
86811429000184
03734985000177
17416420000156
00827795000106
07387141000158
11616920000155
33136110000134
04199376000128
05852402000138
10694039000100
02269669000109
21339965001589
06107519000150
11029057000130
63543581000128
13258576000286
03028950000112
48409098000161
83730390000182
47674429000390
14101045000167
20009396000145
07602682000151
05065196000116
19350180002880
00707536000141
11613828000131
28178906000110
22073604000109
01107413000132
23153943002365
01276256002132
07718505000135
04705581000118
72328107000174
15513194000104
11623188001112
14017922000116
16477291000143
20446021000142
61585865087176
04719284000121
10324034000195
89263347000130
06150984000173
82822032000137
13886143000194
04125281000160
02892193000168
11732928000187
20324860000198
00997222000120
77603900000158
24896425002809
38018396000177
13444833000193
10374484000192
33014556064674
12556985000115
84821172000116
08297710000218
10545706000192
05329135000119
87345369000114
09323379000145
10992406000151
82314386000170
13063171000101
05700783000130
42569665000160
17718660000105
04145557000171
80531601000160
10756403000119
03526560000172
78824224000105
18502251000130
22257867000160
42874032000166
23960242000122
20405537000149
29930492000104
35303528000114
39800339001937
73632762000184
93168417000149
05581391000107
11001092000140
12344748000190
02242661000159
09473933000685
28896506000140
00001891000362
42552943000177
68728963000140
09296295004580
05421932000121
34778803000274
04169547000176
07489478000176
07350670000187
08305515000101
04114672000189
34028316689012
10863225000125
74391905000176
08737947000191
05983192002918
00987292000106
10987914000141
11155316000179
14751314000130
68748474000150
23377609000180
39346861025407
04411619000140
03060025000250
13232515000169
11339507000190
04145589000177
20908911000129
08826475000143
00466653000160
11009077000149
05863640000220
03957366000141
43654615000144
07058371000173
10866319000158
15239313000174
31305113000129
26171645001403
00589733000103
04876952000124
19437043000167
00425820000125
01430103000154
07680076000154
26070184000150
92665611031641
09546404000150
30220735000191
06800902000199
07566994000157
11249948000100
04547791000125
04745390000180
05815683000159
17469701006108
07078866000164
12091011000103
11236898000118
17388255000176
63263669000196
08632870000195
45543915014565
15319206000156
07117301000149
07099049000192
05800256000440
09173285000137
09457781000112
03337290000151
03247747000218
06049856000138
08806882000199
05895334000194
03526875000110
21306894000112
18820684000133
15913301000183
03279968000197
01688201000196
14372853000169
06982277000143
10884520000168
08346075000130
03830645000301
11169063001326
07332437000171
37191236000162
74586124000137
09220014000195
85073732000164
15173412000109
47427653000891
04066498000146
19517142000159
07346349000129
05040222000151
16577821000125
22300487000160
25618174000143
02916519000140
24022088000100
02314041001745
18704586000130
09590967000145
06696907000113
72629793000113
14724667000141
00649884000100
13980745000106
02271528000120
00942557000141
05301878000180
39707963000165
05013598000177
06104142000185
61585865205985
04649960000138
34391953000140
07520569000208
15347668000187
07721824000108
79460218000189
05652173000108
15540468000146
24520160000120
65272585000144
15813793000135
00398551000155
89314025000173
13358520000112
08039282000142
13693539000115
08848627000109
04633931000188
80844640000117
97422620003419
08333275000159
20383664000194
18160566000146
02071707000114
15074383000110
05410900000120
41665522000432
29085594000162
14564160000178
69890572000190
03107627000304
00548431000197
01026274000112
07228166000109
26417706000147
04593024000152
23806232000137
08456043000198
90612474000187
75911511000164
04116617000209
07405761000172
03959717000153
02577006000151
05070976000235
41312935000190
17062984000219
09261218000174
04249988000188
18713538000109
61585865110410
09267050000104
94296175007497
04758436000103
41289885000178
01862042000285
63786925000120
04516469000139
34355487000147
33014556001672
04112000000134
67593863000190
00722249000100
10851253000122
04379540000189
10257026000173
04347124000107
12344552000104
